217.53482 7930.2046
434.7827 5697.17
651.7931 3896.5557
868.60455 3087.4563
1085.2378 3750.7007
1301.685 3308.2637
1518.0603 3601.2837
1734.4198 3506.2737
1950.8112 3409.6523
2167.2717 3194.0613
2383.8174 2917.9685
2600.4885 3122.878
2817.3252 3296.2876
3034.3567 3140.0903
3251.599 3118.8699
3469.0706 3467.0867
3686.8203 3577.99
3904.8503 3439.724
4123.193 3539.5173
4341.8696 4001.2324
4560.907 4417.274
4780.2993 4582.9966
5000.0825 4936.358
5220.2446 4843.8804
5440.7935 4992.4404
5661.7407 5060.0444
5883.074 5186.98
6104.796 5304.5474
6326.9326 5412.6973
6549.469 5319.146
6772.407 5418.388
6995.7524 5638.521
7000.7007 5648.2695
7005.6587 5624.059
7010.927 6019.3237
7016.0264 5841.1313
7021.269 5857.355
7026.5923 6199.721
7032.14 5760.832
7037.3706 5783.007
7042.8145 6007.152
7048.6753 6169.0444
7054.02 6051.7217
7059.634 5335.7935
7065.1147 5482.726
7070.948 5945.22
7076.217 4899.1846
7081.7734 5546.1206
7087.5176 5911.535
7093.127 5623.262
7098.3516 5778.893
7104.1123 5577.3184
7109.863 5813.1787
7115.6523 5371.709
7120.953 5248.089
7126.699 4452.7646
7132.3213 4750.033
7137.9526 5135.89
7143.61 5873.009
7148.9375 4357.44
7154.343 4959.913
7159.6226 5231.5864
7165.8306 5158.17
7171.2305 5072.227
7176.246 5375.069
7181.818 4506.6484
7187.908 5043.3965
7192.7075 4215.6655
7198.4624 5399.2354
7203.5503 4194.48
7209.33 4719.2925
7215.0464 4879.546
7220.4097 5705.41
7225.438 4954.305
7231.1177 4887.97
7236.787 5993.309
7242.1797 4596.5225
7247.424 4431.0815
7253.036 4508.734
7258.4585 5085.156
7263.412 4708.861
7269.267 3980.7168
7274.2817 4826.618
7279.67 4486.91
7284.598 4361.0645
7289.658 4881.4077
7294.9863 4605.314
7301.0615 4680.636
7306.1826 5039.5615
7311.2993 5020.3027
7316.471 5133.961
7321.982 5201.613
7327.592 4972.25
7333.1626 4910.9946
7338.1445 3705.1265
7343.1543 3494.0698
7348.655 4299.287
7354.432 4258.7266
7360.177 4529.0
7364.789 3847.4705
7371.176 5092.1084
7376.248 5438.812
7381.377 4451.87
7387.3657 4796.961
7393.026 5092.931
7398.581 5871.491
7404.083 4069.2437
7409.72 4408.617
7415.1255 4363.3193
7420.589 4532.7915
7425.916 4870.149
7432.021 4914.894
7437.6084 4496.488
7442.9424 4097.299
7448.037 4440.207
7454.5063 5251.2544
7459.717 4484.835
7465.2393 4290.3643
7470.6143 4815.468
7476.632 4872.38
7481.312 3784.416
7487.0107 4694.42
7492.893 4576.717
7497.955 3661.232
7503.534 4766.456
7509.1494 4726.7573
7513.988 4796.492
7519.4023 4429.6597
7524.611 4139.4707
7529.9624 4167.644
7535.943 4523.6855
7541.459 5134.4185
7546.3525 4233.629
7551.826 3516.6484
7556.454 5230.5117
7562.675 4573.7524
7567.3 4139.839
7572.531 4305.8013
7578.1914 4156.8813
7583.537 4453.9
7588.6616 4939.602
7593.904 4797.5796
7598.98 5164.147
7604.53 5311.2256
7609.4707 6050.707
7614.7783 3036.0325
7620.6484 4633.099
7625.715 4747.957
7630.9414 5659.3916
7636.4326 6214.1255
7642.0713 4803.9365
7646.9575 3463.3572
7652.7925 6238.6943
7658.94 4438.287
7663.994 4231.5776
7670.4727 4773.821
7675.323 5214.009
7681.29 6143.567
7686.6675 5491.5806
7693.1953 6460.382
7698.654 5336.7656
7704.472 4973.9297
7710.386 4416.511
7716.6113 3995.3503
7721.921 4570.35
7727.5117 4764.9883
7733.296 4688.122
7738.909 5118.939
7744.7476 6709.926
7750.6255 4904.1646
7756.5654 4922.082
7762.167 4370.952
7768.1123 4864.416
7773.2456 4076.455
7779.2427 5846.371
7785.2373 5774.2114
7791.0903 5483.771
7796.558 4725.7153
7802.3467 4127.7754
7807.7017 4989.243
7812.843 4937.827
7818.378 4552.602
7752.5366 5895.2812
7757.609 5371.1777
7763.2446 4990.466
7696.601 5682.946
7846.567 5116.269
7706.2705 4923.407
7858.45 5481.0693
7572.233 4825.142
7868.7227 4418.6514
7727.9155 4548.494
7513.631 5383.4473
7592.4297 4015.1357
7523.756 4203.664
7602.15 4020.9287
7754.261 4330.39
7833.1855 7241.1665
7912.3896 4548.1587
7770.2134 3436.7764
7775.1533 4097.5366
7632.8774 3574.7273
7564.7344 4173.7295
7642.9565 3630.975
7648.1904 4399.8145
7652.7896 3485.8054
7583.4883 4444.6177
7736.957 3686.8896
7594.075 4590.931
7375.82 3905.6907
7603.3203 4047.3853
7682.5195 4734.9946
7761.1987 5651.948
7692.2686 4020.811
7622.5806 3738.1782
7626.9346 5341.167
7483.474 3843.15
7710.9985 3630.5645
7641.2876 3174.7568
7646.039 4975.2705
7799.895 3698.2532
7506.197 3607.392
7734.8584 3791.4387
7514.986 4134.5396
7370.3765 3097.0662
7599.087 3926.2764
7453.868 3229.641
7232.9907 3172.3784
7462.3184 3810.444
7241.924 3919.3872
7546.2905 3613.9158
7699.487 2632.3362
7554.388 4565.497
7408.8 3870.8894
7413.096 3845.564
7417.056 3907.9727
7496.5986 4279.81
7575.844 3061.5164
7504.484 4726.6206
7734.881 3490.1875
7664.383 4640.606
7593.467 3552.2007
7597.7397 3129.5977
7526.2812 4311.9814
7682.0312 4306.1016
7611.0146 4479.4233
7464.9624 3346.5688
7620.246 3669.3984
7623.9316 3045.8157
7402.4785 4092.8916
7633.343 3436.676
7561.9946 3227.842
7642.0366 4049.3677
7646.084 4129.541
7650.9307 3411.6191
7504.1206 4381.4487
7053.164 1829.3474
7512.2827 3752.4473
7667.882 2883.5698
7217.425 2795.5137
7297.187 3420.6577
7376.652 2954.0745
7532.4517 3567.8003
7611.635 4233.127
7236.1606 2640.2012
7163.79 1721.3348
7319.2007 2906.3428
7702.5854 3300.7544
7630.5938 4092.0251
7634.4976 4361.0723
7409.073 3219.2153
7641.508 4578.7026
7492.9927 3548.76
7344.376 2763.5464
7729.048 3493.048
7199.218 2359.6785
7125.828 3266.0195
6975.9946 2111.1208
7285.503 2979.1926
7518.745 3147.9307
7445.3257 2561.1738
7755.478 3818.4937
7457.247 3851.9456
7458.739 2195.4722
7461.0566 3563.773
6928.009 1592.0879
7545.6836 3267.8552
7087.8184 2008.1079
7320.8364 3059.4177
7400.74 3448.1782
8021.4473 3987.9277
7486.546 3322.2144
7872.382 3778.7222
7571.0493 2898.2695
8189.596 3812.1218
7267.2983 2964.6006
7657.49 3432.9692
7887.3984 4938.675
7892.2285 2551.675
7587.5894 2751.216
8053.4106 3189.8105
7748.0273 2951.2524
7750.87 3461.0974
8291.8955 3640.5479
7756.325 2723.9678
8066.1504 3576.255
7915.793 4146.0586
7765.5312 4531.1006
7768.406 2706.3276
7463.545 3351.889
8005.2266 3218.604
7931.451 3238.9565
8008.9 3687.884
7782.565 2898.757
8630.097 3020.345
8478.667 3890.1282
7945.82 3363.4512
7640.124 2756.4946
8253.743 2489.205
7952.0786 3730.1802
8032.0146 3075.6099
8188.7847 3573.0015
7732.9263 3063.7832
7654.743 2390.6357
8120.61 2489.102
7810.534 2604.9915
8047.377 3784.4329
8280.534 3911.9893
8439.16 3894.7515
8440.948 3058.645
8211.119 3201.607
8435.637 2724.0625
8589.34 3331.0605
8448.742 4065.6687
7987.069 3264.1235
8141.586 2247.8328
8218.275 2385.404
7611.6777 3405.3774
7921.9478 3950.8901
7994.8037 1747.4175
7997.2046 2030.0406
8229.041 3445.0093
8236.184 3286.299
8550.861 2692.9224
8184.1064 3389.7966
7934.032 2258.8887
8480.276 2874.671
8100.592 2379.711
8186.3457 2038.2985
8404.928 3375.6746
8020.328 2652.4062
8717.642 2924.2446
8406.988 1851.6486
8026.9204 1913.9658
8562.801 2806.6255
8654.127 3466.7666
8650.979 3571.349
8047.6133 2793.8
8654.999 2219.0908
8264.983 2907.5657
8726.42 1416.9005
8219.999 2568.9858
8881.532 4027.3823
8594.048 2703.148
8209.275 3230.2734
8210.57 3901.8123
8298.64 1837.0409
7899.2573 2307.3196
8382.538 2896.4114
8436.315 4229.527
8466.224 2273.5352
8834.867 3246.187
8751.467 2326.4355
8595.317 2563.4607
8208.675 1592.1368
8534.619 1889.0361
9188.578 3113.599
8292.511 1652.5054
8603.502 2970.6755
8921.693 2034.7357
8401.232 2229.6301
8315.205 1771.7163
8626.604 2512.646
8540.029 2164.643
8701.598 2394.8015
8226.497 2079.0242
8253.318 1709.5922
8627.105 2046.9475
8540.287 2520.2866
413.72202 50370.156
827.34656 35324.016
1240.7202 29219.854
1653.7662 24679.492
2066.5208 21020.574
2478.9958 19835.719
2891.1948 18577.072
3303.0808 17624.178
3714.6924 17095.121
4126.0605 16204.659
4537.1333 16075.29
4947.9204 15122.044
5358.414 14961.041
5768.6426 14181.886
6178.592 13502.579
6588.302 12775.018
6997.7217 12201.383
7406.8813 12164.0205
7815.8247 12194.128
8224.495 12216.901
8632.91 12207.535
9041.045 12202.48
9448.941 12041.236
9856.574 11610.671
10263.947 11301.847
10671.066 11481.958
11077.903 11450.848
11484.462 11100.984
11890.765 10777.322
12296.787 10506.48
12702.336 10357.755
13107.825 10444.022
13103.54 10664.282
13099.275 11355.336
13095.058 11033.579
13090.793 11276.139
13086.484 11789.793
13082.298 10688.381
13077.929 11392.355
13073.8125 10305.111
13069.605 11015.597
13065.332 10860.485
13061.006 10938.367
13056.548 11160.094
13052.228 10757.411
13047.948 10726.505
13043.844 11189.533
13039.331 11098.377
13035.134 9741.255
13030.782 9916.928
13026.505 10108.85
13022.292 10082.747
13018.181 9369.693
13014.159 9864.049
13009.403 11140.635
13005.533 9019.238
13000.992 8688.28
12996.963 9610.945
12992.296 8292.211
12988.134 9127.0
12983.78 10659.229
12979.483 11578.422
12975.22 10317.94
12970.586 11765.996
12966.566 8889.941
12962.232 9491.795
12957.885 9523.163
12953.483 11977.465
12949.062 10313.858
12944.637 9059.538
12940.487 11859.039
12935.946 12049.37
12931.04 10336.572
12927.524 9816.655
12923.134 9707.915
12918.825 10752.561
12913.833 11171.734
12909.982 9142.944
12905.196 10694.262
12900.759 7832.5845
12896.532 10186.2295
12892.016 11037.086
12888.053 9716.486
12883.804 10333.473
12878.901 10338.557
12874.649 11265.432
12870.213 8957.417
12866.473 10093.021
12861.971 8969.021
12857.465 11666.027
217.90746 8435.905
436.18365 8484.318
654.19836 9010.394
871.92554 7916.433
1089.401 6473.633
1306.6367 5511.47
1523.6288 4823.504
1740.387 4306.917
1956.9144 4069.5127
2173.2085 3878.1824
2389.2808 3586.8281
2605.1333 3467.011
2820.7524 3364.4373
3036.151 3274.986
3251.3513 3204.432
3466.3315 3043.8862
3681.102 3004.3953
3895.6846 2953.7334
4110.051 3188.5598
4324.2036 3026.9104
4538.1357 3089.3772
4751.843 2976.559
4965.3325 2873.355
5178.6167 2778.7214
5391.7163 2691.3403
5604.618 2610.5767
5817.318 2535.6516
6029.8228 2466.4836
6242.128 2401.275
6454.259 2340.4485
6666.202 2283.6365
6877.9546 2230.1812
6875.2954 1992.645
6871.417 2169.2927
6868.818 1941.1813
6864.9634 2216.3992
6861.782 2094.5737
12852.72 8471.904
12534.229 9667.611
12530.442 7949.0767
11584.081 8600.407
12521.479 10208.31
12831.662 9203.53
12199.824 7932.285
11881.262 9245.764
11878.344 7959.522
10933.514 6755.204
11556.687 8060.266
10299.09 7921.676
10922.591 7105.7266
11545.807 6583.309
10915.654 8532.362
11225.58 7699.1514
11535.05 8396.425
10906.017 6931.817
11215.497 6790.4814
10274.396 6303.8223
11208.291 9794.725
9955.815 6999.323
11514.4375 10553.579
10574.862 7355.2256
9947.506 7791.629
