20 20
14 -11 -8 15 -13 9 -12 -5 -7 -14 -1 -6 3 14 0 12 6 -2 9 -15 
9 10 1 16 7 6 15 5 1 10 12 1 2 8 -11 10 5 14 11 14 
11 9 12 1 5 -6 14 2 6 9 13 12 10 12 7 12 -1 15 -2 12 
-16 10 6 8 12 -11 -8 8 9 9 3 14 11 16 5 -15 9 -6 -2 11 
14 11 16 13 16 4 5 -14 17 8 0 0 9 0 3 5 -14 1 15 12 
8 3 8 15 -11 -14 14 11 -16 -6 3 16 1 17 12 7 -8 -7 12 5 
16 5 -9 -7 14 -8 14 0 8 14 12 12 9 11 -11 8 13 8 -16 2 
7 -4 4 -8 16 6 1 3 1 4 10 8 -17 7 17 14 2 10 2 8 
-17 -16 12 1 2 -17 -10 13 17 16 7 5 6 -8 -11 9 0 7 12 12 
13 12 -2 5 2 7 15 7 3 17 6 -9 11 1 10 11 14 6 -13 10 
10 -13 6 14 11 10 1 11 -9 6 17 3 7 15 7 2 5 -2 12 13 
12 12 7 0 9 -11 -8 6 5 7 16 17 13 -10 -17 2 1 12 -16 -17 
8 2 10 2 14 17 7 -17 8 10 4 1 3 1 6 16 -8 4 -4 7 
2 -16 8 13 8 -11 11 9 12 12 14 8 0 14 -8 14 -7 -9 5 16 
5 12 -7 -8 7 12 17 1 16 3 -6 -16 11 14 -14 -11 15 8 3 8 
12 15 1 -14 5 3 0 9 0 0 8 17 -14 5 4 16 13 16 11 14 
11 -2 -6 9 -15 5 16 11 14 3 9 9 8 -8 -11 12 8 6 10 -16 
12 -2 15 -1 12 7 12 10 12 13 9 6 2 14 -6 5 1 12 9 11 
14 11 14 5 10 -11 8 2 1 12 10 1 5 15 6 7 16 1 10 9 
-15 9 -2 6 12 0 14 3 -6 -1 -14 -7 -5 -12 9 -13 15 -8 -11 14 
77
1
1 6
18 13
0
0
