20 20
20 -9 24 21 -19 19 7 -23 -27 4 8 0 14 1 20 23 17 -15 12 2 
6 20 11 25 17 9 17 17 12 26 20 25 17 11 17 14 -25 15 2 5 
-5 -5 -24 4 -13 11 -4 -3 -14 4 -24 4 7 -7 22 16 21 17 17 8 
-7 21 15 1 5 22 -26 26 -8 27 15 3 26 10 25 8 21 -12 24 24 
13 1 11 18 27 26 -1 -11 14 -1 -17 9 23 11 0 24 3 27 21 -18 
16 7 18 -7 9 20 -4 26 21 12 21 19 -16 27 26 4 17 3 -9 -3 
24 4 -22 8 15 -5 -23 1 15 24 15 26 19 19 -14 -6 26 -1 9 -24 
-7 9 5 2 21 20 27 10 10 23 17 1 5 13 -14 4 0 20 27 26 
2 15 4 1 13 8 -3 21 -17 5 16 27 2 -6 8 24 2 24 17 14 
11 16 12 22 20 -23 -12 13 17 23 15 25 23 4 14 4 20 3 21 0 
0 21 3 20 4 14 4 23 25 15 23 17 13 -12 -23 20 22 12 16 11 
14 17 24 2 24 8 -6 2 27 16 5 -17 21 -3 8 13 1 4 15 2 
26 27 20 0 4 -14 13 5 1 17 23 10 10 27 20 21 2 5 9 -7 
-24 9 -1 26 -6 -14 19 19 26 15 24 15 1 -23 -5 15 8 -22 4 24 
-3 -9 3 17 4 26 27 -16 19 21 12 21 26 -4 20 9 -7 18 7 16 
-18 21 27 3 24 0 11 23 9 -17 -1 14 -11 -1 26 27 18 11 1 13 
24 24 -12 21 8 25 10 26 3 15 27 -8 26 -26 22 5 1 15 21 -7 
8 17 17 21 16 22 -7 7 4 -24 4 -14 -3 -4 11 -13 4 -24 -5 -5 
5 2 15 -25 14 17 11 17 25 20 26 12 17 17 9 17 25 11 20 6 
2 12 -15 17 23 20 1 14 0 8 4 -27 -23 7 19 -19 21 24 -9 20 
94
1
16 3
3 16
0
0
