20 20
3 15 3 -20 -13 11 6 3 -6 8 15 14 0 17 14 15 10 -2 3 3 
16 -7 10 9 19 13 12 -20 8 5 -7 -6 17 5 -15 12 12 13 15 1 
19 17 11 -11 13 1 -8 -16 -18 -15 11 0 18 -10 4 14 5 20 14 13 
16 0 8 8 16 19 6 -5 -16 3 14 -19 5 -3 12 5 2 9 11 -18 
20 -6 15 17 -6 0 6 20 2 17 0 10 5 16 -16 -14 1 0 16 17 
-2 -19 17 3 -12 17 -18 -18 2 6 -15 -5 12 14 9 4 13 11 3 -2 
19 10 5 10 13 6 14 8 6 19 19 15 8 -20 15 13 7 16 13 10 
-2 9 19 -5 20 -10 -4 -1 15 -3 2 8 4 9 2 18 -3 18 2 -19 
15 1 -13 1 -10 10 12 11 12 17 14 9 19 -17 0 20 18 -4 13 10 
-16 13 8 -16 -5 3 13 5 7 9 -5 -3 6 13 15 0 3 3 -10 14 
14 -10 3 3 0 15 13 6 -3 -5 9 7 5 13 3 -5 -16 8 13 -16 
10 13 -4 18 20 0 -17 19 9 14 17 12 11 12 10 -10 1 -13 1 15 
-19 2 18 -3 18 2 9 4 8 2 -3 15 -1 -4 -10 20 -5 19 9 -2 
10 13 16 7 13 15 -20 8 15 19 19 6 8 14 6 13 10 5 10 19 
-2 3 11 13 4 9 14 12 -5 -15 6 2 -18 -18 17 -12 3 17 -19 -2 
17 16 0 1 -14 -16 16 5 10 0 17 2 20 6 0 -6 17 15 -6 20 
-18 11 9 2 5 12 -3 5 -19 14 3 -16 -5 6 19 16 8 8 0 16 
13 14 20 5 14 4 -10 18 0 11 -15 -18 -16 -8 1 13 -11 11 17 19 
1 15 13 12 12 -15 5 17 -6 -7 5 8 -20 12 13 19 9 10 -7 16 
3 3 -2 10 15 14 17 0 14 15 8 -6 3 6 11 -13 -20 3 15 3 
66
1
12 0
7 19
0
0
