20 20
4 9 13 20 10 12 9 2 7 13 10 7 -3 6 5 18 1 12 -18 3 
13 14 18 15 8 1 5 14 9 13 15 10 4 15 14 20 2 4 11 15 
-17 20 3 3 11 -4 2 -3 2 8 -3 2 7 19 10 1 10 19 11 16 
14 6 19 -11 19 9 -17 12 14 13 6 10 8 6 10 20 11 2 16 5 
13 12 16 6 -19 19 9 -11 -2 3 -3 0 13 15 -9 7 9 0 16 1 
-6 12 14 17 19 14 1 -3 20 14 -4 18 12 11 3 19 6 18 10 9 
16 18 -3 18 -14 -11 7 15 1 19 -4 19 13 4 12 -8 -20 12 20 -17 
-9 18 -2 -1 9 2 5 17 -8 18 -12 14 0 16 -14 12 12 3 6 20 
2 -5 20 16 4 10 9 -4 4 18 0 4 19 5 19 10 -11 -9 -18 -18 
-11 3 1 -11 -12 -18 -5 -3 19 -15 18 4 -14 20 14 1 20 12 12 10 
10 12 12 20 1 14 20 -14 4 18 -15 19 -3 -5 -18 -12 -11 1 3 -11 
-18 -18 -9 -11 10 19 5 19 4 0 18 4 -4 9 10 4 16 20 -5 2 
20 6 3 12 12 -14 16 0 14 -12 18 -8 17 5 2 9 -1 -2 18 -9 
-17 20 12 -20 -8 12 4 13 19 -4 19 1 15 7 -11 -14 18 -3 18 16 
9 10 18 6 19 3 11 12 18 -4 14 20 -3 1 14 19 17 14 12 -6 
1 16 0 9 7 -9 15 13 0 -3 3 -2 -11 9 19 -19 6 16 12 13 
5 16 2 11 20 10 6 8 10 6 13 14 12 -17 9 19 -11 19 6 14 
16 11 19 10 1 10 19 7 2 -3 8 2 -3 2 -4 11 3 3 20 -17 
15 11 4 2 20 14 15 4 10 15 13 9 14 5 1 8 15 18 14 13 
3 -18 12 1 18 5 6 -3 7 10 13 7 2 9 12 10 20 13 9 4 
36
1
11 17
8 2
0
0
