20 20
3 11 -3 21 21 22 -19 -7 12 -25 -6 18 14 17 -11 22 22 -17 17 -19 
25 16 20 8 8 1 -2 12 14 21 15 8 -6 4 16 15 5 -11 -2 -3 
2 19 -1 14 20 16 -14 18 -22 9 -23 14 2 25 6 -21 15 15 13 24 
21 -7 -24 -24 21 19 21 -6 10 14 18 25 -2 1 0 -14 5 -10 -5 17 
16 -4 13 5 19 3 25 -3 13 14 17 18 21 8 -20 9 1 25 13 13 
-17 22 4 21 1 -15 10 2 6 21 8 -3 5 17 8 -3 13 5 9 19 
10 5 -12 8 9 -7 11 22 0 -21 20 25 8 20 25 0 -16 7 16 -17 
5 9 25 -15 -6 -1 -17 17 -23 19 19 -23 10 23 17 -7 10 21 6 15 
23 18 22 13 15 -22 11 0 3 25 20 10 13 -2 -17 10 13 -22 22 -9 
1 2 -14 14 20 10 -12 24 -19 -23 8 10 4 11 13 -8 17 21 25 14 
14 25 21 17 -8 13 11 4 10 8 -23 -19 24 -12 10 20 14 -14 2 1 
-9 22 -22 13 10 -17 -2 13 10 20 25 3 0 11 -22 15 13 22 18 23 
15 6 21 10 -7 17 23 10 -23 19 19 -23 17 -17 -1 -6 -15 25 9 5 
-17 16 7 -16 0 25 20 8 25 20 -21 0 22 11 -7 9 8 -12 5 10 
19 9 5 13 -3 8 17 5 -3 8 21 6 2 10 -15 1 21 4 22 -17 
13 13 25 1 9 -20 8 21 18 17 14 13 -3 25 3 19 5 13 -4 16 
17 -5 -10 5 -14 0 1 -2 25 18 14 10 -6 21 19 21 -24 -24 -7 21 
24 13 15 15 -21 6 25 2 14 -23 9 -22 18 -14 16 20 14 -1 19 2 
-3 -2 -11 5 15 16 4 -6 8 15 21 14 12 -2 1 8 8 20 16 25 
-19 17 -17 22 22 -11 17 14 18 -6 -25 12 -7 -19 22 21 21 -3 11 3 
84
1
11 16
8 3
0
0
