20 20
17 -11 7 10 24 -19 9 8 23 23 23 -16 23 18 -11 24 9 21 5 6 
8 -4 21 7 13 13 13 2 1 18 23 -12 5 23 12 7 19 17 -18 1 
11 6 -17 0 23 4 -10 -22 17 -23 17 -3 25 -20 -15 2 9 4 16 13 
25 19 -23 1 13 14 5 15 -19 11 9 0 17 2 17 6 6 -5 3 5 
9 24 9 22 -15 18 21 17 3 14 11 -21 8 19 18 13 -9 13 7 18 
21 14 12 20 4 24 7 22 -5 -9 -15 11 11 19 9 21 -7 3 0 13 
21 9 -19 17 24 6 8 13 -8 21 -5 -8 24 7 -2 4 17 14 14 -9 
10 -25 -2 19 -16 21 -17 -16 23 9 8 23 17 7 8 25 1 14 -2 1 
10 17 16 2 15 -11 16 25 2 16 -11 -20 -3 -17 21 12 16 13 9 14 
18 5 -7 2 10 -21 0 20 0 20 -18 24 11 8 18 21 11 -18 18 1 
1 18 -18 11 21 18 8 11 24 -18 20 0 20 0 -21 10 2 -7 5 18 
14 9 13 16 12 21 -17 -3 -20 -11 16 2 25 16 -11 15 2 16 17 10 
1 -2 14 1 25 8 7 17 23 8 9 23 -16 -17 21 -16 19 -2 -25 10 
-9 14 14 17 4 -2 7 24 -8 -5 21 -8 13 8 6 24 17 -19 9 21 
13 0 3 -7 21 9 19 11 11 -15 -9 -5 22 7 24 4 20 12 14 21 
18 7 13 -9 13 18 19 8 -21 11 14 3 17 21 18 -15 22 9 24 9 
5 3 -5 6 6 17 2 17 0 9 11 -19 15 5 14 13 1 -23 19 25 
13 16 4 9 2 -15 -20 25 -3 17 -23 17 -22 -10 4 23 0 -17 6 11 
1 -18 17 19 7 12 23 5 -12 23 18 1 2 13 13 13 7 21 -4 8 
6 5 21 9 24 -11 18 23 -16 23 23 23 8 9 -19 24 10 7 -11 17 
186
1
4 14
15 5
0
0
