20 20
12 14 -14 -13 -4 11 -20 3 1 -18 -7 1 2 1 5 -11 -16 19 -2 20 
-5 -18 10 11 0 -14 8 14 15 0 4 4 -11 -17 8 -10 -10 18 12 14 
7 15 16 3 9 12 19 13 -4 15 18 9 5 14 -11 13 -1 0 20 15 
-17 9 -7 16 6 16 3 7 17 -3 0 2 14 6 20 -10 6 -13 14 8 
-15 -1 -9 -20 18 -11 3 2 1 11 20 -14 14 20 1 6 17 14 9 20 
-1 5 3 -13 -19 16 18 3 20 10 0 -20 -11 -20 1 10 5 1 17 20 
12 6 8 -1 1 20 15 1 -11 13 7 5 -7 16 13 6 13 -6 1 3 
8 -18 5 -6 -8 6 19 14 5 -2 8 -8 9 12 15 -3 6 -4 0 -16 
15 9 17 0 -16 -18 20 -14 10 4 -2 1 7 8 12 -14 -16 -8 8 2 
8 20 14 18 11 15 17 -18 17 13 3 -3 20 -1 17 18 16 10 13 18 
18 13 10 16 18 17 -1 20 -3 3 13 17 -18 17 15 11 18 14 20 8 
2 8 -8 -16 -14 12 8 7 1 -2 4 10 -14 20 -18 -16 0 17 9 15 
-16 0 -4 6 -3 15 12 9 -8 8 -2 5 14 19 6 -8 -6 5 -18 8 
3 1 -6 13 6 13 16 -7 5 7 13 -11 1 15 20 1 -1 8 6 12 
20 17 1 5 10 1 -20 -11 -20 0 10 20 3 18 16 -19 -13 3 5 -1 
20 9 14 17 6 1 20 14 -14 20 11 1 2 3 -11 18 -20 -9 -1 -15 
8 14 -13 6 -10 20 6 14 2 0 -3 17 7 3 16 6 16 -7 9 -17 
15 20 0 -1 13 -11 14 5 9 18 15 -4 13 19 12 9 3 16 15 7 
14 12 18 -10 -10 8 -17 -11 4 4 0 15 14 8 -14 0 11 10 -18 -5 
20 -2 19 -16 -11 5 1 2 1 -7 -18 1 3 -20 11 -4 -13 -14 14 12 
68
1
4 0
15 19
0
0
