20 20
2 8 2 7 -11 -3 5 -1 5 10 5 7 4 2 7 5 4 6 4 10 
9 8 8 7 3 6 9 9 11 10 10 -6 3 10 2 10 6 -7 -8 11 
8 5 1 6 8 11 8 11 3 -5 0 9 -6 5 7 2 3 9 -1 9 
1 11 7 1 3 7 3 -8 4 2 9 4 2 -6 8 11 11 7 -6 2 
7 -1 0 -11 11 3 6 10 1 4 1 3 3 -11 8 -4 -8 -8 -10 3 
5 10 3 10 9 11 11 11 -4 5 5 7 -6 6 7 -3 -7 10 -10 3 
-9 9 10 9 4 4 1 10 7 8 7 -6 0 5 3 -10 10 8 11 3 
-8 -4 5 11 -1 11 -2 -10 9 10 4 11 6 9 11 11 6 2 -2 8 
-5 4 8 10 11 5 9 2 4 1 11 -9 6 -3 -9 3 1 0 7 2 
-7 9 -10 11 -1 11 2 7 -3 11 -1 2 -1 4 10 -10 -8 8 8 -11 
-11 8 8 -8 -10 10 4 -1 2 -1 11 -3 7 2 11 -1 11 -10 9 -7 
2 7 0 1 3 -9 -3 6 -9 11 1 4 2 9 5 11 10 8 4 -5 
8 -2 2 6 11 11 9 6 11 4 10 9 -10 -2 11 -1 11 5 -4 -8 
3 11 8 10 -10 3 5 0 -6 7 8 7 10 1 4 4 9 10 9 -9 
3 -10 10 -7 -3 7 6 -6 7 5 5 -4 11 11 11 9 10 3 10 5 
3 -10 -8 -8 -4 8 -11 3 3 1 4 1 10 6 3 11 -11 0 -1 7 
2 -6 7 11 11 8 -6 2 4 9 2 4 -8 3 7 3 1 7 11 1 
9 -1 9 3 2 7 5 -6 9 0 -5 3 11 8 11 8 6 1 5 8 
11 -8 -7 6 10 2 10 3 -6 10 10 11 9 9 6 3 7 8 8 9 
10 4 6 4 5 7 2 4 7 5 10 5 -1 5 -3 -11 7 2 8 2 
66
1
1 11
18 8
0
0
