20 20
13 17 18 -12 -3 4 15 15 17 16 -14 9 13 9 19 13 3 1 -21 11 
16 4 12 2 18 -18 -5 3 10 15 0 -17 10 14 7 -22 0 19 4 -5 
-6 -8 -6 12 20 8 17 1 14 -16 14 20 3 12 17 7 20 1 4 13 
15 4 -12 -23 -12 -6 4 -14 16 -15 4 8 14 14 8 23 18 -19 15 4 
18 8 5 9 14 22 22 -20 10 2 23 13 10 13 -10 11 -4 4 -12 -19 
22 1 7 5 3 11 13 21 -8 -9 -22 3 18 16 -13 16 16 23 23 6 
16 14 9 21 16 -11 -7 11 8 5 6 5 8 3 12 16 3 11 -4 20 
-22 2 -8 -6 7 12 13 12 8 -5 7 -20 -23 16 -6 18 18 -5 6 17 
5 23 19 3 -16 19 1 8 9 23 15 0 1 0 9 15 -1 -15 -1 9 
16 3 16 22 9 -16 -5 18 -16 -2 6 8 11 -22 18 2 23 7 18 -16 
-16 18 7 23 2 18 -22 11 8 6 -2 -16 18 -5 -16 9 22 16 3 16 
9 -1 -15 -1 15 9 0 1 0 15 23 9 8 1 19 -16 3 19 23 5 
17 6 -5 18 18 -6 16 -23 -20 7 -5 8 12 13 12 7 -6 -8 2 -22 
20 -4 11 3 16 12 3 8 5 6 5 8 11 -7 -11 16 21 9 14 16 
6 23 23 16 16 -13 16 18 3 -22 -9 -8 21 13 11 3 5 7 1 22 
-19 -12 4 -4 11 -10 13 10 13 23 2 10 -20 22 22 14 9 5 8 18 
4 15 -19 18 23 8 14 14 8 4 -15 16 -14 4 -6 -12 -23 -12 4 15 
13 4 1 20 7 17 12 3 20 14 -16 14 1 17 8 20 12 -6 -8 -6 
-5 4 19 0 -22 7 14 10 -17 0 15 10 3 -5 -18 18 2 12 4 16 
11 -21 1 3 13 19 9 13 9 -14 16 17 15 15 4 -3 -12 18 17 13 
32
1
2 0
17 19
0
0
