20 20
-28 27 -21 12 22 -9 13 -9 8 9 -17 20 25 27 11 14 5 10 24 1 
22 14 -8 -24 26 21 9 3 -14 -14 16 16 29 3 28 -1 2 25 16 23 
25 23 28 -9 13 12 18 23 -14 17 -6 -23 -2 -14 8 9 26 4 13 -15 
-15 18 29 8 -8 25 28 11 -26 5 -21 12 8 18 10 15 24 11 28 13 
-3 28 18 13 16 22 9 23 6 15 20 27 10 15 -26 6 23 -8 11 15 
29 -27 -13 0 2 27 15 28 3 18 17 18 23 5 14 -28 -26 13 18 19 
9 14 -5 15 -28 -10 1 10 14 10 14 13 -9 12 11 20 1 -24 7 8 
19 18 23 23 16 -20 -6 3 7 12 25 8 -19 15 14 -12 6 23 20 -23 
8 4 -8 -10 4 21 25 4 26 23 9 -22 -24 12 4 -28 4 19 21 -25 
14 -13 1 0 -17 -16 26 7 7 -4 20 1 12 28 29 15 19 -29 18 -8 
-8 18 -29 19 15 29 28 12 1 20 -4 7 7 26 -16 -17 0 1 -13 14 
-25 21 19 4 -28 4 12 -24 -22 9 23 26 4 25 21 4 -10 -8 4 8 
-23 20 23 6 -12 14 15 -19 8 25 12 7 3 -6 -20 16 23 23 18 19 
8 7 -24 1 20 11 12 -9 13 14 10 14 10 1 -10 -28 15 -5 14 9 
19 18 13 -26 -28 14 5 23 18 17 18 3 28 15 27 2 0 -13 -27 29 
15 11 -8 23 6 -26 15 10 27 20 15 6 23 9 22 16 13 18 28 -3 
13 28 11 24 15 10 18 8 12 -21 5 -26 11 28 25 -8 8 29 18 -15 
-15 13 4 26 9 8 -14 -2 -23 -6 17 -14 23 18 12 13 -9 28 23 25 
23 16 25 2 -1 28 3 29 16 16 -14 -14 3 9 21 26 -24 -8 14 22 
1 24 10 5 14 11 27 25 20 -17 9 8 -9 13 -9 22 12 -21 27 -28 
162
1
12 17
7 2
0
0
