20 20
7 3 6 -12 10 10 5 -18 1 0 -12 -10 -17 -2 5 3 10 -4 -4 8 
8 7 13 8 -11 18 10 10 15 -7 -18 -1 14 5 13 17 12 2 -5 3 
10 5 18 -1 4 -4 18 16 7 9 18 15 -12 12 9 9 -11 12 17 17 
7 9 10 5 16 0 1 -6 3 2 -1 -14 18 -12 -10 7 18 -1 4 -17 
-15 15 -6 11 15 15 15 11 -18 13 16 -1 12 -16 14 3 -15 10 18 2 
12 -9 6 12 -9 -2 1 12 2 -8 8 -18 12 11 13 18 7 13 13 2 
10 3 -9 8 -6 16 10 14 0 -17 7 -16 8 6 -9 -4 3 0 17 0 
11 15 11 7 -14 9 9 5 14 7 2 13 -16 15 -17 -10 -14 7 17 10 
-4 -5 16 -6 8 12 14 -11 0 3 -16 -13 9 18 2 -4 9 -18 -11 -10 
-10 4 14 -17 10 6 12 -12 15 6 5 1 3 7 6 -8 -7 3 -9 7 
7 -9 3 -7 -8 6 7 3 1 5 6 15 -12 12 6 10 -17 14 4 -10 
-10 -11 -18 9 -4 2 18 9 -13 -16 3 0 -11 14 12 8 -6 16 -5 -4 
10 17 7 -14 -10 -17 15 -16 13 2 7 14 5 9 9 -14 7 11 15 11 
0 17 0 3 -4 -9 6 8 -16 7 -17 0 14 10 16 -6 8 -9 3 10 
2 13 13 7 18 13 11 12 -18 8 -8 2 12 1 -2 -9 12 6 -9 12 
2 18 10 -15 3 14 -16 12 -1 16 13 -18 11 15 15 15 11 -6 15 -15 
-17 4 -1 18 7 -10 -12 18 -14 -1 2 3 -6 1 0 16 5 10 9 7 
17 17 12 -11 9 9 12 -12 15 18 9 7 16 18 -4 4 -1 18 5 10 
3 -5 2 12 17 13 5 14 -1 -18 -7 15 10 10 18 -11 8 13 7 8 
8 -4 -4 10 3 5 -2 -17 -10 -12 0 1 -18 5 10 10 -12 6 3 7 
146
1
6 18
13 1
0
0
