20 20
16 -12 16 2 14 -16 14 6 8 12 8 -6 5 -11 2 15 3 13 0 -15 
3 10 2 18 -1 0 10 4 5 14 3 -5 6 -15 1 5 1 1 4 13 
4 1 -13 14 16 3 -12 2 -7 -3 7 18 7 8 2 7 12 9 14 -17 
-2 12 6 13 5 1 6 -3 13 5 -8 2 -11 13 -7 -5 -9 13 18 4 
16 1 4 -5 -8 -8 6 8 15 -9 -9 10 1 3 2 14 3 -17 4 7 
9 5 4 15 5 15 11 17 11 12 9 15 13 -15 15 13 -4 9 16 17 
-3 -1 1 17 9 5 0 8 -6 18 18 -13 3 1 -17 8 -7 17 6 -18 
3 -14 10 13 6 0 -8 7 4 8 11 18 4 15 8 14 -13 -17 17 6 
14 13 12 12 13 -4 8 12 -15 14 6 12 11 -15 11 17 10 -9 10 1 
6 -13 5 12 8 7 2 9 2 16 7 -8 7 5 -9 15 10 9 14 3 
3 14 9 10 15 -9 5 7 -8 7 16 2 9 2 7 8 12 5 -13 6 
1 10 -9 10 17 11 -15 11 12 6 14 -15 12 8 -4 13 12 12 13 14 
6 17 -17 -13 14 8 15 4 18 11 8 4 7 -8 0 6 13 10 -14 3 
-18 6 17 -7 8 -17 1 3 -13 18 18 -6 8 0 5 9 17 1 -1 -3 
17 16 9 -4 13 15 -15 13 15 9 12 11 17 11 15 5 15 4 5 9 
7 4 -17 3 14 2 3 1 10 -9 -9 15 8 6 -8 -8 -5 4 1 16 
4 18 13 -9 -5 -7 13 -11 2 -8 5 13 -3 6 1 5 13 6 12 -2 
-17 14 9 12 7 2 8 7 18 7 -3 -7 2 -12 3 16 14 -13 1 4 
13 4 1 1 5 1 -15 6 -5 3 14 5 4 10 0 -1 18 2 10 3 
-15 0 13 3 15 2 -11 5 -6 8 12 8 6 14 -16 14 2 16 -12 16 
41
1
5 6
14 13
0
0
