20 20
12 4 -15 10 4 7 15 10 24 1 18 -13 23 0 1 13 12 10 11 24 
21 -25 0 4 1 2 3 -18 -9 15 -24 12 12 -23 1 14 -17 20 9 13 
2 11 -4 -6 14 22 22 20 -17 17 7 -8 -20 15 10 10 20 16 3 21 
4 24 12 8 -25 7 6 13 -21 9 3 -25 18 8 -17 4 23 13 25 -11 
-6 18 -19 18 19 17 15 7 7 13 -18 -3 -23 21 25 21 20 -13 -4 13 
-13 -23 10 18 -10 13 9 4 17 -7 16 14 7 17 10 11 -12 -5 1 -12 
-12 20 -14 25 12 9 21 4 24 1 16 13 -2 3 -17 1 11 23 8 20 
12 -6 8 20 15 16 5 1 11 -2 16 15 17 16 21 14 -11 24 -5 -13 
15 2 22 12 23 -2 16 23 22 0 7 0 3 -11 20 9 -20 -6 23 2 
7 6 5 10 24 12 15 -3 -16 22 2 19 -12 5 1 25 3 -17 12 5 
5 12 -17 3 25 1 5 -12 19 2 22 -16 -3 15 12 24 10 5 6 7 
2 23 -6 -20 9 20 -11 3 0 7 0 22 23 16 -2 23 12 22 2 15 
-13 -5 24 -11 14 21 16 17 15 16 -2 11 1 5 16 15 20 8 -6 12 
20 8 23 11 1 -17 3 -2 13 16 1 24 4 21 9 12 25 -14 20 -12 
-12 1 -5 -12 11 10 17 7 14 16 -7 17 4 9 13 -10 18 10 -23 -13 
13 -4 -13 20 21 25 21 -23 -3 -18 13 7 7 15 17 19 18 -19 18 -6 
-11 25 13 23 4 -17 8 18 -25 3 9 -21 13 6 7 -25 8 12 24 4 
21 3 16 20 10 10 15 -20 -8 7 17 -17 20 22 22 14 -6 -4 11 2 
13 9 20 -17 14 1 -23 12 12 -24 15 -9 -18 3 2 1 4 0 -25 21 
24 11 10 12 13 1 0 23 -13 18 1 24 10 15 7 4 10 -15 4 12 
96
1
0 18
19 1
0
0
