20 20
1 0 2 4 -10 19 19 22 16 9 -13 -7 21 -12 12 18 8 12 -12 15 
15 5 14 -12 18 -1 -5 23 10 -2 5 19 4 18 7 1 11 1 3 17 
8 1 16 7 3 12 19 -11 19 21 6 18 14 -5 -16 19 19 6 -2 -16 
-18 13 2 3 2 6 -15 19 20 18 16 0 12 -3 -2 1 23 -16 2 5 
4 23 19 -14 -19 -6 21 23 15 1 23 12 17 22 5 18 13 15 12 21 
19 -3 1 -19 22 4 19 6 1 16 2 1 16 5 -6 18 8 5 -3 -23 
16 20 -12 -12 18 12 21 2 -19 -17 12 -23 14 -1 11 15 10 10 -15 3 
14 7 23 6 -19 2 2 3 -22 1 11 21 1 0 -22 15 16 -10 -14 -19 
1 11 19 -20 -22 17 16 11 11 8 2 -8 -8 20 -9 -3 6 6 16 11 
15 6 1 4 5 2 12 17 10 23 17 12 23 1 0 -20 -3 -20 -23 15 
15 -23 -20 -3 -20 0 1 23 12 17 23 10 17 12 2 5 4 1 6 15 
11 16 6 6 -3 -9 20 -8 -8 2 8 11 11 16 17 -22 -20 19 11 1 
-19 -14 -10 16 15 -22 0 1 21 11 1 -22 3 2 2 -19 6 23 7 14 
3 -15 10 10 15 11 -1 14 -23 12 -17 -19 2 21 12 18 -12 -12 20 16 
-23 -3 5 8 18 -6 5 16 1 2 16 1 6 19 4 22 -19 1 -3 19 
21 12 15 13 18 5 22 17 12 23 1 15 23 21 -6 -19 -14 19 23 4 
5 2 -16 23 1 -2 -3 12 0 16 18 20 19 -15 6 2 3 2 13 -18 
-16 -2 6 19 19 -16 -5 14 18 6 21 19 -11 19 12 3 7 16 1 8 
17 3 1 11 1 7 18 4 19 5 -2 10 23 -5 -1 18 -12 14 5 15 
15 -12 12 8 18 12 -12 21 -7 -13 9 16 22 19 19 -10 4 2 0 1 
79
1
14 17
5 2
0
0
