20 20
-12 5 -7 4 4 10 7 9 14 0 13 9 14 7 9 15 0 15 -13 8 
10 -1 11 -14 3 1 -10 1 15 15 2 16 7 1 10 -14 9 14 10 12 
-15 -8 8 -4 14 7 17 7 15 2 -5 12 -6 15 14 12 6 9 18 -3 
15 16 8 15 2 14 8 7 -6 15 5 13 0 5 -17 11 13 4 2 17 
9 -3 11 -10 4 -5 17 17 -7 14 5 -8 -8 5 6 -7 0 4 -17 18 
13 17 13 6 0 -9 3 8 1 -13 -7 14 3 -16 6 9 3 -4 6 5 
-6 14 2 -8 1 -12 4 1 -17 -8 15 10 3 14 15 9 8 4 6 16 
14 1 4 6 -9 16 2 -9 17 11 7 14 3 14 -2 13 18 6 5 18 
12 4 4 16 11 7 4 13 10 -12 -2 4 -9 -8 12 7 1 -6 9 -5 
1 17 8 10 17 6 5 1 17 2 12 7 2 17 17 -5 -10 -12 9 5 
5 9 -12 -10 -5 17 17 2 7 12 2 17 1 5 6 17 10 8 17 1 
-5 9 -6 1 7 12 -8 -9 4 -2 -12 10 13 4 7 11 16 4 4 12 
18 5 6 18 13 -2 14 3 14 7 11 17 -9 2 16 -9 6 4 1 14 
16 6 4 8 9 15 14 3 10 15 -8 -17 1 4 -12 1 -8 2 14 -6 
5 6 -4 3 9 6 -16 3 14 -7 -13 1 8 3 -9 0 6 13 17 13 
18 -17 4 0 -7 6 5 -8 -8 5 14 -7 17 17 -5 4 -10 11 -3 9 
17 2 4 13 11 -17 5 0 13 5 15 -6 7 8 14 2 15 8 16 15 
-3 18 9 6 12 14 15 -6 12 -5 2 15 7 17 7 14 -4 8 -8 -15 
12 10 14 9 -14 10 1 7 16 2 15 15 1 -10 1 3 -14 11 -1 10 
8 -13 15 0 15 9 7 14 9 13 0 14 9 7 10 4 4 -7 5 -12 
30
1
13 6
6 13
0
0
