20 20
14 16 6 6 14 5 9 17 10 2 16 -13 6 -7 18 3 6 9 3 2 
-2 1 -9 6 3 5 1 5 -17 -16 8 -5 12 12 15 2 6 10 7 15 
6 1 5 6 17 -8 12 9 7 -8 15 4 9 9 14 10 13 -9 7 4 
-9 1 1 -17 1 7 15 7 17 7 9 17 5 1 3 1 -5 -13 10 -18 
2 12 -15 2 16 4 16 -2 -13 10 -3 5 4 0 0 11 15 -5 3 12 
17 -7 3 9 18 14 14 -13 -7 3 9 9 17 10 8 17 5 3 -11 0 
8 0 15 17 6 -9 3 6 -15 11 6 1 12 11 6 -2 5 9 12 1 
6 9 -11 17 4 -13 16 2 4 8 3 5 11 1 -9 16 15 9 15 7 
0 6 -4 17 -14 16 9 10 -4 -13 -12 6 -13 12 2 -11 -3 6 3 0 
13 17 -1 -2 -16 7 -5 15 3 12 3 18 10 -2 1 9 14 14 -15 9 
9 -15 14 14 9 1 -2 10 18 3 12 3 15 -5 7 -16 -2 -1 17 13 
0 3 6 -3 -11 2 12 -13 6 -12 -13 -4 10 9 16 -14 17 -4 6 0 
7 15 9 15 16 -9 1 11 5 3 8 4 2 16 -13 4 17 -11 9 6 
1 12 9 5 -2 6 11 12 1 6 11 -15 6 3 -9 6 17 15 0 8 
0 -11 3 5 17 8 10 17 9 9 3 -7 -13 14 14 18 9 3 -7 17 
12 3 -5 15 11 0 0 4 5 -3 10 -13 -2 16 4 16 2 -15 12 2 
-18 10 -13 -5 1 3 1 5 17 9 7 17 7 15 7 1 -17 1 1 -9 
4 7 -9 13 10 14 9 9 4 15 -8 7 9 12 -8 17 6 5 1 6 
15 7 10 6 2 15 12 12 -5 8 -16 -17 5 1 5 3 6 -9 1 -2 
2 3 9 6 3 18 -7 6 -13 16 2 10 17 9 5 14 6 6 16 14 
70
1
6 0
13 19
0
0
