20 20
19 4 -12 17 -23 8 -13 12 10 12 2 17 13 21 -4 15 22 1 -19 -4 
-17 4 23 14 -7 -3 7 -16 -15 6 0 20 17 -15 1 -6 19 -2 -2 22 
14 22 17 7 11 14 9 10 3 22 2 15 3 4 14 21 22 12 19 7 
-23 6 -22 16 6 12 0 20 21 1 9 12 -9 15 -1 4 1 7 7 8 
10 21 7 16 23 15 17 11 10 7 22 16 7 17 5 2 5 11 -8 1 
22 -6 -9 23 4 19 15 8 19 5 -10 -10 23 3 -13 -19 -23 22 -5 -18 
20 21 -1 17 19 13 -4 1 18 -2 -23 3 12 19 6 -17 3 23 10 23 
-17 9 -5 20 -11 18 8 21 13 9 19 -11 20 -2 6 -15 7 16 6 11 
13 -23 17 9 12 3 11 4 0 1 7 6 -10 8 13 -23 15 17 3 10 
-4 4 0 11 9 21 21 21 15 8 -3 12 16 5 3 21 9 9 6 17 
17 6 9 9 21 3 5 16 12 -3 8 15 21 21 21 9 11 0 4 -4 
10 3 17 15 -23 13 8 -10 6 7 1 0 4 11 3 12 9 17 -23 13 
11 6 16 7 -15 6 -2 20 -11 19 9 13 21 8 18 -11 20 -5 9 -17 
23 10 23 3 -17 6 19 12 3 -23 -2 18 1 -4 13 19 17 -1 21 20 
-18 -5 22 -23 -19 -13 3 23 -10 -10 5 19 8 15 19 4 23 -9 -6 22 
1 -8 11 5 2 5 17 7 16 22 7 10 11 17 15 23 16 7 21 10 
8 7 7 1 4 -1 15 -9 12 9 1 21 20 0 12 6 16 -22 6 -23 
7 19 12 22 21 14 4 3 15 2 22 3 10 9 14 11 7 17 22 14 
22 -2 -2 19 -6 1 -15 17 20 0 6 -15 -16 7 -3 -7 14 23 4 -17 
-4 -19 1 22 15 -4 21 13 17 2 12 10 12 -13 8 -23 17 -12 4 19 
34
1
8 3
11 16
0
0
