20 20
5 1 3 26 -5 26 24 7 19 -26 28 -12 4 25 19 30 19 -9 19 -25 
4 -20 26 16 -12 -27 26 27 -16 3 15 26 26 21 19 30 9 -10 -7 20 
-19 11 28 9 11 18 -19 5 2 -9 16 6 30 -13 10 -27 22 10 12 12 
-28 0 0 -23 6 -30 -28 4 9 15 22 17 30 27 26 -7 2 27 8 27 
10 23 10 23 -28 23 -27 7 26 -16 13 30 -8 17 6 21 10 -3 12 19 
-3 30 19 0 5 17 23 29 19 -11 -2 19 20 2 16 5 -7 1 29 -16 
19 -30 -6 1 25 21 1 -14 -15 18 7 5 6 5 15 5 25 20 10 3 
19 -24 4 -1 15 -21 19 2 2 -15 7 22 13 -29 -23 11 12 -18 16 30 
-8 7 4 21 10 12 26 13 27 22 30 6 20 -28 11 18 -27 11 -2 22 
15 -23 -9 17 30 8 24 -27 28 27 16 19 23 -1 15 -3 29 28 8 8 
8 8 28 29 -3 15 -1 23 19 16 27 28 -27 24 8 30 17 -9 -23 15 
22 -2 11 -27 18 11 -28 20 6 30 22 27 13 26 12 10 21 4 7 -8 
30 16 -18 12 11 -23 -29 13 22 7 -15 2 2 19 -21 15 -1 4 -24 19 
3 10 20 25 5 15 5 6 5 7 18 -15 -14 1 21 25 1 -6 -30 19 
-16 29 1 -7 5 16 2 20 19 -2 -11 19 29 23 17 5 0 19 30 -3 
19 12 -3 10 21 6 17 -8 30 13 -16 26 7 -27 23 -28 23 10 23 10 
27 8 27 2 -7 26 27 30 17 22 15 9 4 -28 -30 6 -23 0 0 -28 
12 12 10 22 -27 10 -13 30 6 16 -9 2 5 -19 18 11 9 28 11 -19 
20 -7 -10 9 30 19 21 26 26 15 3 -16 27 26 -27 -12 16 26 -20 4 
-25 19 -9 19 30 19 25 4 -12 28 -26 19 7 24 26 -5 26 3 1 5 
71
1
3 13
16 6
0
0
