20 20
-12 11 10 -8 6 13 3 12 6 3 12 14 -2 13 0 4 1 -14 -13 1 
-3 4 4 12 12 4 -13 8 3 3 4 0 -4 13 15 11 1 7 2 -1 
-5 -2 13 4 7 7 7 -6 -5 -1 -2 14 6 2 5 7 14 11 12 12 
-9 -4 10 9 10 -13 6 9 6 8 -14 4 7 -12 -11 10 10 14 15 -5 
5 14 11 -5 8 12 0 9 -8 12 2 13 -6 15 3 14 5 14 1 15 
4 -9 -15 0 11 15 -6 9 4 11 14 4 10 2 -3 14 13 12 14 15 
14 -7 15 -15 13 2 3 6 13 5 -13 9 5 1 12 7 5 -10 9 1 
10 8 2 2 -15 -9 14 5 12 8 3 6 4 11 14 7 -8 0 8 -8 
6 15 6 14 9 13 15 9 -7 13 6 15 -9 13 -7 11 15 15 14 4 
-6 13 -15 12 -6 9 -5 7 7 11 13 15 4 3 9 3 -7 13 2 6 
6 2 13 -7 3 9 3 4 15 13 11 7 7 -5 9 -6 12 -15 13 -6 
4 14 15 15 11 -7 13 -9 15 6 13 -7 9 15 13 9 14 6 15 6 
-8 8 0 -8 7 14 11 4 6 3 8 12 5 14 -9 -15 2 2 8 10 
1 9 -10 5 7 12 1 5 9 -13 5 13 6 3 2 13 -15 15 -7 14 
15 14 12 13 14 -3 2 10 4 14 11 4 9 -6 15 11 0 -15 -9 4 
15 1 14 5 14 3 15 -6 13 2 12 -8 9 0 12 8 -5 11 14 5 
-5 15 14 10 10 -11 -12 7 4 -14 8 6 9 6 -13 10 9 10 -4 -9 
12 12 11 14 7 5 2 6 14 -2 -1 -5 -6 7 7 7 4 13 -2 -5 
-1 2 7 1 11 15 13 -4 0 4 3 3 8 -13 4 12 12 4 4 -3 
1 -13 -14 1 4 0 13 -2 14 12 3 6 12 3 13 6 -8 10 11 -12 
163
1
2 14
17 5
0
0
