20 20
14 16 22 -24 23 -9 1 1 9 9 10 7 27 27 -17 -22 16 5 16 -17 
9 -5 -9 27 -24 2 25 2 11 19 24 4 -17 11 10 -22 -22 4 -15 -24 
-3 9 12 25 -5 17 10 11 -16 27 -26 0 19 13 9 0 16 7 7 14 
-16 -13 22 -22 6 2 4 7 -7 3 2 -5 -4 4 -9 26 -14 18 19 19 
-12 -19 13 -13 7 -20 5 16 10 27 3 -20 -11 -27 15 25 16 25 1 -1 
-19 20 21 7 -12 22 26 4 -2 24 -3 6 11 11 -9 22 22 18 24 7 
15 23 21 2 14 4 -26 -23 1 13 17 24 20 2 -19 -8 21 15 -6 -23 
23 12 8 5 -1 22 -15 7 17 -10 -12 13 1 -20 11 14 17 16 8 9 
4 -12 17 13 12 -2 21 2 4 21 10 12 6 27 -26 4 15 6 2 -17 
-22 0 -10 -7 4 17 -21 2 17 12 -19 25 10 5 10 14 25 27 10 17 
17 10 27 25 14 10 5 10 25 -19 12 17 2 -21 17 4 -7 -10 0 -22 
-17 2 6 15 4 -26 27 6 12 10 21 4 2 21 -2 12 13 17 -12 4 
9 8 16 17 14 11 -20 1 13 -12 -10 17 7 -15 22 -1 5 8 12 23 
-23 -6 15 21 -8 -19 2 20 24 17 13 1 -23 -26 4 14 2 21 23 15 
7 24 18 22 22 -9 11 11 6 -3 24 -2 4 26 22 -12 7 21 20 -19 
-1 1 25 16 25 15 -27 -11 -20 3 27 10 16 5 -20 7 -13 13 -19 -12 
19 19 18 -14 26 -9 4 -4 -5 2 3 -7 7 4 2 6 -22 22 -13 -16 
14 7 7 16 0 9 13 19 0 -26 27 -16 11 10 17 -5 25 12 9 -3 
-24 -15 4 -22 -22 10 11 -17 4 24 19 11 2 25 2 -24 27 -9 -5 9 
-17 16 5 16 -22 -17 27 27 7 10 9 9 1 1 -9 23 -24 22 16 14 
121
1
12 8
7 11
0
0
