20 20
0 16 1 18 1 0 1 -13 13 10 3 4 -12 10 19 2 7 5 15 16 
3 4 15 8 1 12 19 15 -9 -11 5 -6 14 19 -18 14 -3 1 10 20 
20 -15 -13 8 8 7 12 11 8 10 -20 2 -18 16 18 6 20 18 15 1 
6 10 17 8 20 6 9 18 3 13 -15 19 16 2 12 16 1 -7 5 19 
15 2 -18 5 20 -18 15 -10 12 -6 10 16 -17 11 10 -16 10 1 3 1 
7 7 -15 12 -4 9 -2 11 -10 13 12 5 3 16 8 13 -19 0 0 20 
17 1 16 17 16 19 8 14 1 5 16 7 -5 12 -11 -7 13 -2 -10 -11 
-6 -16 16 6 4 1 7 4 4 12 13 19 -11 18 3 6 5 -16 14 15 
3 8 -14 -15 8 20 -19 19 -3 3 -5 1 1 -3 7 6 13 13 2 13 
1 13 10 14 9 8 9 -16 5 9 -11 -1 3 11 6 -18 4 12 6 3 
3 6 12 4 -18 6 11 3 -1 -11 9 5 -16 9 8 9 14 10 13 1 
13 2 13 13 6 7 -3 1 1 -5 3 -3 19 -19 20 8 -15 -14 8 3 
15 14 -16 5 6 3 18 -11 19 13 12 4 4 7 1 4 6 16 -16 -6 
-11 -10 -2 13 -7 -11 12 -5 7 16 5 1 14 8 19 16 17 16 1 17 
20 0 0 -19 13 8 16 3 5 12 13 -10 11 -2 9 -4 12 -15 7 7 
1 3 1 10 -16 10 11 -17 16 10 -6 12 -10 15 -18 20 5 -18 2 15 
19 5 -7 1 16 12 2 16 19 -15 13 3 18 9 6 20 8 17 10 6 
1 15 18 20 6 18 16 -18 2 -20 10 8 11 12 7 8 8 -13 -15 20 
20 10 1 -3 14 -18 19 14 -6 5 -11 -9 15 19 12 1 8 15 4 3 
16 15 5 7 2 19 10 -12 4 3 10 13 -13 1 0 1 18 1 16 0 
138
1
9 8
10 11
0
0
