20 20
3 2 24 -21 20 20 -16 15 4 11 -8 12 1 23 9 23 11 11 -7 10 
-25 16 -21 15 24 15 10 -19 9 6 16 4 -12 23 -10 12 2 -11 12 1 
21 23 -15 18 14 22 -1 16 25 15 14 25 16 16 10 13 10 15 -12 -1 
-8 11 -18 5 21 -6 1 19 19 -3 9 4 -9 -17 18 5 6 2 25 10 
22 -19 8 -10 9 15 10 13 18 4 16 -15 -24 -5 12 19 10 21 10 -9 
-2 -18 3 -4 20 1 9 24 10 5 14 10 16 0 23 -3 -21 -18 2 15 
24 13 -14 -2 13 20 2 7 4 -17 25 25 7 15 -7 3 24 16 21 -23 
0 2 14 18 19 18 6 -9 11 5 0 13 7 0 19 22 2 4 13 23 
10 13 11 15 -2 -24 6 14 12 1 15 10 3 14 25 -1 10 8 14 17 
13 15 0 8 17 16 -5 4 -5 -7 8 14 21 -17 20 -11 -23 -25 18 21 
21 18 -25 -23 -11 20 -17 21 14 8 -7 -5 4 -5 16 17 8 0 15 13 
17 14 8 10 -1 25 14 3 10 15 1 12 14 6 -24 -2 15 11 13 10 
23 13 4 2 22 19 0 7 13 0 5 11 -9 6 18 19 18 14 2 0 
-23 21 16 24 3 -7 15 7 25 25 -17 4 7 2 20 13 -2 -14 13 24 
15 2 -18 -21 -3 23 0 16 10 14 5 10 24 9 1 20 -4 3 -18 -2 
-9 10 21 10 19 12 -5 -24 -15 16 4 18 13 10 15 9 -10 8 -19 22 
10 25 2 6 5 18 -17 -9 4 9 -3 19 19 1 -6 21 5 -18 11 -8 
-1 -12 15 10 13 10 16 16 25 14 15 25 16 -1 22 14 18 -15 23 21 
1 12 -11 2 12 -10 23 -12 4 16 6 9 -19 10 15 24 15 -21 16 -25 
10 -7 11 11 23 9 23 1 12 -8 11 4 15 -16 20 20 -21 24 2 3 
108
1
2 13
17 6
0
0
