20 20
20 4 3 -21 2 5 27 3 9 17 -5 7 13 12 27 11 20 20 12 22 
-23 7 5 19 19 -15 4 6 4 -6 -25 -22 0 -17 21 25 -3 -10 6 1 
-7 1 12 21 22 24 19 15 21 3 -15 18 13 5 1 22 1 10 17 1 
21 5 -18 7 4 1 -4 12 11 16 18 22 -22 -1 12 15 12 15 23 11 
18 4 16 8 -12 25 -1 24 -13 13 10 -18 11 -4 -18 -11 22 26 -3 11 
-24 20 19 0 19 -24 16 25 3 18 8 -14 26 27 21 24 2 -13 1 9 
10 4 -10 -20 -2 23 -18 12 13 -3 4 12 26 -20 27 24 17 10 18 25 
15 18 -25 21 9 14 27 -24 -26 -13 1 5 17 3 -23 -27 21 20 -6 19 
21 27 -10 8 8 20 14 4 8 22 24 16 18 13 9 18 15 24 15 8 
26 4 9 -9 16 -19 -10 -3 18 2 19 -17 10 -12 23 -25 14 11 18 12 
12 18 11 14 -25 23 -12 10 -17 19 2 18 -3 -10 -19 16 -9 9 4 26 
8 15 24 15 18 9 13 18 16 24 22 8 4 14 20 8 8 -10 27 21 
19 -6 20 21 -27 -23 3 17 5 1 -13 -26 -24 27 14 9 21 -25 18 15 
25 18 10 17 24 27 -20 26 12 4 -3 13 12 -18 23 -2 -20 -10 4 10 
9 1 -13 2 24 21 27 26 -14 8 18 3 25 16 -24 19 0 19 20 -24 
11 -3 26 22 -11 -18 -4 11 -18 10 13 -13 24 -1 25 -12 8 16 4 18 
11 23 15 12 15 12 -1 -22 22 18 16 11 12 -4 1 4 7 -18 5 21 
1 17 10 1 22 1 5 13 18 -15 3 21 15 19 24 22 21 12 1 -7 
1 6 -10 -3 25 21 -17 0 -22 -25 -6 4 6 4 -15 19 19 5 7 -23 
22 12 20 20 11 27 12 13 7 -5 17 9 3 27 5 2 -21 3 4 20 
141
1
3 16
16 3
0
0
