20 20
10 14 -10 -6 3 13 18 18 -2 18 16 16 11 4 9 -4 3 2 12 -8 
5 16 0 17 6 18 4 4 1 10 -18 -1 -21 -17 9 -17 -8 -4 19 8 
19 14 3 -6 0 8 10 21 20 2 13 15 7 19 21 18 21 17 11 -18 
10 -1 15 15 3 17 17 12 7 -19 2 4 -11 15 -11 12 7 -6 5 -13 
12 12 14 3 -19 3 11 20 6 1 9 -17 -12 14 14 -18 -11 11 20 -16 
9 -18 8 0 7 8 7 9 11 -6 1 1 -12 -3 -4 4 -15 11 18 7 
19 -3 20 1 1 -16 6 -19 7 -2 -3 2 5 9 20 15 5 19 1 8 
6 19 1 4 -15 21 13 17 21 12 6 12 -3 -8 -6 -17 10 0 -9 -1 
5 10 -12 -20 10 2 5 -19 -17 17 19 16 20 -2 10 -9 10 6 1 -21 
2 11 18 -4 1 -3 -9 -20 19 9 -4 12 8 0 3 20 11 2 -18 -10 
-10 -18 2 11 20 3 0 8 12 -4 9 19 -20 -9 -3 1 -4 18 11 2 
-21 1 6 10 -9 10 -2 20 16 19 17 -17 -19 5 2 10 -20 -12 10 5 
-1 -9 0 10 -17 -6 -8 -3 12 6 12 21 17 13 21 -15 4 1 19 6 
8 1 19 5 15 20 9 5 2 -3 -2 7 -19 6 -16 1 1 20 -3 19 
7 18 11 -15 4 -4 -3 -12 1 1 -6 11 9 7 8 7 0 8 -18 9 
-16 20 11 -11 -18 14 14 -12 -17 9 1 6 20 11 3 -19 3 14 12 12 
-13 5 -6 7 12 -11 15 -11 4 2 -19 7 12 17 17 3 15 15 -1 10 
-18 11 17 21 18 21 19 7 15 13 2 20 21 10 8 0 -6 3 14 19 
8 19 -4 -8 -17 9 -17 -21 -1 -18 10 1 4 4 18 6 17 0 16 5 
-8 12 2 3 -4 9 4 11 16 16 18 -2 18 18 13 3 -6 -10 14 10 
45
1
2 15
17 4
0
0
