20 20
1 -8 3 8 14 2 0 -14 4 -11 2 11 -8 6 9 9 10 15 12 6 
2 -10 12 6 11 10 -14 4 1 -6 1 4 -10 5 -11 -9 1 13 10 10 
8 5 10 3 1 3 12 5 6 12 -12 4 15 6 2 7 11 6 -9 12 
-10 9 13 -11 -14 12 7 -1 -2 5 10 14 10 -5 12 -8 9 3 -9 -4 
5 -10 3 10 12 4 11 12 6 12 12 -2 10 -1 4 14 15 -14 15 7 
8 9 1 7 -5 2 3 -15 3 4 4 4 3 5 3 -4 6 -9 1 15 
-12 10 9 7 -6 11 -4 -11 7 6 6 -6 -7 15 1 0 15 -2 13 1 
-14 5 8 13 2 -4 14 -12 -4 5 -12 6 15 4 11 0 0 6 11 -6 
6 -8 5 -14 4 -14 12 7 15 13 7 11 1 -1 -6 13 -6 6 10 10 
14 1 10 2 6 12 -10 4 8 3 -4 7 -10 4 9 13 3 13 12 6 
6 12 13 3 13 9 4 -10 7 -4 3 8 4 -10 12 6 2 10 1 14 
10 10 6 -6 13 -6 -1 1 11 7 13 15 7 12 -14 4 -14 5 -8 6 
-6 11 6 0 0 11 4 15 6 -12 5 -4 -12 14 -4 2 13 8 5 -14 
1 13 -2 15 0 1 15 -7 -6 6 6 7 -11 -4 11 -6 7 9 10 -12 
15 1 -9 6 -4 3 5 3 4 4 4 3 -15 3 2 -5 7 1 9 8 
7 15 -14 15 14 4 -1 10 -2 12 12 6 12 11 4 12 10 3 -10 5 
-4 -9 3 9 -8 12 -5 10 14 10 5 -2 -1 7 12 -14 -11 13 9 -10 
12 -9 6 11 7 2 6 15 4 -12 12 6 5 12 3 1 3 10 5 8 
10 10 13 1 -9 -11 5 -10 4 1 -6 1 4 -14 10 11 6 12 -10 2 
6 12 15 10 9 9 6 -8 11 2 -11 4 -14 0 2 14 8 3 -8 1 
72
1
14 10
5 9
0
0
