20 20
23 5 -25 20 20 -7 -13 -9 12 11 17 -17 22 -9 -19 2 22 22 -18 -3 
25 17 1 -19 5 2 -10 24 -8 19 19 3 19 -23 16 1 -20 8 7 10 
-23 12 5 22 12 15 8 13 -5 -3 11 15 16 24 -14 -7 21 0 25 13 
1 21 -25 1 14 5 21 1 -22 -4 -7 1 19 25 -10 22 8 -13 6 -24 
7 -15 6 -13 6 14 22 -12 12 18 13 10 11 -11 12 9 2 9 17 14 
9 4 9 1 6 2 23 17 -19 3 -14 4 24 23 3 17 0 -15 4 -12 
9 15 -20 -4 6 7 21 13 21 5 -19 20 3 7 20 -14 -21 23 -10 11 
-25 19 17 20 1 3 1 18 17 16 20 23 -7 13 14 14 4 17 8 25 
14 20 21 17 -14 11 -15 4 20 20 -13 4 17 -13 3 6 14 24 4 -15 
14 21 22 -11 16 7 8 2 -3 -20 18 21 12 18 11 13 11 7 2 -12 
-12 2 7 11 13 11 18 12 21 18 -20 -3 2 8 7 16 -11 22 21 14 
-15 4 24 14 6 3 -13 17 4 -13 20 20 4 -15 11 -14 17 21 20 14 
25 8 17 4 14 14 13 -7 23 20 16 17 18 1 3 1 20 17 19 -25 
11 -10 23 -21 -14 20 7 3 20 -19 5 21 13 21 7 6 -4 -20 15 9 
-12 4 -15 0 17 3 23 24 4 -14 3 -19 17 23 2 6 1 9 4 9 
14 17 9 2 9 12 -11 11 10 13 18 12 -12 22 14 6 -13 6 -15 7 
-24 6 -13 8 22 -10 25 19 1 -7 -4 -22 1 21 5 14 1 -25 21 1 
13 25 0 21 -7 -14 24 16 15 11 -3 -5 13 8 15 12 22 5 12 -23 
10 7 8 -20 1 16 -23 19 3 19 19 -8 24 -10 2 5 -19 1 17 25 
-3 -18 22 22 2 -19 -9 22 -17 17 11 12 -9 -13 -7 20 20 -25 5 23 
110
1
1 9
18 10
0
0
