20 20
22 18 16 -15 -13 14 2 6 10 1 22 17 8 15 9 12 19 22 8 6 
8 12 7 2 20 22 8 24 4 5 18 22 -5 20 5 1 8 2 5 -16 
14 10 22 13 -15 17 7 16 13 8 16 8 24 10 13 19 16 5 22 -12 
13 -11 -8 -7 -20 21 13 21 14 20 8 14 0 -9 16 4 -20 -4 2 14 
-6 16 2 14 1 24 23 14 -21 -5 -11 2 11 22 3 23 9 23 8 24 
-21 -2 15 8 21 11 1 -15 22 15 -24 2 22 16 -6 14 7 17 4 -18 
9 20 6 4 -21 24 -7 -1 4 19 24 22 16 1 17 -7 8 -11 2 20 
23 -5 22 -10 -24 11 11 12 15 7 -3 19 24 23 15 -13 -23 23 6 2 
-12 16 18 -10 12 9 10 13 24 8 -13 23 -12 21 3 -22 -11 24 17 23 
0 2 20 24 23 -10 -6 15 -14 21 19 2 -16 -20 17 21 8 21 5 24 
24 5 21 8 21 17 -20 -16 2 19 21 -14 15 -6 -10 23 24 20 2 0 
23 17 24 -11 -22 3 21 -12 23 -13 8 24 13 10 9 12 -10 18 16 -12 
2 6 23 -23 -13 15 23 24 19 -3 7 15 12 11 11 -24 -10 22 -5 23 
20 2 -11 8 -7 17 1 16 22 24 19 4 -1 -7 24 -21 4 6 20 9 
-18 4 17 7 14 -6 16 22 2 -24 15 22 -15 1 11 21 8 15 -2 -21 
24 8 23 9 23 3 22 11 2 -11 -5 -21 14 23 24 1 14 2 16 -6 
14 2 -4 -20 4 16 -9 0 14 8 20 14 21 13 21 -20 -7 -8 -11 13 
-12 22 5 16 19 13 10 24 8 16 8 13 16 7 17 -15 13 22 10 14 
-16 5 2 8 1 5 20 -5 22 18 5 4 24 8 22 20 2 7 12 8 
6 8 22 19 12 9 15 8 17 22 1 10 6 2 14 -13 -15 16 18 22 
72
1
2 5
17 14
0
0
