20 20
4 14 9 11 18 19 0 18 19 6 6 5 -3 -11 10 -2 -3 9 5 -11 
3 23 0 22 20 2 2 -15 3 -21 15 -6 0 15 20 6 -15 12 0 21 
23 20 6 11 10 4 16 14 22 8 -19 1 -14 7 11 11 16 3 -9 3 
-23 19 -19 21 5 19 20 2 18 4 5 -5 22 15 11 15 9 -19 17 3 
5 -6 22 10 -1 18 10 13 -17 -16 9 11 17 10 1 24 14 11 -21 13 
4 18 -6 2 19 -25 1 -17 10 -9 20 3 -24 20 5 13 -19 5 -23 -19 
22 18 1 11 22 -2 5 8 13 16 -18 13 6 -12 18 20 4 3 3 20 
-17 3 21 10 5 -21 13 -6 1 7 22 9 -15 -23 22 14 14 1 -12 25 
12 3 16 -15 -8 -22 21 25 5 4 18 -12 10 -22 19 22 -6 -24 4 -13 
5 -2 6 19 1 -10 23 23 8 -4 6 -9 22 8 0 20 22 9 0 -18 
-18 0 9 22 20 0 8 22 -9 6 -4 8 23 23 -10 1 19 6 -2 5 
-13 4 -24 -6 22 19 -22 10 -12 18 4 5 25 21 -22 -8 -15 16 3 12 
25 -12 1 14 14 22 -23 -15 9 22 7 1 -6 13 -21 5 10 21 3 -17 
20 3 3 4 20 18 -12 6 13 -18 16 13 8 5 -2 22 11 1 18 22 
-19 -23 5 -19 13 5 20 -24 3 20 -9 10 -17 1 -25 19 2 -6 18 4 
13 -21 11 14 24 1 10 17 11 9 -16 -17 13 10 18 -1 10 22 -6 5 
3 17 -19 9 15 11 15 22 -5 5 4 18 2 20 19 5 21 -19 19 -23 
3 -9 3 16 11 11 7 -14 1 -19 8 22 14 16 4 10 11 6 20 23 
21 0 12 -15 6 20 15 0 -6 15 -21 3 -15 2 2 20 22 0 23 3 
-11 5 9 -3 -2 10 -11 -3 5 6 6 19 18 0 19 18 11 9 14 4 
42
1
3 2
16 17
0
0
