20 20
19 15 9 -18 -4 7 13 11 -16 -14 9 11 14 17 18 16 19 20 -9 4 
13 -8 2 15 9 12 -13 1 5 18 17 4 -15 19 6 14 -14 16 8 9 
-16 14 19 1 14 -3 16 9 6 6 -18 0 3 -12 0 8 20 20 20 -15 
-2 11 17 13 15 10 0 -17 11 19 4 17 -5 7 17 8 4 -14 3 -14 
9 -19 8 10 16 10 -4 -5 7 -16 20 6 5 -20 -18 8 -8 -8 19 -18 
-4 14 19 -12 19 4 7 19 -12 18 1 15 8 12 1 17 20 -6 14 16 
11 8 15 6 -13 7 13 11 18 20 -5 7 13 5 3 19 19 12 5 12 
-3 20 13 11 4 -4 19 17 -20 13 2 4 13 3 2 19 -17 17 -13 0 
4 -3 12 13 1 14 -13 -9 19 14 7 15 4 20 2 4 16 14 12 -11 
3 6 14 19 -8 17 20 19 12 14 11 19 19 19 17 2 -14 8 4 19 
19 4 8 -14 2 17 19 19 19 11 14 12 19 20 17 -8 19 14 6 3 
-11 12 14 16 4 2 20 4 15 7 14 19 -9 -13 14 1 13 12 -3 4 
0 -13 17 -17 19 2 3 13 4 2 13 -20 17 19 -4 4 11 13 20 -3 
12 5 12 19 19 3 5 13 7 -5 20 18 11 13 7 -13 6 15 8 11 
16 14 -6 20 17 1 12 8 15 1 18 -12 19 7 4 19 -12 19 14 -4 
-18 19 -8 -8 8 -18 -20 5 6 20 -16 7 -5 -4 10 16 10 8 -19 9 
-14 3 -14 4 8 17 7 -5 17 4 19 11 -17 0 10 15 13 17 11 -2 
-15 20 20 20 8 0 -12 3 0 -18 6 6 9 16 -3 14 1 19 14 -16 
9 8 16 -14 14 6 19 -15 4 17 18 5 1 -13 12 9 15 2 -8 13 
4 -9 20 19 16 18 17 14 11 9 -14 -16 11 13 7 -4 -18 9 15 19 
172
1
6 15
13 4
0
0
