20 20
23 21 19 14 11 -14 -2 -5 7 17 21 -21 -1 12 8 14 1 12 -6 17 
23 10 15 1 13 5 15 12 -7 23 9 4 -16 0 4 -9 7 -1 22 2 
2 -22 -12 -17 21 21 3 22 13 18 23 -20 20 20 19 19 17 22 -10 -12 
11 17 7 -20 6 -15 20 17 22 -2 20 16 6 -18 -15 7 -15 -19 -16 -6 
8 -14 19 16 22 -15 3 -8 5 10 4 13 20 4 18 11 12 -11 -15 13 
-23 23 16 18 3 13 9 8 20 -12 4 6 18 19 14 6 6 18 -6 12 
-15 12 18 23 1 20 9 13 -5 22 12 20 -15 -16 3 -7 -4 20 18 11 
7 18 18 -22 21 16 10 10 17 21 19 8 17 -10 9 19 -22 12 12 16 
21 21 -8 4 2 10 4 19 5 19 8 19 10 -11 12 18 6 19 23 19 
13 17 18 14 21 -13 22 -10 5 -12 18 10 7 12 -16 8 -11 22 1 18 
18 1 22 -11 8 -16 12 7 10 18 -12 5 -10 22 -13 21 14 18 17 13 
19 23 19 6 18 12 -11 10 19 8 19 5 19 4 10 2 4 -8 21 21 
16 12 12 -22 19 9 -10 17 8 19 21 17 10 10 16 21 -22 18 18 7 
11 18 20 -4 -7 3 -16 -15 20 12 22 -5 13 9 20 1 23 18 12 -15 
12 -6 18 6 6 14 19 18 6 4 -12 20 8 9 13 3 18 16 23 -23 
13 -15 -11 12 11 18 4 20 13 4 10 5 -8 3 -15 22 16 19 -14 8 
-6 -16 -19 -15 7 -15 -18 6 16 20 -2 22 17 20 -15 6 -20 7 17 11 
-12 -10 22 17 19 19 20 20 -20 23 18 13 22 3 21 21 -17 -12 -22 2 
2 22 -1 7 -9 4 0 -16 4 9 23 -7 12 15 5 13 1 15 10 23 
17 -6 12 1 14 8 12 -1 -21 21 17 7 -5 -2 -14 11 14 19 21 23 
173
1
11 3
8 16
0
0
