20 20
9 9 4 14 3 2 19 24 -18 16 6 20 22 1 13 4 1 1 25 25 
-21 17 4 19 25 -19 9 9 3 18 13 11 7 0 26 -11 11 -20 11 -22 
1 18 4 17 23 17 25 2 -18 -14 22 -12 14 11 8 17 19 19 11 -9 
21 -15 22 16 -10 8 24 10 4 8 10 21 26 6 -26 20 -3 14 -8 -21 
12 5 13 12 -1 24 11 5 15 3 0 -11 -18 6 10 -13 5 20 12 3 
9 -18 -11 10 4 24 2 10 -26 -4 10 -24 -17 7 8 15 14 1 -25 9 
-14 16 -8 -19 -17 11 21 0 14 -12 23 12 17 -8 -25 4 -24 3 16 19 
-10 -19 23 12 24 25 5 14 26 9 -10 -16 -18 7 22 25 13 22 13 14 
-12 -5 18 5 -2 20 -18 4 11 5 -3 -20 -13 22 25 18 25 21 -1 2 
14 -7 12 11 -13 17 -15 13 11 21 -9 21 0 -5 15 7 17 14 -22 -25 
-25 -22 14 17 7 15 -5 0 21 -9 21 11 13 -15 17 -13 11 12 -7 14 
2 -1 21 25 18 25 22 -13 -20 -3 5 11 4 -18 20 -2 5 18 -5 -12 
14 13 22 13 25 22 7 -18 -16 -10 9 26 14 5 25 24 12 23 -19 -10 
19 16 3 -24 4 -25 -8 17 12 23 -12 14 0 21 11 -17 -19 -8 16 -14 
9 -25 1 14 15 8 7 -17 -24 10 -4 -26 10 2 24 4 10 -11 -18 9 
3 12 20 5 -13 10 6 -18 -11 0 3 15 5 11 24 -1 12 13 5 12 
-21 -8 14 -3 20 -26 6 26 21 10 8 4 10 24 8 -10 16 22 -15 21 
-9 11 19 19 17 8 11 14 -12 22 -14 -18 2 25 17 23 17 4 18 1 
-22 11 -20 11 -11 26 0 7 11 13 18 3 9 9 -19 25 19 4 17 -21 
25 25 1 1 4 13 1 22 20 6 16 -18 24 19 2 3 14 4 9 9 
155
1
5 13
14 6
0
0
