20 20
12 7 4 8 1 5 9 13 -4 10 -7 10 8 3 8 9 2 -2 11 11 
5 2 -10 10 11 2 11 -6 4 8 5 2 11 -5 7 2 9 10 12 9 
4 11 1 4 2 3 8 12 6 12 1 -1 -4 0 -1 9 6 3 6 -11 
6 4 13 6 -10 0 -4 -11 5 12 -13 6 2 11 8 1 -9 10 -6 12 
0 -2 3 8 -10 5 5 -9 -6 10 3 5 4 9 12 3 13 8 7 10 
1 4 8 13 -9 10 3 -13 2 -8 1 5 -6 8 7 8 -6 5 8 -3 
13 1 2 -9 5 -5 2 4 -6 4 1 4 5 5 4 7 11 -8 7 12 
10 -2 1 3 1 3 2 -7 10 4 1 -4 -9 -10 7 10 8 0 11 6 
8 5 7 9 11 9 8 6 8 -10 -13 3 3 7 1 2 -7 -13 8 1 
0 10 4 6 7 13 9 9 9 10 9 8 7 -9 3 13 7 8 -11 13 
13 -11 8 7 13 3 -9 7 8 9 10 9 9 9 13 7 6 4 10 0 
1 8 -13 -7 2 1 7 3 3 -13 -10 8 6 8 9 11 9 7 5 8 
6 11 0 8 10 7 -10 -9 -4 1 4 10 -7 2 3 1 3 1 -2 10 
12 7 -8 11 7 4 5 5 4 1 4 -6 4 2 -5 5 -9 2 1 13 
-3 8 5 -6 8 7 8 -6 5 1 -8 2 -13 3 10 -9 13 8 4 1 
10 7 8 13 3 12 9 4 5 3 10 -6 -9 5 5 -10 8 3 -2 0 
12 -6 10 -9 1 8 11 2 6 -13 12 5 -11 -4 0 -10 6 13 4 6 
-11 6 3 6 9 -1 0 -4 -1 1 12 6 12 8 3 2 4 1 11 4 
9 12 10 9 2 7 -5 11 2 5 8 4 -6 11 2 11 10 -10 2 5 
11 11 -2 2 9 8 3 8 10 -7 10 -4 13 9 5 1 8 4 7 12 
83
1
9 15
10 4
0
0
