20 20
16 9 15 -7 -8 -13 1 1 17 -7 12 13 -4 10 7 15 12 7 13 -8 
17 6 -5 13 -4 5 -7 12 7 10 9 3 11 -17 -6 10 11 11 13 -1 
3 -10 16 1 3 10 17 10 6 8 6 9 -15 -15 5 -15 14 15 8 15 
17 -13 -3 -15 11 -12 -15 -4 11 6 12 -5 14 4 -3 -9 11 4 -10 1 
1 4 15 -5 1 17 -5 15 -17 0 1 11 17 -15 15 2 -13 12 12 9 
5 -4 16 -1 -9 14 -14 1 -15 -11 6 0 14 17 8 12 2 13 1 14 
0 8 15 11 1 9 12 3 -10 1 8 10 1 3 4 15 -4 -16 13 17 
7 4 -15 13 -4 6 -10 -2 -12 4 9 13 9 15 15 5 -1 1 14 1 
6 9 16 0 16 9 5 16 -13 11 12 14 17 16 12 17 17 12 -12 -14 
-5 -13 -15 12 -10 8 5 8 6 8 1 8 -8 9 2 1 11 3 -14 3 
3 -14 3 11 1 2 9 -8 8 1 8 6 8 5 8 -10 12 -15 -13 -5 
-14 -12 12 17 17 12 16 17 14 12 11 -13 16 5 9 16 0 16 9 6 
1 14 1 -1 5 15 15 9 13 9 4 -12 -2 -10 6 -4 13 -15 4 7 
17 13 -16 -4 15 4 3 1 10 8 1 -10 3 12 9 1 11 15 8 0 
14 1 13 2 12 8 17 14 0 6 -11 -15 1 -14 14 -9 -1 16 -4 5 
9 12 12 -13 2 15 -15 17 11 1 0 -17 15 -5 17 1 -5 15 4 1 
1 -10 4 11 -9 -3 4 14 -5 12 6 11 -4 -15 -12 11 -15 -3 -13 17 
15 8 15 14 -15 5 -15 -15 9 6 8 6 10 17 10 3 1 16 -10 3 
-1 13 11 11 10 -6 -17 11 3 9 10 7 12 -7 5 -4 13 -5 6 17 
-8 13 7 12 15 7 10 -4 13 12 -7 17 1 1 -13 -8 -7 15 9 16 
74
1
7 1
12 18
0
0
