20 20
2 12 13 15 6 12 -7 -10 -9 -7 11 15 0 5 2 16 5 1 1 6 
6 16 13 0 9 -9 11 13 11 8 7 2 -11 14 -6 5 4 13 -7 -16 
10 6 5 -12 4 15 -8 8 16 -12 3 1 15 -1 1 7 2 -16 -5 2 
1 6 1 13 4 11 5 2 13 5 8 1 16 11 -4 14 0 4 4 14 
11 7 14 5 4 -5 -8 10 10 13 3 11 -5 -10 4 7 5 9 -3 1 
1 2 -12 9 11 12 15 -12 3 2 14 8 9 9 -15 5 5 0 6 14 
-16 16 -6 2 1 1 -14 -3 15 6 8 1 6 13 6 1 11 10 -13 -15 
-2 8 12 15 7 -8 16 4 15 -14 13 8 -5 8 12 -3 11 5 10 10 
3 4 -5 6 4 3 -4 6 10 11 8 10 -13 -13 4 2 3 14 2 -7 
-4 6 4 0 0 11 -11 11 -2 11 -3 13 11 7 1 -13 16 15 4 0 
0 4 15 16 -13 1 7 11 13 -3 11 -2 11 -11 11 0 0 4 6 -4 
-7 2 14 3 2 4 -13 -13 10 8 11 10 6 -4 3 4 6 -5 4 3 
10 10 5 11 -3 12 8 -5 8 13 -14 15 4 16 -8 7 15 12 8 -2 
-15 -13 10 11 1 6 13 6 1 8 6 15 -3 -14 1 1 2 -6 16 -16 
14 6 0 5 5 -15 9 9 8 14 2 3 -12 15 12 11 9 -12 2 1 
1 -3 9 5 7 4 -10 -5 11 3 13 10 10 -8 -5 4 5 14 7 11 
14 4 4 0 14 -4 11 16 1 8 5 13 2 5 11 4 13 1 6 1 
2 -5 -16 2 7 1 -1 15 1 3 -12 16 8 -8 15 4 -12 5 6 10 
-16 -7 13 4 5 -6 14 -11 2 7 8 11 13 11 -9 9 0 13 16 6 
6 1 1 5 16 2 5 0 15 11 -7 -9 -10 -7 12 6 15 13 12 2 
81
1
13 0
6 19
0
0
