20 20
12 0 7 5 13 7 2 6 14 15 19 11 18 14 -3 5 11 19 -14 2 
19 3 11 0 8 13 -9 7 4 8 5 3 -4 13 5 7 5 7 17 19 
17 18 13 19 -11 2 6 5 12 2 0 -11 19 9 10 8 2 8 2 2 
10 13 3 5 6 -13 8 10 9 5 3 -16 -1 0 1 10 2 5 -11 5 
-7 7 13 -12 5 5 5 5 -8 13 16 15 -6 10 -7 -10 0 -11 19 7 
9 6 -18 13 16 -17 8 14 2 -5 4 7 2 -2 19 -10 5 10 16 13 
3 8 7 17 11 15 12 4 0 4 14 14 -12 -7 11 1 -7 6 18 2 
-14 -16 9 -14 -11 3 7 16 -3 5 7 19 18 11 13 2 2 15 -8 11 
17 4 -3 6 -12 17 18 4 13 8 13 13 14 14 -11 16 14 -7 10 8 
-1 18 15 18 -10 11 11 2 11 -7 15 14 5 -4 0 -3 11 -4 12 0 
0 12 -4 11 -3 0 -4 5 14 15 -7 11 2 11 11 -10 18 15 18 -1 
8 10 -7 14 16 -11 14 14 13 13 8 13 4 18 17 -12 6 -3 4 17 
11 -8 15 2 2 13 11 18 19 7 5 -3 16 7 3 -11 -14 9 -16 -14 
2 18 6 -7 1 11 -7 -12 14 14 4 0 4 12 15 11 17 7 8 3 
13 16 10 5 -10 19 -2 2 7 4 -5 2 14 8 -17 16 13 -18 6 9 
7 19 -11 0 -10 -7 10 -6 15 16 13 -8 5 5 5 5 -12 13 7 -7 
5 -11 5 2 10 1 0 -1 -16 3 5 9 10 8 -13 6 5 3 13 10 
2 2 8 2 8 10 9 19 -11 0 2 12 5 6 2 -11 19 13 18 17 
19 17 7 5 7 5 13 -4 3 5 8 4 7 -9 13 8 0 11 3 19 
2 -14 19 11 5 -3 14 18 11 19 15 14 6 2 7 13 5 7 0 12 
174
1
15 2
4 17
0
0
