20 20
13 22 0 5 19 -23 19 10 27 22 2 24 1 18 -16 7 1 22 4 14 
-18 -16 -4 10 0 6 -1 24 7 20 10 9 -22 13 19 -21 21 -24 28 13 
-15 18 14 -25 19 10 -11 17 25 -23 15 17 10 7 3 22 10 24 -9 23 
19 0 -20 3 7 20 23 -3 5 7 27 20 11 15 19 0 26 14 -4 -4 
1 -19 -22 10 5 -5 19 23 28 6 23 5 3 -1 2 16 20 19 9 17 
20 24 4 19 21 1 6 0 21 26 6 27 7 21 13 4 28 1 19 15 
14 8 20 -7 0 20 25 10 -4 -13 -9 5 -20 12 0 23 23 -1 22 -25 
20 8 10 12 -23 6 4 -9 -15 -28 -8 1 19 21 27 23 23 5 21 -11 
18 6 20 27 -15 27 3 10 12 1 26 2 2 5 14 -5 19 0 -13 8 
13 8 22 26 1 9 23 14 -9 -21 10 23 7 9 5 12 18 9 -6 15 
15 -6 9 18 12 5 9 7 23 10 -21 -9 14 23 9 1 26 22 8 13 
8 -13 0 19 -5 14 5 2 2 26 1 12 10 3 27 -15 27 20 6 18 
-11 21 5 23 23 27 21 19 1 -8 -28 -15 -9 4 6 -23 12 10 8 20 
-25 22 -1 23 23 0 12 -20 5 -9 -13 -4 10 25 20 0 -7 20 8 14 
15 19 1 28 4 13 21 7 27 6 26 21 0 6 1 21 19 4 24 20 
17 9 19 20 16 2 -1 3 5 23 6 28 23 19 -5 5 10 -22 -19 1 
-4 -4 14 26 0 19 15 11 20 27 7 5 -3 23 20 7 3 -20 0 19 
23 -9 24 10 22 3 7 10 17 15 -23 25 17 -11 10 19 -25 14 18 -15 
13 28 -24 21 -21 19 13 -22 9 10 20 7 24 -1 6 0 10 -4 -16 -18 
14 4 22 1 7 -16 18 1 24 2 22 27 10 19 -23 19 5 0 22 13 
89
1
3 10
16 9
0
0
