20 20
0 -11 8 3 9 14 0 1 -13 11 0 2 5 -8 2 8 4 5 1 12 
-1 11 4 14 9 9 14 4 -3 6 -4 6 -9 -4 10 -2 -3 4 10 4 
0 3 10 0 -10 12 12 3 7 11 11 7 7 5 4 4 -8 4 4 7 
-8 -7 5 10 5 7 4 -10 8 14 0 -4 -3 -4 8 13 7 14 -12 13 
12 12 -9 -7 -1 11 -5 10 6 10 0 3 8 14 4 1 -1 -4 11 -5 
14 12 2 5 -3 4 4 1 11 2 -1 14 8 5 13 10 5 6 -1 10 
3 1 2 9 -7 5 2 10 11 -6 7 13 14 -5 -11 14 2 -5 6 -12 
12 -2 8 6 -1 -14 9 -2 10 11 7 -9 6 3 5 1 8 -13 7 -14 
-9 9 -5 1 2 5 13 -6 -6 2 13 11 -7 4 -6 9 7 10 5 6 
12 13 -2 -3 11 -5 4 1 1 2 5 12 4 0 3 -10 -6 2 2 13 
13 2 2 -6 -10 3 0 4 12 5 2 1 1 4 -5 11 -3 -2 13 12 
6 5 10 7 9 -6 4 -7 11 13 2 -6 -6 13 5 2 1 -5 9 -9 
-14 7 -13 8 1 5 3 6 -9 7 11 10 -2 9 -14 -1 6 8 -2 12 
-12 6 -5 2 14 -11 -5 14 13 7 -6 11 10 2 5 -7 9 2 1 3 
10 -1 6 5 10 13 5 8 14 -1 2 11 1 4 4 -3 5 2 12 14 
-5 11 -4 -1 1 4 14 8 3 0 10 6 10 -5 11 -1 -7 -9 12 12 
13 -12 14 7 13 8 -4 -3 -4 0 14 8 -10 4 7 5 10 5 -7 -8 
7 4 4 -8 4 4 5 7 7 11 11 7 3 12 12 -10 0 10 3 0 
4 10 4 -3 -2 10 -4 -9 6 -4 6 -3 4 14 9 9 14 4 11 -1 
12 1 5 4 8 2 -8 5 2 0 11 -13 1 0 14 9 3 8 -11 0 
84
1
11 7
8 12
0
0
