20 20
5 12 -6 -13 3 -7 1 11 -7 2 1 12 13 8 10 -3 -10 7 5 -14 
-4 8 6 -5 -13 5 6 6 -2 11 -3 3 4 14 -12 2 14 -1 14 -11 
13 -11 -11 6 6 8 9 9 13 13 13 -12 -13 11 4 8 4 2 1 14 
3 10 2 10 6 -5 12 10 -4 -14 10 1 -5 -5 -6 14 8 -10 7 2 
7 13 8 13 14 5 3 10 13 1 8 1 -7 -7 -5 3 5 1 1 6 
9 12 12 1 8 13 -5 14 1 -9 -7 -13 -10 12 14 -8 -6 8 11 11 
14 10 2 -5 11 6 -3 6 1 14 13 1 11 5 12 7 -9 13 13 1 
8 2 4 9 8 4 3 14 3 7 8 -3 8 2 8 1 10 5 13 -3 
2 13 1 -1 1 10 -13 2 1 8 8 14 11 -8 -4 8 7 3 13 -2 
-4 14 1 1 4 -13 7 12 10 13 -13 3 12 -4 2 1 8 2 5 13 
13 5 2 8 1 2 -4 12 3 -13 13 10 12 7 -13 4 1 1 14 -4 
-2 13 3 7 8 -4 -8 11 14 8 8 1 2 -13 10 1 -1 1 13 2 
-3 13 5 10 1 8 2 8 -3 8 7 3 14 3 4 8 9 4 2 8 
1 13 13 -9 7 12 5 11 1 13 14 1 6 -3 6 11 -5 2 10 14 
11 11 8 -6 -8 14 12 -10 -13 -7 -9 1 14 -5 13 8 1 12 12 9 
6 1 1 5 3 -5 -7 -7 1 8 1 13 10 3 5 14 13 8 13 7 
2 7 -10 8 14 -6 -5 -5 1 10 -14 -4 10 12 -5 6 10 2 10 3 
14 1 2 4 8 4 11 -13 -12 13 13 13 9 9 8 6 6 -11 -11 13 
-11 14 -1 14 2 -12 14 4 3 -3 11 -2 6 6 5 -13 -5 6 8 -4 
-14 5 7 -10 -3 10 8 13 12 1 2 -7 11 1 -7 3 -13 -6 12 5 
83
1
15 1
4 18
0
0
