20 20
5 17 3 -8 9 -9 -27 7 16 23 6 8 26 11 -1 28 27 -1 4 22 
21 25 17 2 25 -20 9 6 26 -14 16 2 -5 2 20 1 17 26 12 17 
3 -16 -26 -6 -16 4 0 28 15 0 27 19 1 -1 1 18 -16 -20 13 14 
-3 15 0 10 -6 4 -4 2 8 -23 -19 2 -22 -11 -10 26 -17 22 20 28 
25 10 2 -4 26 5 -26 17 25 -22 5 -10 10 -26 24 -2 20 -2 12 15 
10 -26 9 18 17 -26 15 3 0 17 15 7 28 28 28 -2 13 12 5 4 
14 12 5 8 19 22 4 2 27 18 -17 -24 12 3 -27 11 4 5 -27 -21 
7 4 14 3 23 -26 -16 -14 9 0 20 14 11 21 23 14 9 -17 5 6 
-11 16 19 -4 -25 9 23 7 23 2 6 -19 11 -27 14 13 -26 26 3 5 
21 17 -25 12 27 27 19 17 -16 1 -16 -14 15 9 0 -26 16 17 5 25 
25 5 17 16 -26 0 9 15 -14 -16 1 -16 17 19 27 27 12 -25 17 21 
5 3 26 -26 13 14 -27 11 -19 6 2 23 7 23 9 -25 -4 19 16 -11 
6 5 -17 9 14 23 21 11 14 20 0 9 -14 -16 -26 23 3 14 4 7 
-21 -27 5 4 11 -27 3 12 -24 -17 18 27 2 4 22 19 8 5 12 14 
4 5 12 13 -2 28 28 28 7 15 17 0 3 15 -26 17 18 9 -26 10 
15 12 -2 20 -2 24 -26 10 -10 5 -22 25 17 -26 5 26 -4 2 10 25 
28 20 22 -17 26 -10 -11 -22 2 -19 -23 8 2 -4 4 -6 10 0 15 -3 
14 13 -20 -16 18 1 -1 1 19 27 0 15 28 0 4 -16 -6 -26 -16 3 
17 12 26 17 1 20 2 -5 2 16 -14 26 6 9 -20 25 2 17 25 21 
22 4 -1 27 28 -1 11 26 8 6 23 16 7 -27 -9 9 -8 3 17 5 
62
1
13 12
6 7
0
0
