20 20
-5 2 -1 -3 17 10 6 6 3 -15 16 5 4 7 16 15 10 11 12 8 
4 2 9 -1 9 9 -14 -11 13 12 -6 12 17 3 12 5 9 -16 10 4 
-3 10 -17 15 3 12 7 2 6 8 8 15 3 11 0 -16 0 5 1 11 
14 -5 8 8 14 -6 14 15 4 -4 -16 10 -5 16 12 -13 10 14 1 10 
8 1 11 14 2 0 17 -12 9 17 12 -4 8 15 -8 -17 4 4 16 -16 
7 5 0 4 -9 -2 11 13 6 17 0 9 1 11 -3 5 17 11 2 14 
3 16 -10 -17 1 -17 5 -7 -13 6 13 10 -2 1 -6 3 -6 -11 13 7 
-8 5 16 17 -8 4 -11 13 -16 15 11 16 11 9 3 -15 13 5 4 10 
11 16 10 14 7 0 9 16 17 -13 6 15 -1 2 8 -3 14 -11 5 -5 
13 7 7 1 -9 10 -7 3 6 7 11 9 -2 15 -12 2 15 16 4 6 
6 4 16 15 2 -12 15 -2 9 11 7 6 3 -7 10 -9 1 7 7 13 
-5 5 -11 14 -3 8 2 -1 15 6 -13 17 16 9 0 7 14 10 16 11 
10 4 5 13 -15 3 9 11 16 11 15 -16 13 -11 4 -8 17 16 5 -8 
7 13 -11 -6 3 -6 1 -2 10 13 6 -13 -7 5 -17 1 -17 -10 16 3 
14 2 11 17 5 -3 11 1 9 0 17 6 13 11 -2 -9 4 0 5 7 
-16 16 4 4 -17 -8 15 8 -4 12 17 9 -12 17 0 2 14 11 1 8 
10 1 14 10 -13 12 16 -5 10 -16 -4 4 15 14 -6 14 8 8 -5 14 
11 1 5 0 -16 0 11 3 15 8 8 6 2 7 12 3 15 -17 10 -3 
4 10 -16 9 5 12 3 17 12 -6 12 13 -11 -14 9 9 -1 9 2 4 
8 12 11 10 15 16 7 4 5 16 -15 3 6 6 10 17 -3 -1 2 -5 
133
1
16 18
3 1
0
0
