20 20
21 4 -27 5 23 21 24 4 0 14 16 7 29 21 13 -14 25 22 20 17 
5 -10 9 -1 15 6 -1 18 0 6 16 22 12 21 11 26 14 16 16 23 
29 10 -1 0 3 28 -11 -5 -29 29 6 3 -9 7 29 28 5 26 -29 13 
4 19 -25 23 -12 4 9 -23 -14 19 21 26 -15 25 25 17 -4 22 21 29 
25 18 21 23 12 25 14 25 -12 2 0 15 3 13 -4 28 9 -14 -13 2 
-10 26 18 22 -13 25 3 7 28 -7 16 28 12 1 16 5 -27 3 9 28 
14 20 14 25 -2 10 17 19 -7 19 16 20 18 21 -17 17 2 -27 -10 -28 
-14 19 3 5 -6 21 6 27 -5 8 15 24 9 -10 -8 7 13 1 29 28 
7 7 -10 5 6 11 -23 9 10 25 18 -11 17 6 19 18 14 10 -27 25 
16 25 27 -9 24 16 -13 9 -15 21 18 6 13 5 4 8 -13 2 -25 2 
2 -25 2 -13 8 4 5 13 6 18 21 -15 9 -13 16 24 -9 27 25 16 
25 -27 10 14 18 19 6 17 -11 18 25 10 9 -23 11 6 5 -10 7 7 
28 29 1 13 7 -8 -10 9 24 15 8 -5 27 6 21 -6 5 3 19 -14 
-28 -10 -27 2 17 -17 21 18 20 16 19 -7 19 17 10 -2 25 14 20 14 
28 9 3 -27 5 16 1 12 28 16 -7 28 7 3 25 -13 22 18 26 -10 
2 -13 -14 9 28 -4 13 3 15 0 2 -12 25 14 25 12 23 21 18 25 
29 21 22 -4 17 25 25 -15 26 21 19 -14 -23 9 4 -12 23 -25 19 4 
13 -29 26 5 28 29 7 -9 3 6 29 -29 -5 -11 28 3 0 -1 10 29 
23 16 16 14 26 11 21 12 22 16 6 0 18 -1 6 15 -1 9 -10 5 
17 20 22 25 -14 13 21 29 7 16 14 0 4 24 21 23 5 -27 4 21 
84
1
11 12
8 7
0
0
