20 20
18 12 8 -21 14 6 18 21 12 10 -3 2 2 22 22 3 19 2 16 3 
16 -6 19 -23 9 7 5 19 -20 15 9 5 -12 1 3 -19 15 -17 12 8 
13 -16 -12 19 12 22 0 9 20 22 16 20 19 1 -10 -2 9 4 23 23 
-12 -11 -11 1 -17 -19 13 18 17 16 20 -12 -10 18 1 13 -22 15 8 12 
10 5 10 0 -18 19 4 5 7 5 -21 -3 0 4 6 10 -8 12 -11 23 
18 19 5 -2 21 7 14 -10 7 -20 12 12 1 23 14 21 17 9 -3 -17 
-3 3 4 16 8 -15 8 -12 12 4 20 16 11 9 19 2 14 2 2 22 
11 -12 14 2 1 1 9 2 9 -5 8 -19 -14 -20 -3 8 16 21 -4 23 
-4 6 19 20 18 18 6 18 16 3 5 14 -15 8 8 9 -4 15 10 1 
0 -8 10 -18 1 7 5 1 16 20 11 18 23 5 21 21 11 19 2 3 
3 2 19 11 21 21 5 23 18 11 20 16 1 5 7 1 -18 10 -8 0 
1 10 15 -4 9 8 8 -15 14 5 3 16 18 6 18 18 20 19 6 -4 
23 -4 21 16 8 -3 -20 -14 -19 8 -5 9 2 9 1 1 2 14 -12 11 
22 2 2 14 2 19 9 11 16 20 4 12 -12 8 -15 8 16 4 3 -3 
-17 -3 9 17 21 14 23 1 12 12 -20 7 -10 14 7 21 -2 5 19 18 
23 -11 12 -8 10 6 4 0 -3 -21 5 7 5 4 19 -18 0 10 5 10 
12 8 15 -22 13 1 18 -10 -12 20 16 17 18 13 -19 -17 1 -11 -11 -12 
23 23 4 9 -2 -10 1 19 20 16 22 20 9 0 22 12 19 -12 -16 13 
8 12 -17 15 -19 3 1 -12 5 9 15 -20 19 5 7 9 -23 19 -6 16 
3 16 2 19 3 22 22 2 2 -3 10 12 21 18 6 14 -21 8 12 18 
137
1
19 16
0 3
0
0
