20 20
-21 8 -6 -14 12 23 26 14 24 21 0 21 6 22 -1 18 7 9 -2 -5 
9 24 24 25 24 10 0 19 26 -6 14 25 -21 23 7 26 -2 3 24 -1 
2 -21 20 12 21 17 0 -6 24 11 8 -4 24 -23 -2 21 17 -20 16 -25 
-17 -2 0 20 5 -17 8 14 23 1 -13 2 21 2 22 24 2 22 12 8 
4 0 19 17 11 -3 13 17 18 21 6 -12 -9 18 8 -18 8 1 14 7 
-6 13 2 21 7 -25 5 1 14 -16 13 -3 12 17 5 17 -3 22 -22 -17 
-24 9 19 26 16 -19 10 7 14 25 25 13 -6 -24 -8 4 23 5 -23 -17 
16 -25 -9 11 15 -6 -2 14 22 -26 22 13 10 26 -22 22 -8 12 7 22 
12 23 -8 -1 20 11 25 -19 -23 -10 6 21 25 16 1 8 26 14 22 11 
1 7 6 25 6 13 -4 23 9 -17 16 -7 19 19 -22 1 9 6 18 6 
6 18 6 9 1 -22 19 19 -7 16 -17 9 23 -4 13 6 25 6 7 1 
11 22 14 26 8 1 16 25 21 6 -10 -23 -19 25 11 20 -1 -8 23 12 
22 7 12 -8 22 -22 26 10 13 22 -26 22 14 -2 -6 15 11 -9 -25 16 
-17 -23 5 23 4 -8 -24 -6 13 25 25 14 7 10 -19 16 26 19 9 -24 
-17 -22 22 -3 17 5 17 12 -3 13 -16 14 1 5 -25 7 21 2 13 -6 
7 14 1 8 -18 8 18 -9 -12 6 21 18 17 13 -3 11 17 19 0 4 
8 12 22 2 24 22 2 21 2 -13 1 23 14 8 -17 5 20 0 -2 -17 
-25 16 -20 17 21 -2 -23 24 -4 8 11 24 -6 0 17 21 12 20 -21 2 
-1 24 3 -2 26 7 23 -21 25 14 -6 26 19 0 10 24 25 24 24 9 
-5 -2 9 7 18 -1 22 6 21 0 21 24 14 26 23 12 -14 -6 8 -21 
42
1
19 10
0 9
0
0
