20 20
2 14 6 -18 15 10 15 10 12 10 8 1 11 22 22 17 9 9 21 8 
3 4 16 3 21 14 -5 0 9 21 2 -11 9 2 3 1 6 8 1 -4 
15 16 -10 -6 22 11 -6 3 12 4 16 8 11 19 12 8 8 -14 18 1 
2 -19 -2 13 8 13 17 19 -8 15 11 1 8 8 -6 18 17 17 -4 -4 
5 16 -16 20 18 15 17 13 18 -14 3 8 15 10 11 6 17 -1 8 20 
12 18 -17 7 4 -17 -16 -2 -14 16 1 11 6 -17 10 5 11 3 10 -3 
4 -16 8 0 22 19 19 5 5 -21 -6 -8 -19 5 20 5 14 -22 14 1 
-20 10 5 11 17 13 -18 21 20 1 9 4 10 1 22 -8 -1 17 -8 10 
0 -4 6 17 11 -15 -7 12 4 16 2 7 3 7 -5 -9 4 12 15 1 
18 0 17 12 -12 19 4 8 15 1 6 9 6 15 -8 13 -20 -17 -6 18 
18 -6 -17 -20 13 -8 15 6 9 6 1 15 8 4 19 -12 12 17 0 18 
1 15 12 4 -9 -5 7 3 7 2 16 4 12 -7 -15 11 17 6 -4 0 
10 -8 17 -1 -8 22 1 10 4 9 1 20 21 -18 13 17 11 5 10 -20 
1 14 -22 14 5 20 5 -19 -8 -6 -21 5 5 19 19 22 0 8 -16 4 
-3 10 3 11 5 10 -17 6 11 1 16 -14 -2 -16 -17 4 7 -17 18 12 
20 8 -1 17 6 11 10 15 8 3 -14 18 13 17 15 18 20 -16 16 5 
-4 -4 17 17 18 -6 8 8 1 11 15 -8 19 17 13 8 13 -2 -19 2 
1 18 -14 8 8 12 19 11 8 16 4 12 3 -6 11 22 -6 -10 16 15 
-4 1 8 6 1 3 2 9 -11 2 21 9 0 -5 14 21 3 16 4 3 
8 21 9 9 17 22 22 11 1 8 10 12 10 15 10 15 -18 6 14 2 
71
1
5 9
14 10
0
0
