20 20
-4 2 0 15 -6 -16 -6 15 -5 12 0 12 -3 7 4 0 -3 12 7 16 
16 -12 2 -16 -15 16 7 2 6 12 16 11 -5 7 13 13 -4 -16 -16 13 
-1 -15 -4 6 7 16 6 -14 1 10 11 14 8 -9 6 9 5 -2 4 7 
-10 2 14 12 -2 3 -1 13 14 7 15 -11 16 -12 10 -13 13 13 13 -4 
3 2 0 12 16 2 2 -10 13 9 -12 -7 0 0 7 15 15 9 -16 14 
4 7 11 15 8 -5 16 7 9 3 -16 -8 -14 15 6 9 -9 9 10 6 
15 5 3 8 -8 5 -8 -3 -7 4 -7 13 15 1 -15 12 0 7 11 6 
2 4 8 11 -12 11 11 2 3 5 -9 5 9 9 -9 6 2 8 6 11 
4 0 6 7 -4 15 14 1 0 3 5 4 7 -6 10 11 13 3 -9 2 
15 14 0 5 14 16 14 6 3 11 1 -1 5 -3 12 -4 -6 4 3 -16 
-16 3 4 -6 -4 12 -3 5 -1 1 11 3 6 14 16 14 5 0 14 15 
2 -9 3 13 11 10 -6 7 4 5 3 0 1 14 15 -4 7 6 0 4 
11 6 8 2 6 -9 9 9 5 -9 5 3 2 11 11 -12 11 8 4 2 
6 11 7 0 12 -15 1 15 13 -7 4 -7 -3 -8 5 -8 8 3 5 15 
6 10 9 -9 9 6 15 -14 -8 -16 3 9 7 16 -5 8 15 11 7 4 
14 -16 9 15 15 7 0 0 -7 -12 9 13 -10 2 2 16 12 0 2 3 
-4 13 13 13 -13 10 -12 16 -11 15 7 14 13 -1 3 -2 12 14 2 -10 
7 4 -2 5 9 6 -9 8 14 11 10 1 -14 6 16 7 6 -4 -15 -1 
13 -16 -16 -4 13 13 7 -5 11 16 12 6 2 7 16 -15 -16 2 -12 16 
16 7 12 -3 0 4 7 -3 12 0 12 -5 15 -6 -16 -6 15 0 2 -4 
68
1
19 6
0 13
0
0
