20 20
9 12 5 6 6 4 0 12 13 8 -13 12 5 15 10 12 -9 9 9 1 
11 15 8 4 0 11 4 0 12 15 4 3 11 -10 9 13 12 2 6 15 
9 10 10 14 6 6 14 14 -13 6 11 9 14 1 -7 12 7 3 14 14 
-12 2 -15 -13 -15 10 -11 -15 10 -11 6 11 -1 2 -15 14 10 13 -6 13 
10 1 4 7 -10 7 14 -10 -8 -11 1 2 10 7 1 -15 -13 -9 -15 -9 
2 -12 13 11 0 -14 0 10 -3 7 1 0 1 -1 -9 14 -12 7 0 4 
7 -11 13 7 -5 10 12 -11 11 14 7 4 1 6 6 2 5 11 -8 10 
8 11 -11 2 5 1 15 5 0 2 10 10 7 3 10 9 1 11 5 -12 
2 6 7 -5 4 0 10 -15 9 3 2 -1 13 2 4 15 15 -7 -9 9 
12 14 2 4 -14 3 -12 7 -14 -4 -3 7 8 2 11 10 12 13 6 6 
6 6 13 12 10 11 2 8 7 -3 -4 -14 7 -12 3 -14 4 2 14 12 
9 -9 -7 15 15 4 2 13 -1 2 3 9 -15 10 0 4 -5 7 6 2 
-12 5 11 1 9 10 3 7 10 10 2 0 5 15 1 5 2 -11 11 8 
10 -8 11 5 2 6 6 1 4 7 14 11 -11 12 10 -5 7 13 -11 7 
4 0 7 -12 14 -9 -1 1 0 1 7 -3 10 0 -14 0 11 13 -12 2 
-9 -15 -9 -13 -15 1 7 10 2 1 -11 -8 -10 14 7 -10 7 4 1 10 
13 -6 13 10 14 -15 2 -1 11 6 -11 10 -15 -11 10 -15 -13 -15 2 -12 
14 14 3 7 12 -7 1 14 9 11 6 -13 14 14 6 6 14 10 10 9 
15 6 2 12 13 9 -10 11 3 4 15 12 0 4 11 0 4 8 15 11 
1 9 9 -9 12 10 15 5 12 -13 8 13 12 0 4 6 6 5 12 9 
55
1
3 5
16 14
0
0
