20 20
-22 16 29 29 23 15 -11 22 29 28 19 27 27 6 -19 21 20 21 17 3 
-16 5 -5 20 4 -29 5 -22 25 27 25 28 -16 30 28 9 24 8 10 11 
6 30 5 -25 11 25 7 8 11 24 -5 -5 -22 29 9 -30 15 -23 1 29 
18 -20 5 27 3 -16 6 25 0 -17 -4 15 -26 17 19 -10 3 26 5 0 
-15 6 20 -17 -30 -23 -12 4 18 23 19 9 -7 -6 9 -22 17 28 15 25 
-30 7 18 22 15 -21 5 15 -7 20 3 11 9 -26 -11 -16 18 0 -8 27 
-12 29 12 18 6 13 10 3 11 24 17 0 17 8 9 11 20 -28 -9 -8 
29 27 11 4 18 -24 5 -30 -16 -5 -23 25 25 24 1 1 23 1 26 27 
28 3 -25 5 2 15 1 -24 2 21 11 -23 22 -24 30 -13 13 -10 10 20 
24 9 7 15 4 -23 10 4 29 3 -20 -19 15 19 11 6 10 9 15 9 
9 15 9 10 6 11 19 15 -19 -20 3 29 4 10 -23 4 15 7 9 24 
20 10 -10 13 -13 30 -24 22 -23 11 21 2 -24 1 15 2 5 -25 3 28 
27 26 1 23 1 1 24 25 25 -23 -5 -16 -30 5 -24 18 4 11 27 29 
-8 -9 -28 20 11 9 8 17 0 17 24 11 3 10 13 6 18 12 29 -12 
27 -8 0 18 -16 -11 -26 9 11 3 20 -7 15 5 -21 15 22 18 7 -30 
25 15 28 17 -22 9 -6 -7 9 19 23 18 4 -12 -23 -30 -17 20 6 -15 
0 5 26 3 -10 19 17 -26 15 -4 -17 0 25 6 -16 3 27 5 -20 18 
29 1 -23 15 -30 9 29 -22 -5 -5 24 11 8 7 25 11 -25 5 30 6 
11 10 8 24 9 28 30 -16 28 25 27 25 -22 5 -29 4 20 -5 5 -16 
3 17 21 20 21 -19 6 27 27 19 28 29 22 -11 15 23 29 29 16 -22 
61
1
12 0
7 19
0
0
