20 20
-1 2 4 -6 -10 1 2 4 6 6 9 1 7 0 0 -3 2 3 7 1 
9 8 6 9 7 3 5 9 6 -10 1 5 7 -7 7 8 1 7 8 4 
7 0 2 7 7 2 5 -2 5 10 5 2 5 7 0 -1 10 5 5 6 
4 7 2 3 2 1 -7 5 2 10 0 -2 -5 2 7 -5 5 6 1 7 
8 0 7 2 3 -4 10 7 3 0 2 8 8 -7 10 3 6 10 8 1 
-10 2 -8 8 6 1 8 7 7 6 9 4 9 1 10 5 7 1 2 8 
9 7 3 2 -1 0 -6 3 10 0 -4 -2 0 -1 -1 -3 1 4 0 7 
2 3 3 4 5 5 2 9 2 2 -1 4 8 -10 0 4 -7 7 10 1 
2 4 -8 7 4 6 3 6 10 6 -9 -7 5 3 10 9 2 1 8 8 
4 2 0 9 -7 2 0 10 -5 -1 8 -4 -7 3 9 -7 5 2 -6 6 
6 -6 2 5 -7 9 3 -7 -4 8 -1 -5 10 0 2 -7 9 0 2 4 
8 8 1 2 9 10 3 5 -7 -9 6 10 6 3 6 4 7 -8 4 2 
1 10 7 -7 4 0 -10 8 4 -1 2 2 9 2 5 5 4 3 3 2 
7 0 4 1 -3 -1 -1 0 -2 -4 0 10 3 -6 0 -1 2 3 7 9 
8 2 1 7 5 10 1 9 4 9 6 7 7 8 1 6 8 -8 2 -10 
1 8 10 6 3 10 -7 8 8 2 0 3 7 10 -4 3 2 7 0 8 
7 1 6 5 -5 7 2 -5 -2 0 10 2 5 -7 1 2 3 2 7 4 
6 5 5 10 -1 0 7 5 2 5 10 5 -2 5 2 7 7 2 0 7 
4 8 7 1 8 7 -7 7 5 1 -10 6 9 5 3 7 9 6 8 9 
1 7 3 2 -3 0 0 7 1 9 6 6 4 2 1 -10 -6 4 2 -1 
168
1
16 13
3 6
0
0
