20 20
23 11 -22 5 7 5 3 12 26 -13 -26 -3 -7 19 15 13 -10 1 13 11 
4 7 3 18 19 6 -2 10 -1 14 0 15 -18 17 3 -24 9 0 -18 12 
6 26 1 -4 1 -15 -18 18 22 22 -4 25 -4 9 22 3 -24 16 1 -22 
-24 10 20 11 4 14 5 10 5 -15 -13 20 -4 -14 -21 -7 20 12 11 -9 
14 -10 -24 -2 17 18 -13 26 18 15 26 -18 -15 20 23 14 19 4 10 -25 
-5 22 -25 -11 6 20 1 26 -22 5 17 -5 8 14 -11 5 20 3 1 8 
12 5 -25 11 9 1 4 6 12 12 19 -3 13 9 8 7 16 3 7 6 
14 5 -9 5 20 -22 11 25 20 13 19 20 25 15 22 24 -2 25 6 -1 
4 8 13 2 0 12 11 -22 20 12 9 -8 24 23 0 5 23 -24 -14 21 
9 3 7 17 -16 10 14 -18 26 3 -8 -4 10 -25 3 1 24 -25 -16 24 
24 -16 -25 24 1 3 -25 10 -4 -8 3 26 -18 14 10 -16 17 7 3 9 
21 -14 -24 23 5 0 23 24 -8 9 12 20 -22 11 12 0 2 13 8 4 
-1 6 25 -2 24 22 15 25 20 19 13 20 25 11 -22 20 5 -9 5 14 
6 7 3 16 7 8 9 13 -3 19 12 12 6 4 1 9 11 -25 5 12 
8 1 3 20 5 -11 14 8 -5 17 5 -22 26 1 20 6 -11 -25 22 -5 
-25 10 4 19 14 23 20 -15 -18 26 15 18 26 -13 18 17 -2 -24 -10 14 
-9 11 12 20 -7 -21 -14 -4 20 -13 -15 5 10 5 14 4 11 20 10 -24 
-22 1 16 -24 3 22 9 -4 25 -4 22 22 18 -18 -15 1 -4 1 26 6 
12 -18 0 9 -24 3 17 -18 15 0 14 -1 10 -2 6 19 18 3 7 4 
11 13 1 -10 13 15 19 -7 -3 -26 -13 26 12 3 5 7 5 -22 11 23 
181
1
19 9
0 10
0
0
