20 20
9 4 19 19 19 8 -2 14 -17 7 -2 1 -5 4 14 16 8 0 24 -8 
23 -19 -24 -4 6 -21 1 14 22 7 21 17 9 -16 -22 16 -3 16 17 -15 
12 24 24 -7 15 -13 -22 2 8 -9 4 -4 16 -15 23 22 12 8 -12 11 
25 13 2 3 1 20 14 1 -4 9 13 5 18 17 -6 8 20 7 25 6 
4 1 5 1 -5 0 -3 3 -9 16 6 6 0 -19 2 0 10 18 11 16 
13 9 2 9 5 25 -19 18 7 8 23 5 19 9 -18 -1 20 22 15 -7 
-18 -7 14 24 15 20 -25 3 22 11 14 13 5 18 17 21 4 -21 -1 -17 
17 -15 -4 5 24 -5 13 14 9 12 -16 -18 11 22 -9 12 14 20 -23 13 
1 -16 1 6 15 -22 -7 15 22 10 12 20 24 4 -19 8 6 20 11 4 
10 14 3 1 24 9 12 14 -23 2 10 17 3 4 13 12 3 19 -12 1 
1 -12 19 3 12 13 4 3 17 10 2 -23 14 12 9 24 1 3 14 10 
4 11 20 6 8 -19 4 24 20 12 10 22 15 -7 -22 15 6 1 -16 1 
13 -23 20 14 12 -9 22 11 -18 -16 12 9 14 13 -5 24 5 -4 -15 17 
-17 -1 -21 4 21 17 18 5 13 14 11 22 3 -25 20 15 24 14 -7 -18 
-7 15 22 20 -1 -18 9 19 5 23 8 7 18 -19 25 5 9 2 9 13 
16 11 18 10 0 2 -19 0 6 6 16 -9 3 -3 0 -5 1 5 1 4 
6 25 7 20 8 -6 17 18 5 13 9 -4 1 14 20 1 3 2 13 25 
11 -12 8 12 22 23 -15 16 -4 4 -9 8 2 -22 -13 15 -7 24 24 12 
-15 17 16 -3 16 -22 -16 9 17 21 7 22 14 1 -21 6 -4 -24 -19 23 
-8 24 0 8 16 14 4 -5 1 -2 7 -17 14 -2 8 19 19 19 4 9 
31
1
6 18
13 1
0
0
