20 20
16 19 5 2 15 20 23 3 3 8 -20 15 18 9 22 16 22 8 -7 -22 
25 7 2 -2 11 7 11 2 15 -16 13 25 13 11 11 25 1 17 23 25 
6 13 1 3 12 9 -12 6 12 8 25 19 16 -2 -8 10 11 10 -13 2 
18 18 -9 -22 -17 7 12 3 3 2 16 8 -21 11 13 19 9 -4 -21 15 
7 19 -3 18 7 10 10 1 6 21 -14 4 -7 17 23 10 6 4 -14 14 
-11 14 8 5 8 -11 -5 -25 6 0 23 24 4 4 11 23 22 21 2 -3 
11 6 13 1 2 6 1 5 19 -21 2 -8 25 21 20 13 21 22 22 -24 
18 15 22 19 25 5 24 25 22 1 11 25 22 14 -24 -5 -23 9 -1 25 
-14 22 12 4 15 16 17 -5 -18 19 4 -7 -9 21 4 0 -10 21 15 19 
5 22 6 20 8 21 20 12 11 22 2 15 13 22 23 -19 2 10 6 18 
18 6 10 2 -19 23 22 13 15 2 22 11 12 20 21 8 20 6 22 5 
19 15 21 -10 0 4 21 -9 -7 4 19 -18 -5 17 16 15 4 12 22 -14 
25 -1 9 -23 -5 -24 14 22 25 11 1 22 25 24 5 25 19 22 15 18 
-24 22 22 21 13 20 21 25 -8 2 -21 19 5 1 6 2 1 13 6 11 
-3 2 21 22 23 11 4 4 24 23 0 6 -25 -5 -11 8 5 8 14 -11 
14 -14 4 6 10 23 17 -7 4 -14 21 6 1 10 10 7 18 -3 19 7 
15 -21 -4 9 19 13 11 -21 8 16 2 3 3 12 7 -17 -22 -9 18 18 
2 -13 10 11 10 -8 -2 16 19 25 8 12 6 -12 9 12 3 1 13 6 
25 23 17 1 25 11 11 13 25 13 -16 15 2 11 7 11 -2 2 7 25 
-22 -7 8 22 16 22 9 18 15 -20 8 3 3 23 20 15 2 5 19 16 
70
1
17 16
2 3
0
0
