20 20
2 -8 6 -7 6 8 6 3 -6 3 -4 0 3 3 -6 11 0 2 -2 11 
-12 6 3 5 11 6 3 12 11 0 6 0 6 11 -1 1 5 7 5 4 
-11 9 4 1 12 9 11 3 10 5 8 11 6 -3 -2 -6 7 0 -2 10 
8 12 1 5 -11 8 4 10 7 7 0 -5 12 5 5 11 1 6 11 2 
-7 -1 1 10 -7 9 9 9 9 9 10 3 5 10 12 12 1 2 -12 8 
-5 8 6 -9 0 3 8 12 6 11 12 11 8 6 -12 -10 1 3 12 4 
7 -12 -8 6 6 8 -7 12 3 -2 -10 2 9 0 -9 1 3 11 8 11 
1 0 12 6 12 -9 -4 -10 11 5 1 11 12 -1 1 -12 5 11 -7 8 
8 -10 -11 11 -12 2 8 3 12 7 -11 7 8 11 1 6 1 6 12 8 
3 8 5 8 9 1 7 5 4 3 6 0 7 -6 4 -12 -12 -7 5 7 
7 5 -7 -12 -12 4 -6 7 0 6 3 4 5 7 1 9 8 5 8 3 
8 12 6 1 6 1 11 8 7 -11 7 12 3 8 2 -12 11 -11 -10 8 
8 -7 11 5 -12 1 -1 12 11 1 5 11 -10 -4 -9 12 6 12 0 1 
11 8 11 3 1 -9 0 9 2 -10 -2 3 12 -7 8 6 6 -8 -12 7 
4 12 3 1 -10 -12 6 8 11 12 11 6 12 8 3 0 -9 6 8 -5 
8 -12 2 1 12 12 10 5 3 10 9 9 9 9 9 -7 10 1 -1 -7 
2 11 6 1 11 5 5 12 -5 0 7 7 10 4 8 -11 5 1 12 8 
10 -2 0 7 -6 -2 -3 6 11 8 5 10 3 11 9 12 1 4 9 -11 
4 5 7 5 1 -1 11 6 0 6 0 11 12 3 6 11 5 3 6 -12 
11 -2 2 0 11 -6 3 3 0 -4 3 -6 3 6 8 6 -7 6 -8 2 
133
1
9 16
10 3
0
0
