20 20
9 11 4 13 -5 7 5 16 -5 26 11 21 9 8 3 7 -20 19 14 21 
20 25 25 -6 -1 25 3 17 1 5 -12 18 -12 14 -20 25 21 7 27 10 
4 -6 21 16 15 12 24 13 -16 -7 -15 6 10 -7 18 12 20 26 21 -21 
-20 20 -20 -20 18 -3 23 17 24 25 18 -27 13 19 12 14 9 -24 7 11 
-12 8 -6 16 -22 6 21 18 18 10 25 4 17 11 25 15 14 3 15 18 
10 26 3 7 10 23 20 1 27 3 -14 9 19 -23 27 -12 17 17 4 0 
23 -17 22 18 -5 21 5 6 26 4 24 24 10 -2 -12 10 11 18 8 16 
20 9 0 25 5 1 1 26 -5 23 27 26 27 19 -9 0 15 17 23 23 
27 3 26 -12 21 4 -2 -2 -6 12 14 2 15 5 14 11 10 19 -4 24 
4 25 24 25 15 25 0 20 4 -25 23 27 18 1 20 9 -22 27 2 27 
27 2 27 -22 9 20 1 18 27 23 -25 4 20 0 25 15 25 24 25 4 
24 -4 19 10 11 14 5 15 2 14 12 -6 -2 -2 4 21 -12 26 3 27 
23 23 17 15 0 -9 19 27 26 27 23 -5 26 1 1 5 25 0 9 20 
16 8 18 11 10 -12 -2 10 24 24 4 26 6 5 21 -5 18 22 -17 23 
0 4 17 17 -12 27 -23 19 9 -14 3 27 1 20 23 10 7 3 26 10 
18 15 3 14 15 25 11 17 4 25 10 18 18 21 6 -22 16 -6 8 -12 
11 7 -24 9 14 12 19 13 -27 18 25 24 17 23 -3 18 -20 -20 20 -20 
-21 21 26 20 12 18 -7 10 6 -15 -7 -16 13 24 12 15 16 21 -6 4 
10 27 7 21 25 -20 14 -12 18 -12 5 1 17 3 25 -1 -6 25 25 20 
21 14 19 -20 7 3 8 9 21 11 26 -5 16 5 7 -5 13 4 11 9 
37
1
5 16
14 3
0
0
