20 20
7 12 -1 -4 3 2 6 8 -11 0 -8 7 11 -13 1 10 4 -1 1 8 
-8 9 -2 -6 9 4 11 7 -11 -9 -5 -10 -9 12 2 0 3 -6 2 5 
-1 8 13 1 9 5 8 -11 6 8 7 5 9 0 7 5 -12 8 -2 -4 
3 2 10 10 1 6 2 9 8 13 0 9 7 5 9 4 -3 -8 8 -8 
11 2 -2 1 13 2 1 3 4 -10 13 -2 -10 3 -4 5 6 -5 5 -8 
3 5 -4 2 13 -2 -7 -10 6 6 -10 -8 -11 4 8 -5 -12 10 -1 7 
4 5 12 3 2 6 3 4 6 1 -13 12 -8 -3 1 -10 1 2 10 10 
-1 -1 -9 -1 10 6 3 6 2 3 13 -6 11 0 12 2 13 -4 8 13 
8 12 6 -6 13 -2 0 -2 2 -1 7 8 13 6 6 12 10 10 9 -4 
-13 7 9 1 10 4 11 -5 10 5 3 -12 7 1 4 6 12 2 1 3 
3 1 2 12 6 4 1 7 -12 3 5 10 -5 11 4 10 1 9 7 -13 
-4 9 10 10 12 6 6 13 8 7 -1 2 -2 0 -2 13 -6 6 12 8 
13 8 -4 13 2 12 0 11 -6 13 3 2 6 3 6 10 -1 -9 -1 -1 
10 10 2 1 -10 1 -3 -8 12 -13 1 6 4 3 6 2 3 12 5 4 
7 -1 10 -12 -5 8 4 -11 -8 -10 6 6 -10 -7 -2 13 2 -4 5 3 
-8 5 -5 6 5 -4 3 -10 -2 13 -10 4 3 1 2 13 1 -2 2 11 
-8 8 -8 -3 4 9 5 7 9 0 13 8 9 2 6 1 10 10 2 3 
-4 -2 8 -12 5 7 0 9 5 7 8 6 -11 8 5 9 1 13 8 -1 
5 2 -6 3 0 2 12 -9 -10 -5 -9 -11 7 11 4 9 -6 -2 9 -8 
8 1 -1 4 10 1 -13 11 7 -8 0 -11 8 6 2 3 -4 -1 12 7 
38
1
14 10
5 9
0
0
