20 20
0 3 10 3 17 -7 17 -15 1 9 15 14 19 14 21 4 2 16 8 8 
22 14 5 18 14 5 22 7 -17 2 0 2 11 0 14 -22 19 -18 6 10 
15 10 -14 15 -10 -1 -13 8 16 1 -7 11 20 8 0 17 6 -6 16 9 
-21 15 21 17 17 -19 8 -2 19 9 19 -17 14 1 -11 7 6 13 4 1 
5 7 20 9 15 -8 20 8 -4 1 15 14 22 17 20 2 2 -7 11 -17 
1 17 8 -5 9 -14 15 18 -16 -5 20 13 13 8 18 5 7 3 1 19 
-12 8 12 -5 18 -20 -4 12 15 16 4 -21 11 1 19 -5 20 20 -21 -16 
21 13 12 7 3 12 20 21 -16 -13 22 9 -9 15 -2 16 3 16 14 -21 
12 17 12 3 -9 14 -20 -12 8 18 20 6 22 19 14 15 14 8 21 -2 
17 -19 15 22 5 -11 22 7 1 4 -3 11 -20 8 9 2 -6 -4 1 8 
8 1 -4 -6 2 9 8 -20 11 -3 4 1 7 22 -11 5 22 15 -19 17 
-2 21 8 14 15 14 19 22 6 20 18 8 -12 -20 14 -9 3 12 17 12 
-21 14 16 3 16 -2 15 -9 9 22 -13 -16 21 20 12 3 7 12 13 21 
-16 -21 20 20 -5 19 1 11 -21 4 16 15 12 -4 -20 18 -5 12 8 -12 
19 1 3 7 5 18 8 13 13 20 -5 -16 18 15 -14 9 -5 8 17 1 
-17 11 -7 2 2 20 17 22 14 15 1 -4 8 20 -8 15 9 20 7 5 
1 4 13 6 7 -11 1 14 -17 19 9 19 -2 8 -19 17 17 21 15 -21 
9 16 -6 6 17 0 8 20 11 -7 1 16 8 -13 -1 -10 15 -14 10 15 
10 6 -18 19 -22 14 0 11 2 0 2 -17 7 22 5 14 18 5 14 22 
8 8 16 2 4 21 14 19 14 15 9 1 -15 17 -7 17 3 10 3 0 
177
1
18 11
1 8
0
0
