20 20
7 15 22 -9 11 22 -8 -15 3 -16 -20 11 -21 20 -21 7 7 20 21 -19 
6 -3 16 6 24 23 8 2 10 5 12 22 12 -12 -8 10 -21 23 -15 -16 
14 3 10 23 -24 5 11 8 9 20 2 -10 4 11 3 19 -4 13 2 -22 
-22 9 20 7 0 10 -13 8 22 22 -24 -9 2 22 18 18 5 17 2 10 
-23 -7 14 -2 16 10 15 3 7 15 16 7 4 0 -2 10 -4 16 7 24 
16 14 23 11 12 10 15 6 16 16 1 0 -7 10 -14 5 -10 -18 5 6 
-13 21 8 -21 -18 14 -20 7 11 13 3 5 10 -12 21 1 12 19 18 18 
21 13 13 -24 -4 18 24 18 -22 10 -4 20 21 0 -11 -13 0 22 17 -18 
12 21 15 -5 9 -5 23 -10 5 4 17 14 -19 8 9 18 24 20 -15 -6 
24 22 6 11 10 8 16 -16 -22 17 -8 -20 18 23 11 14 0 3 2 3 
3 2 3 0 14 11 23 18 -20 -8 17 -22 -16 16 8 10 11 6 22 24 
-6 -15 20 24 18 9 8 -19 14 17 4 5 -10 23 -5 9 -5 15 21 12 
-18 17 22 0 -13 -11 0 21 20 -4 10 -22 18 24 18 -4 -24 13 13 21 
18 18 19 12 1 21 -12 10 5 3 13 11 7 -20 14 -18 -21 8 21 -13 
6 5 -18 -10 5 -14 10 -7 0 1 16 16 6 15 10 12 11 23 14 16 
24 7 16 -4 10 -2 0 4 7 16 15 7 3 15 10 16 -2 14 -7 -23 
10 2 17 5 18 18 22 2 -9 -24 22 22 8 -13 10 0 7 20 9 -22 
-22 2 13 -4 19 3 11 4 -10 2 20 9 8 11 5 -24 23 10 3 14 
-16 -15 23 -21 10 -8 -12 12 22 12 5 10 2 8 23 24 6 16 -3 6 
-19 21 20 7 7 -21 20 -21 11 -20 -16 3 -15 -8 22 11 -9 22 15 7 
189
1
17 1
2 18
0
0
