20 20
25 -4 -11 8 -12 23 -4 -26 -14 -25 -21 -24 14 11 13 8 25 22 9 -10 
8 21 13 -14 21 -3 -9 -13 12 12 23 16 2 12 3 3 25 20 0 21 
20 18 -18 2 7 -3 -25 2 13 4 22 7 2 -25 0 14 18 -19 -5 -22 
13 19 7 17 4 -5 7 -21 -26 15 -24 -5 23 3 18 -21 15 18 -25 19 
20 20 11 -10 -11 13 -11 13 23 3 -14 6 24 4 26 2 9 26 17 4 
5 -16 10 6 17 12 -12 10 5 0 -23 -7 4 -1 19 -18 -19 17 14 9 
22 8 11 -4 15 -7 8 2 14 1 3 12 14 2 23 -18 2 21 24 14 
-19 8 9 18 16 -13 3 11 -10 -15 5 4 15 20 -15 25 24 7 19 -17 
8 16 13 13 1 1 22 16 20 5 15 -1 3 8 3 20 3 15 15 4 
24 13 16 -12 25 25 22 21 22 0 -2 2 22 8 -11 26 3 6 20 22 
22 20 6 3 26 -11 8 22 2 -2 0 22 21 22 25 25 -12 16 13 24 
4 15 15 3 20 3 8 3 -1 15 5 20 16 22 1 1 13 13 16 8 
-17 19 7 24 25 -15 20 15 4 5 -15 -10 11 3 -13 16 18 9 8 -19 
14 24 21 2 -18 23 2 14 12 3 1 14 2 8 -7 15 -4 11 8 22 
9 14 17 -19 -18 19 -1 4 -7 -23 0 5 10 -12 12 17 6 10 -16 5 
4 17 26 9 2 26 4 24 6 -14 3 23 13 -11 13 -11 -10 11 20 20 
19 -25 18 15 -21 18 3 23 -5 -24 15 -26 -21 7 -5 4 17 7 19 13 
-22 -5 -19 18 14 0 -25 2 7 22 4 13 2 -25 -3 7 2 -18 18 20 
21 0 20 25 3 3 12 2 16 23 12 12 -13 -9 -3 21 -14 13 21 8 
-10 9 22 25 8 13 11 14 -24 -21 -25 -14 -26 -4 23 -12 8 -11 -4 25 
119
1
15 4
4 15
0
0
