20 20
-6 17 17 16 16 20 -9 9 3 13 -9 15 14 -7 -19 7 -20 11 5 4 
-14 -18 -6 13 20 3 6 2 8 -5 3 11 5 14 -12 20 -8 18 -14 1 
-1 8 -17 17 -15 5 17 10 13 5 15 16 13 -8 9 16 1 7 -5 6 
-10 6 9 -20 20 8 1 -12 13 1 13 12 6 5 8 -1 18 15 1 5 
17 0 18 18 11 8 20 3 -4 6 1 12 14 2 13 19 14 14 1 -17 
2 7 20 -1 17 18 6 1 19 -13 1 18 -16 11 18 15 2 -18 8 5 
-10 4 18 12 19 -5 9 18 1 7 18 17 10 9 11 17 -10 -1 18 -2 
7 1 3 14 -14 11 11 15 20 17 3 18 4 19 10 -7 5 8 6 -18 
9 5 -13 14 1 17 15 -20 5 20 -3 10 7 7 4 -12 20 18 13 1 
-1 6 12 -11 -17 20 15 16 20 4 9 -18 7 -6 11 13 -12 6 -7 10 
10 -7 6 -12 13 11 -6 7 -18 9 4 20 16 15 20 -17 -11 12 6 -1 
1 13 18 20 -12 4 7 7 10 -3 20 5 -20 15 17 1 14 -13 5 9 
-18 6 8 5 -7 10 19 4 18 3 17 20 15 11 11 -14 14 3 1 7 
-2 18 -1 -10 17 11 9 10 17 18 7 1 18 9 -5 19 12 18 4 -10 
5 8 -18 2 15 18 11 -16 18 1 -13 19 1 6 18 17 -1 20 7 2 
-17 1 14 14 19 13 2 14 12 1 6 -4 3 20 8 11 18 18 0 17 
5 1 15 18 -1 8 5 6 12 13 1 13 -12 1 8 20 -20 9 6 -10 
6 -5 7 1 16 9 -8 13 16 15 5 13 10 17 5 -15 17 -17 8 -1 
1 -14 18 -8 20 -12 14 5 11 3 -5 8 2 6 3 20 13 -6 -18 -14 
4 5 11 -20 7 -19 -7 14 15 -9 13 3 9 -9 20 16 16 17 17 -6 
100
1
3 8
16 11
0
0
