20 20
-24 4 -14 -7 14 15 6 -20 12 12 -1 -15 9 22 15 -24 14 25 27 -21 
14 5 16 4 1 26 19 24 -13 5 18 14 19 -26 -29 27 23 28 -24 -4 
24 0 7 7 1 28 23 24 -17 29 3 3 25 17 -15 -3 -5 -24 -21 19 
8 15 -6 7 23 19 6 24 12 -27 25 -4 29 -5 9 -15 21 22 1 -25 
12 30 18 20 25 27 11 24 21 -6 17 26 29 14 -6 28 19 9 4 24 
23 23 -17 -13 24 4 26 20 6 -7 24 24 -22 25 1 0 12 2 12 20 
4 22 -11 15 2 -10 5 2 14 -14 -23 -10 13 -7 14 15 4 9 24 1 
-13 -20 15 15 8 16 -28 13 -5 -29 23 26 23 9 24 -19 18 1 17 4 
19 0 12 26 30 16 22 1 29 5 4 2 30 18 16 7 28 -22 -16 4 
9 7 13 24 -29 7 13 7 0 -17 11 27 29 27 7 19 0 30 30 -16 
-16 30 30 0 19 7 27 29 27 11 -17 0 7 13 7 -29 24 13 7 9 
4 -16 -22 28 7 16 18 30 2 4 5 29 1 22 16 30 26 12 0 19 
4 17 1 18 -19 24 9 23 26 23 -29 -5 13 -28 16 8 15 15 -20 -13 
1 24 9 4 15 14 -7 13 -10 -23 -14 14 2 5 -10 2 15 -11 22 4 
20 12 2 12 0 1 25 -22 24 24 -7 6 20 26 4 24 -13 -17 23 23 
24 4 9 19 28 -6 14 29 26 17 -6 21 24 11 27 25 20 18 30 12 
-25 1 22 21 -15 9 -5 29 -4 25 -27 12 24 6 19 23 7 -6 15 8 
19 -21 -24 -5 -3 -15 17 25 3 3 29 -17 24 23 28 1 7 7 0 24 
-4 -24 28 23 27 -29 -26 19 14 18 5 -13 24 19 26 1 4 16 5 14 
-21 27 25 14 -24 15 22 9 -15 -1 12 12 -20 6 15 14 -7 -14 4 -24 
57
1
14 11
5 8
0
0
