20 20
7 11 -27 15 -3 3 -23 11 4 6 8 15 2 -23 30 17 -12 29 21 29 
-6 -8 -8 13 3 13 -24 27 5 -8 21 11 3 24 -15 20 24 -10 22 19 
1 13 3 -30 17 -29 20 0 27 10 9 15 0 6 13 11 -17 4 1 7 
6 -24 19 21 -1 15 9 24 -18 -11 11 19 10 7 22 29 12 11 15 20 
18 14 19 -19 11 21 -8 22 29 15 3 11 22 19 15 27 6 -27 14 20 
4 0 6 21 -22 -8 1 8 30 29 -20 22 8 -12 1 30 22 16 -5 8 
-14 10 24 29 -16 23 19 11 29 -15 1 -27 28 0 27 8 -11 -10 30 15 
0 -16 11 8 7 29 23 -28 22 27 29 22 -24 18 12 -9 11 7 18 -3 
20 4 15 25 17 8 23 2 -1 9 11 8 28 18 -24 3 2 -18 27 8 
-12 19 3 11 12 1 -2 23 14 15 1 14 -12 -16 16 9 29 29 28 16 
16 28 29 29 9 16 -16 -12 14 1 15 14 23 -2 1 12 11 3 19 -12 
8 27 -18 2 3 -24 18 28 8 11 9 -1 2 23 8 17 25 15 4 20 
-3 18 7 11 -9 12 18 -24 22 29 27 22 -28 23 29 7 8 11 -16 0 
15 30 -10 -11 8 27 0 28 -27 1 -15 29 11 19 23 -16 29 24 10 -14 
8 -5 16 22 30 1 -12 8 22 -20 29 30 8 1 -8 -22 21 6 0 4 
20 14 -27 6 27 15 19 22 11 3 15 29 22 -8 21 11 -19 19 14 18 
20 15 11 12 29 22 7 10 19 11 -11 -18 24 9 15 -1 21 19 -24 6 
7 1 4 -17 11 13 6 0 15 9 10 27 0 20 -29 17 -30 3 13 1 
19 22 -10 24 20 -15 24 3 11 21 -8 5 27 -24 13 3 13 -8 -8 -6 
29 21 29 -12 17 30 -23 2 15 8 6 4 11 -23 3 -3 15 -27 11 7 
111
1
3 12
16 7
0
0
