20 20
-13 -9 -12 8 15 -6 14 1 5 3 8 8 14 15 1 3 1 12 1 -15 
-6 13 8 12 12 0 3 -6 10 5 15 4 13 14 1 14 5 1 8 0 
-14 -12 -8 -7 5 8 8 11 3 12 -9 -1 4 4 0 -3 11 -14 9 9 
-10 -5 0 3 2 -9 -3 7 2 8 -5 1 -2 8 -8 -9 6 15 10 -11 
15 8 6 4 0 14 12 11 0 -10 5 11 -8 5 10 2 14 8 -12 -15 
6 -3 -12 -5 11 15 8 8 1 7 14 2 4 0 12 4 0 12 -1 -10 
9 -14 8 3 3 0 14 14 -12 7 13 14 13 5 7 7 -4 -9 11 5 
6 13 0 -4 4 9 14 14 15 5 10 6 12 12 10 7 14 -14 11 15 
5 12 5 14 13 -12 1 4 1 -7 -5 -2 15 9 6 1 4 5 3 12 
6 3 12 1 -13 5 -11 15 2 4 -7 -2 -1 -5 10 -11 2 -7 10 6 
6 10 -7 2 -11 10 -5 -1 -2 -7 4 2 15 -11 5 -13 1 12 3 6 
12 3 5 4 1 6 9 15 -2 -5 -7 1 4 1 -12 13 14 5 12 5 
15 11 -14 14 7 10 12 12 6 10 5 15 14 14 9 4 -4 0 13 6 
5 11 -9 -4 7 7 5 13 14 13 7 -12 14 14 0 3 3 8 -14 9 
-10 -1 12 0 4 12 0 4 2 14 7 1 8 8 15 11 -5 -12 -3 6 
-15 -12 8 14 2 10 5 -8 11 5 -10 0 11 12 14 0 4 6 8 15 
-11 10 15 6 -9 -8 8 -2 1 -5 8 2 7 -3 -9 2 3 0 -5 -10 
9 9 -14 11 -3 0 4 4 -1 -9 12 3 11 8 8 5 -7 -8 -12 -14 
0 8 1 5 14 1 14 13 4 15 5 10 -6 3 0 12 12 8 13 -6 
-15 1 12 1 3 1 15 14 8 8 3 5 1 14 -6 15 8 -12 -9 -13 
174
1
5 9
14 10
0
0
