20 20
6 -13 14 -3 10 11 11 13 -17 -13 -7 15 2 4 7 -7 13 6 14 -13 
-16 -14 10 12 -16 18 11 4 -10 16 11 13 17 15 3 5 16 -3 17 13 
3 8 4 13 -15 8 7 5 3 10 1 -7 2 -1 -11 -10 5 8 -4 12 
7 10 5 6 -12 8 6 2 -6 -11 2 9 8 -13 -8 10 10 3 17 4 
10 0 -16 11 4 17 -18 10 15 14 14 5 0 17 5 18 9 13 15 5 
6 -12 13 -11 -18 -1 2 14 7 18 6 -9 -12 18 6 2 10 12 8 1 
0 -3 14 10 -1 4 -1 6 15 16 2 4 -13 10 6 14 14 7 -15 -17 
1 10 6 12 -18 -15 -13 6 -18 17 13 7 -3 16 14 -10 12 11 0 4 
-13 8 5 12 -2 16 -17 7 8 4 -18 0 2 -9 -3 2 9 16 12 12 
15 17 10 10 14 15 15 -15 2 13 16 10 15 -4 10 -6 -8 9 -4 -1 
-1 -4 9 -8 -6 10 -4 15 10 16 13 2 -15 15 15 14 10 10 17 15 
12 12 16 9 2 -3 -9 2 0 -18 4 8 7 -17 16 -2 12 5 8 -13 
4 0 11 12 -10 14 16 -3 7 13 17 -18 6 -13 -15 -18 12 6 10 1 
-17 -15 7 14 14 6 10 -13 4 2 16 15 6 -1 4 -1 10 14 -3 0 
1 8 12 10 2 6 18 -12 -9 6 18 7 14 2 -1 -18 -11 13 -12 6 
5 15 13 9 18 5 17 0 5 14 14 15 10 -18 17 4 11 -16 0 10 
4 17 3 10 10 -8 -13 8 9 2 -11 -6 2 6 8 -12 6 5 10 7 
12 -4 8 5 -10 -11 -1 2 -7 1 10 3 5 7 8 -15 13 4 8 3 
13 17 -3 16 5 3 15 17 13 11 16 -10 4 11 18 -16 12 10 -14 -16 
-13 14 6 13 -7 7 4 2 15 -7 -13 -17 13 11 11 10 -3 14 -13 6 
59
1
11 19
8 0
0
0
