20 20
5 2 23 12 7 6 12 -17 4 5 -14 9 21 16 -25 18 13 23 9 8 
-15 9 18 17 -22 25 15 11 1 6 -19 6 4 11 23 15 6 -19 18 -9 
10 14 -20 12 11 3 5 -7 15 9 25 20 -7 12 16 11 1 4 5 -10 
4 24 10 -13 10 16 13 8 5 -21 17 16 -5 -6 23 -3 10 15 -5 -3 
-23 25 11 3 12 18 3 5 5 24 -22 -1 19 22 14 4 21 14 6 -8 
21 12 3 20 12 4 8 19 12 3 10 4 17 22 17 22 -22 -6 18 16 
3 9 14 -22 -19 22 18 11 10 20 -4 -19 4 13 23 6 -1 0 23 3 
11 24 2 14 -5 14 21 18 21 8 -15 15 17 9 6 22 2 18 -8 19 
14 -16 -12 25 11 8 18 19 25 4 -18 9 17 1 16 0 11 15 -19 7 
-12 25 0 12 19 2 11 19 -15 -11 25 16 7 14 22 -14 9 18 1 9 
9 1 18 9 -14 22 14 7 16 25 -11 -15 19 11 2 19 12 0 25 -12 
7 -19 15 11 0 16 1 17 9 -18 4 25 19 18 8 11 25 -12 -16 14 
19 -8 18 2 22 6 9 17 15 -15 8 21 18 21 14 -5 14 2 24 11 
3 23 0 -1 6 23 13 4 -19 -4 20 10 11 18 22 -19 -22 14 9 3 
16 18 -6 -22 22 17 22 17 4 10 3 12 19 8 4 12 20 3 12 21 
-8 6 14 21 4 14 22 19 -1 -22 24 5 5 3 18 12 3 11 25 -23 
-3 -5 15 10 -3 23 -6 -5 16 17 -21 5 8 13 16 10 -13 10 24 4 
-10 5 4 1 11 16 12 -7 20 25 9 15 -7 5 3 11 12 -20 14 10 
-9 18 -19 6 15 23 11 4 6 -19 6 1 11 15 25 -22 17 18 9 -15 
8 9 23 13 18 -25 16 21 9 -14 5 4 -17 12 6 7 12 23 2 5 
62
1
5 11
14 8
0
0
