20 20
-10 -24 1 9 -26 21 16 -18 24 5 7 0 21 9 18 8 29 24 -5 -19 
17 20 26 -28 0 23 0 19 8 0 1 26 21 14 5 19 27 -18 8 16 
0 26 2 3 -24 1 0 5 -29 -24 19 6 -17 17 16 25 29 12 16 13 
25 -29 5 9 10 16 2 4 2 -17 -16 24 28 1 13 6 25 -2 20 7 
28 10 -10 7 -23 1 -4 15 16 22 13 -20 -27 6 23 23 -7 14 28 5 
-9 20 25 23 -16 19 7 -23 -11 18 10 21 20 3 -28 1 24 16 2 -28 
9 4 -10 18 9 6 10 -26 -22 -10 3 13 12 -6 2 25 17 -5 -5 14 
27 16 1 7 5 -21 26 3 29 7 -12 -15 28 6 25 17 20 18 4 -14 
-26 -20 25 22 27 29 -19 5 -15 19 -19 15 3 12 2 28 28 25 7 -7 
25 -19 14 22 5 9 -21 26 7 -1 6 -2 17 6 9 2 2 18 -22 7 
7 -22 18 2 2 9 6 17 -2 6 -1 7 26 -21 9 5 22 14 -19 25 
-7 7 25 28 28 2 12 3 15 -19 19 -15 5 -19 29 27 22 25 -20 -26 
-14 4 18 20 17 25 6 28 -15 -12 7 29 3 26 -21 5 7 1 16 27 
14 -5 -5 17 25 2 -6 12 13 3 -10 -22 -26 10 6 9 18 -10 4 9 
-28 2 16 24 1 -28 3 20 21 10 18 -11 -23 7 19 -16 23 25 20 -9 
5 28 14 -7 23 23 6 -27 -20 13 22 16 15 -4 1 -23 7 -10 10 28 
7 20 -2 25 6 13 1 28 24 -16 -17 2 4 2 16 10 9 5 -29 25 
13 16 12 29 25 16 17 -17 6 19 -24 -29 5 0 1 -24 3 2 26 0 
16 8 -18 27 19 5 14 21 26 1 0 8 19 0 23 0 -28 26 20 17 
-19 -5 24 29 8 18 9 21 0 7 5 24 -18 16 21 -26 9 1 -24 -10 
164
1
19 7
0 12
0
0
