20 20
4 6 -22 -20 27 7 23 16 -27 -26 -7 -20 -24 -10 9 -20 0 0 0 3 
4 -8 16 3 6 -6 -16 4 4 9 9 9 13 -6 13 17 25 18 -4 -21 
6 -21 3 22 22 2 27 -24 18 -27 0 6 -20 13 -2 17 2 21 -22 -8 
-27 5 9 -10 16 25 11 21 15 19 25 -1 11 12 14 9 -4 3 5 -3 
5 8 23 5 14 0 -17 1 21 26 13 3 -25 24 25 19 6 6 10 18 
5 8 -3 11 17 23 6 -27 23 1 10 -16 11 27 3 16 5 11 1 9 
3 24 10 -22 3 12 -25 7 22 25 3 21 -19 25 13 -27 16 15 18 20 
1 19 14 -26 10 -24 -5 -17 1 -23 3 17 3 -15 11 25 26 26 -11 8 
19 9 12 12 6 22 27 25 20 16 20 -17 -10 9 16 26 11 13 -13 4 
-2 1 15 6 11 23 25 23 20 27 6 15 -24 18 19 7 21 14 19 20 
20 19 14 21 7 19 18 -24 15 6 27 20 23 25 23 11 6 15 1 -2 
4 -13 13 11 26 16 9 -10 -17 20 16 20 25 27 22 6 12 12 9 19 
8 -11 26 26 25 11 -15 3 17 3 -23 1 -17 -5 -24 10 -26 14 19 1 
20 18 15 16 -27 13 25 -19 21 3 25 22 7 -25 12 3 -22 10 24 3 
9 1 11 5 16 3 27 11 -16 10 1 23 -27 6 23 17 11 -3 8 5 
18 10 6 6 19 25 24 -25 3 13 26 21 1 -17 0 14 5 23 8 5 
-3 5 3 -4 9 14 12 11 -1 25 19 15 21 11 25 16 -10 9 5 -27 
-8 -22 21 2 17 -2 13 -20 6 0 -27 18 -24 27 2 22 22 3 -21 6 
-21 -4 18 25 17 13 -6 13 9 9 9 4 4 -16 -6 6 3 16 -8 4 
3 0 0 0 -20 9 -10 -24 -20 -7 -26 -27 16 23 7 27 -20 -22 6 4 
111
1
15 5
4 14
0
0
