20 20
14 -2 12 12 2 0 7 5 -9 8 -9 2 8 8 3 10 2 -4 3 -8 
10 -11 12 -4 0 11 2 13 0 10 -6 1 8 -14 7 -3 8 1 4 7 
0 12 0 12 11 -14 -12 10 -1 -9 1 12 -2 8 4 8 -10 6 3 7 
9 4 12 -12 -12 4 2 12 -4 8 7 8 5 14 9 12 13 0 -4 2 
-9 -3 3 10 12 -11 7 3 1 -12 10 11 9 2 -6 4 0 5 -7 8 
11 1 13 -1 9 -8 5 7 13 2 8 5 0 14 -5 -5 -1 4 10 1 
-5 8 11 -8 -5 8 5 2 13 13 8 12 9 -12 3 -1 -2 14 14 13 
3 -12 -6 12 5 -2 7 -3 9 -1 0 13 5 -6 2 0 7 -2 9 4 
7 -3 -12 5 -1 10 13 8 10 14 10 10 1 -2 13 3 -3 0 5 12 
3 0 12 14 1 -5 3 9 2 0 3 7 9 3 4 -12 12 11 1 11 
11 1 11 12 -12 4 3 9 7 3 0 2 9 3 -5 1 14 12 0 3 
12 5 0 -3 3 13 -2 1 10 10 14 10 8 13 10 -1 5 -12 -3 7 
4 9 -2 7 0 2 -6 5 13 0 -1 9 -3 7 -2 5 12 -6 -12 3 
13 14 14 -2 -1 3 -12 9 12 8 13 13 2 5 8 -5 -8 11 8 -5 
1 10 4 -1 -5 -5 14 0 5 8 2 13 7 5 -8 9 -1 13 1 11 
8 -7 5 0 4 -6 2 9 11 10 -12 1 3 7 -11 12 10 3 -3 -9 
2 -4 0 13 12 9 14 5 8 7 8 -4 12 2 4 -12 -12 12 4 9 
7 3 6 -10 8 4 8 -2 12 1 -9 -1 10 -12 -14 11 12 0 12 0 
7 4 1 8 -3 7 -14 8 1 -6 10 0 13 2 11 0 -4 12 -11 10 
-8 3 -4 2 10 3 8 8 2 -9 8 -9 5 7 0 2 12 12 -2 14 
76
1
15 16
4 3
0
0
