20 20
28 16 28 21 23 10 -25 -11 -21 -24 14 11 -6 11 -19 23 13 -4 -11 27 
10 -21 16 7 3 11 -24 12 -7 22 8 27 18 6 2 15 24 22 -5 17 
-27 -19 14 3 17 -9 9 20 21 17 20 4 0 3 9 -26 3 9 5 7 
4 21 11 18 2 2 20 -21 8 -19 26 17 0 22 3 -7 23 5 6 13 
19 1 -1 8 1 -5 28 21 4 4 4 9 19 -11 27 25 -9 -24 19 -1 
13 10 19 2 15 22 8 3 -20 10 24 -20 11 -9 15 14 16 4 -25 24 
7 -21 21 11 -22 16 22 25 15 10 6 1 17 1 11 13 -5 -25 27 26 
14 -11 21 16 -28 1 14 1 6 15 16 17 3 -9 6 18 1 -21 -26 5 
-20 26 17 7 -9 5 21 2 2 13 11 12 9 -21 25 23 -19 27 -18 -5 
-22 4 -15 0 21 -21 -16 -13 -18 25 -10 2 -11 -23 14 -28 3 3 -19 0 
0 -19 3 3 -28 14 -23 -11 2 -10 25 -18 -13 -16 -21 21 0 -15 4 -22 
-5 -18 27 -19 23 25 -21 9 12 11 13 2 2 21 5 -9 7 17 26 -20 
5 -26 -21 1 18 6 -9 3 17 16 15 6 1 14 1 -28 16 21 -11 14 
26 27 -25 -5 13 11 1 17 1 6 10 15 25 22 16 -22 11 21 -21 7 
24 -25 4 16 14 15 -9 11 -20 24 10 -20 3 8 22 15 2 19 10 13 
-1 19 -24 -9 25 27 -11 19 9 4 4 4 21 28 -5 1 8 -1 1 19 
13 6 5 23 -7 3 22 0 17 26 -19 8 -21 20 2 2 18 11 21 4 
7 5 9 3 -26 9 3 0 4 20 17 21 20 9 -9 17 3 14 -19 -27 
17 -5 22 24 15 2 6 18 27 8 22 -7 12 -24 11 3 7 16 -21 10 
27 -11 -4 13 23 -19 11 -6 11 14 -24 -21 -11 -25 10 23 21 28 16 28 
62
1
9 19
10 0
0
0
