20 20
20 21 22 15 -21 -20 19 1 16 10 16 13 3 20 13 17 7 0 13 -9 
-22 2 7 13 -7 9 13 11 8 1 20 12 5 -19 7 13 -15 -4 -10 14 
-7 23 17 12 12 -6 2 -18 -22 -13 16 -13 19 -23 -7 -14 -3 6 -7 7 
5 10 2 15 -18 13 22 16 11 7 17 19 9 21 9 14 -16 9 15 19 
9 4 -5 8 14 0 -10 23 21 -14 8 9 -3 18 -8 17 0 1 8 18 
10 0 1 10 20 23 -5 5 -4 13 8 -11 19 -6 -18 -3 5 20 13 17 
15 16 8 8 -8 22 11 11 2 2 9 0 18 9 -3 -23 19 -18 16 18 
-15 19 12 11 12 -8 1 -5 18 19 20 4 -10 -13 23 16 19 5 6 14 
13 20 22 -14 17 5 -13 -4 23 20 -22 11 -13 -10 18 6 20 2 16 2 
14 21 3 1 2 20 6 8 -21 9 7 2 16 -18 -19 2 20 7 0 1 
1 0 7 20 2 -19 -18 16 2 7 9 -21 8 6 20 2 1 3 21 14 
2 16 2 20 6 18 -10 -13 11 -22 20 23 -4 -13 5 17 -14 22 20 13 
14 6 5 19 16 23 -13 -10 4 20 19 18 -5 1 -8 12 11 12 19 -15 
18 16 -18 19 -23 -3 9 18 0 9 2 2 11 11 22 -8 8 8 16 15 
17 13 20 5 -3 -18 -6 19 -11 8 13 -4 5 -5 23 20 10 1 0 10 
18 8 1 0 17 -8 18 -3 9 8 -14 21 23 -10 0 14 8 -5 4 9 
19 15 9 -16 14 9 21 9 19 17 7 11 16 22 13 -18 15 2 10 5 
7 -7 6 -3 -14 -7 -23 19 -13 16 -13 -22 -18 2 -6 12 12 17 23 -7 
14 -10 -4 -15 13 7 -19 5 12 20 1 8 11 13 9 -7 13 7 2 -22 
-9 13 0 7 17 13 20 3 13 16 10 16 1 19 -20 -21 15 22 21 20 
51
1
3 16
16 3
0
0
