20 20
6 -23 25 18 7 -26 15 19 15 15 10 14 -25 29 10 8 -12 -28 20 -15 
2 19 7 -4 11 12 14 2 8 -15 22 13 7 13 1 28 -15 26 12 16 
23 16 10 21 14 26 12 -14 14 27 21 21 23 19 16 -3 22 -13 14 22 
3 12 20 28 6 12 28 -9 -8 -22 -9 11 16 -22 27 0 20 1 1 2 
2 9 12 25 16 16 1 20 8 -2 5 12 13 18 6 28 -20 -22 16 18 
19 -21 9 -26 -1 15 13 0 18 -26 -24 22 1 17 4 19 23 -5 13 -14 
24 16 25 18 -7 20 8 -14 21 24 25 15 6 13 -25 -7 18 15 10 23 
18 28 5 -10 4 26 23 22 -13 15 -28 17 18 18 -22 23 -21 22 18 26 
17 1 6 28 7 4 26 -22 28 28 23 20 -4 11 -13 23 -25 23 20 24 
-22 18 -19 25 0 -3 -20 11 6 -27 27 -3 3 -22 -14 5 -18 29 -7 4 
4 -7 29 -18 5 -14 -22 3 -3 27 -27 6 11 -20 -3 0 25 -19 18 -22 
24 20 23 -25 23 -13 11 -4 20 23 28 28 -22 26 4 7 28 6 1 17 
26 18 22 -21 23 -22 18 18 17 -28 15 -13 22 23 26 4 -10 5 28 18 
23 10 15 18 -7 -25 13 6 15 25 24 21 -14 8 20 -7 18 25 16 24 
-14 13 -5 23 19 4 17 1 22 -24 -26 18 0 13 15 -1 -26 9 -21 19 
18 16 -22 -20 28 6 18 13 12 5 -2 8 20 1 16 16 25 12 9 2 
2 1 1 20 0 27 -22 16 11 -9 -22 -8 -9 28 12 6 28 20 12 3 
22 14 -13 22 -3 16 19 23 21 21 27 14 -14 12 26 14 21 10 16 23 
16 12 26 -15 28 1 13 7 13 22 -15 8 2 14 12 11 -4 7 19 2 
-15 20 -28 -12 8 10 29 -25 14 10 15 15 19 15 -26 7 18 25 -23 6 
51
1
4 6
15 13
0
0
