20 20
5 8 17 16 16 7 -8 15 20 -2 1 9 15 -14 9 -24 24 20 -21 14 
16 -17 -13 17 19 21 5 -5 24 -1 22 1 -7 6 14 -15 1 13 7 10 
12 5 13 -1 8 -16 2 -10 -13 -9 3 -5 18 20 9 3 0 22 -9 10 
-4 13 22 12 12 -11 9 -13 13 15 22 1 -16 1 -6 24 1 18 -18 17 
-12 4 19 19 15 -9 8 15 19 23 5 10 20 19 14 22 14 13 -10 20 
-18 18 8 4 -23 21 20 -21 10 -22 -22 3 18 14 19 3 6 12 11 -4 
7 21 14 13 3 23 9 3 24 -9 15 19 6 4 23 8 0 19 19 -13 
16 20 -7 -19 -2 8 19 -20 -11 15 5 2 3 -2 4 13 18 3 8 19 
12 -11 15 17 6 10 10 -5 13 -17 2 -6 16 -22 19 1 -10 4 -2 15 
-23 17 21 -11 -18 16 13 -5 20 -18 6 9 14 12 8 -2 8 22 6 21 
21 6 22 8 -2 8 12 14 9 6 -18 20 -5 13 16 -18 -11 21 17 -23 
15 -2 4 -10 1 19 -22 16 -6 2 -17 13 -5 10 10 6 17 15 -11 12 
19 8 3 18 13 4 -2 3 2 5 15 -11 -20 19 8 -2 -19 -7 20 16 
-13 19 19 0 8 23 4 6 19 15 -9 24 3 9 23 3 13 14 21 7 
-4 11 12 6 3 19 14 18 3 -22 -22 10 -21 20 21 -23 4 8 18 -18 
20 -10 13 14 22 14 19 20 10 5 23 19 15 8 -9 15 19 19 4 -12 
17 -18 18 1 24 -6 1 -16 1 22 15 13 -13 9 -11 12 12 22 13 -4 
10 -9 22 0 3 9 20 18 -5 3 -9 -13 -10 2 -16 8 -1 13 5 12 
10 7 13 1 -15 14 6 -7 1 22 -1 24 -5 5 21 19 17 -13 -17 16 
14 -21 20 24 -24 9 -14 15 9 1 -2 20 15 -8 7 16 16 17 8 5 
33
1
12 17
7 2
0
0
