20 20
22 13 21 -10 6 18 21 3 -19 -24 5 9 3 23 10 4 19 18 10 2 
-13 20 14 2 2 8 -23 1 22 7 -18 21 20 4 6 -14 21 7 18 7 
22 -22 -6 21 14 22 16 1 14 -14 24 19 22 -9 14 -10 -21 -23 14 9 
5 7 -17 -17 10 10 -17 8 9 9 20 8 -3 4 -22 -1 24 7 -16 -2 
9 12 25 3 -13 4 -20 0 -9 21 -21 19 8 11 -13 17 5 -13 -23 21 
3 12 13 24 6 15 -5 21 20 12 13 19 21 -13 18 18 3 15 13 7 
22 14 24 18 11 22 12 17 14 22 18 1 -25 4 -22 12 19 21 -4 20 
-19 -4 -23 24 9 -24 15 12 14 -24 20 17 13 -19 6 2 25 1 25 7 
5 13 -22 -14 18 15 13 5 3 -10 3 0 20 19 16 9 -18 -2 19 19 
-15 -18 22 24 12 19 19 14 17 17 11 4 -17 1 -9 15 8 9 23 -25 
-25 23 9 8 15 -9 1 -17 4 11 17 17 14 19 19 12 24 22 -18 -15 
19 19 -2 -18 9 16 19 20 0 3 -10 3 5 13 15 18 -14 -22 13 5 
7 25 1 25 2 6 -19 13 17 20 -24 14 12 15 -24 9 24 -23 -4 -19 
20 -4 21 19 12 -22 4 -25 1 18 22 14 17 12 22 11 18 24 14 22 
7 13 15 3 18 18 -13 21 19 13 12 20 21 -5 15 6 24 13 12 3 
21 -23 -13 5 17 -13 11 8 19 -21 21 -9 0 -20 4 -13 3 25 12 9 
-2 -16 7 24 -1 -22 4 -3 8 20 9 9 8 -17 10 10 -17 -17 7 5 
9 14 -23 -21 -10 14 -9 22 19 24 -14 14 1 16 22 14 21 -6 -22 22 
7 18 7 21 -14 6 4 20 21 -18 7 22 1 -23 8 2 2 14 20 -13 
2 10 18 19 4 10 23 3 9 5 -24 -19 3 21 18 6 -10 21 13 22 
90
1
1 14
18 5
0
0
