20 20
5 -3 2 3 -7 16 15 14 2 11 17 -1 -14 17 5 5 -13 -18 14 11 
13 1 3 16 2 7 9 13 -5 2 14 -9 15 -12 -5 16 2 18 -6 -10 
16 8 18 13 -6 16 9 14 13 4 11 15 1 -11 -3 -1 14 12 8 10 
11 6 7 8 -7 8 5 4 13 3 17 11 -11 2 1 6 3 15 1 5 
-7 12 1 -2 1 -17 13 6 10 4 15 -4 2 8 -7 -13 4 17 6 2 
7 18 -10 12 17 8 15 16 1 16 6 13 1 5 12 11 12 3 18 1 
-3 -15 2 17 10 3 15 2 -15 16 3 2 14 8 18 18 3 4 13 5 
-13 5 18 -7 18 18 3 6 13 9 -18 17 -5 7 -8 -16 8 3 -6 -2 
2 9 16 1 11 3 -11 9 1 7 1 2 12 6 -3 17 9 1 -17 17 
2 3 7 11 1 7 8 -4 9 7 12 4 -15 -10 14 1 4 13 17 18 
18 17 13 4 1 14 -10 -15 4 12 7 9 -4 8 7 1 11 7 3 2 
17 -17 1 9 17 -3 6 12 2 1 7 1 9 -11 3 11 1 16 9 2 
-2 -6 3 8 -16 -8 7 -5 17 -18 9 13 6 3 18 18 -7 18 5 -13 
5 13 4 3 18 18 8 14 2 3 16 -15 2 15 3 10 17 2 -15 -3 
1 18 3 12 11 12 5 1 13 6 16 1 16 15 8 17 12 -10 18 7 
2 6 17 4 -13 -7 8 2 -4 15 4 10 6 13 -17 1 -2 1 12 -7 
5 1 15 3 6 1 2 -11 11 17 3 13 4 5 8 -7 8 7 6 11 
10 8 12 14 -1 -3 -11 1 15 11 4 13 14 9 16 -6 13 18 8 16 
-10 -6 18 2 16 -5 -12 15 -9 14 2 -5 13 9 7 2 16 3 1 13 
11 14 -18 -13 5 5 17 -14 -1 17 11 2 14 15 16 -7 3 2 -3 5 
64
1
19 0
0 19
0
0
