20 20
-18 12 3 18 -15 10 17 12 6 5 -5 7 17 4 5 12 8 2 -14 12 
3 14 14 9 7 1 18 9 1 5 6 -16 5 7 3 11 -8 12 -14 4 
4 -6 6 6 6 11 -13 7 18 10 7 8 -3 17 -18 8 0 0 -8 1 
-5 13 2 13 17 -5 2 7 6 -9 4 12 -5 10 12 -18 10 10 3 -15 
-8 19 -19 18 8 7 -16 18 7 16 3 19 19 3 1 3 5 1 12 19 
1 13 8 8 11 15 16 7 4 -10 -2 17 5 19 -11 2 6 0 1 7 
-2 -19 1 14 10 0 -14 2 15 14 11 17 9 -3 9 19 11 13 6 9 
11 19 -7 13 10 4 9 -5 18 12 8 9 13 8 16 4 17 6 12 13 
11 -18 3 18 4 3 -7 10 -11 3 -6 -10 -12 11 5 3 8 4 3 18 
-14 19 -16 2 -2 -3 1 17 4 18 6 12 16 15 9 -2 -9 5 13 -8 
-8 13 5 -9 -2 9 15 16 12 6 18 4 17 1 -3 -2 2 -16 19 -14 
18 3 4 8 3 5 11 -12 -10 -6 3 -11 10 -7 3 4 18 3 -18 11 
13 12 6 17 4 16 8 13 9 8 12 18 -5 9 4 10 13 -7 19 11 
9 6 13 11 19 9 -3 9 17 11 14 15 2 -14 0 10 14 1 -19 -2 
7 1 0 6 2 -11 19 5 17 -2 -10 4 7 16 15 11 8 8 13 1 
19 12 1 5 3 1 3 19 19 3 16 7 18 -16 7 8 18 -19 19 -8 
-15 3 10 10 -18 12 10 -5 12 4 -9 6 7 2 -5 17 13 2 13 -5 
1 -8 0 0 8 -18 17 -3 8 7 10 18 7 -13 11 6 6 6 -6 4 
4 -14 12 -8 11 3 7 5 -16 6 5 1 9 18 1 7 9 14 14 3 
12 -14 2 8 12 5 4 17 7 -5 5 6 12 17 10 -15 18 3 12 -18 
54
1
4 9
15 10
0
0
