20 20
11 5 20 -9 -22 21 -23 4 24 1 -18 20 1 -8 20 25 23 23 14 23 
11 5 22 -4 -6 24 -8 19 -18 13 6 14 1 -22 4 -14 13 12 -5 -16 
-23 -25 27 20 23 5 -27 15 3 28 25 10 -23 -23 9 17 19 13 -24 18 
10 1 10 13 7 -9 12 15 1 23 7 13 19 -7 -7 25 17 7 18 11 
-7 -20 5 5 18 -15 26 19 25 27 11 -3 1 -4 20 -20 1 27 9 23 
5 1 10 28 -17 16 13 -16 14 3 11 23 20 12 8 13 10 -20 19 4 
17 12 3 -4 15 1 27 15 -23 19 24 5 18 4 12 27 -1 -2 15 -19 
1 -18 -25 1 21 22 -14 -22 -9 27 -5 13 -19 7 22 27 10 -26 13 27 
27 -20 5 24 3 3 16 -22 6 -22 9 28 -24 20 -13 5 -15 -4 -17 4 
11 23 10 1 19 9 10 -11 24 6 13 16 25 12 0 -27 16 10 -15 23 
23 -15 10 16 -27 0 12 25 16 13 6 24 -11 10 9 19 1 10 23 11 
4 -17 -4 -15 5 -13 20 -24 28 9 -22 6 -22 16 3 3 24 5 -20 27 
27 13 -26 10 27 22 7 -19 13 -5 27 -9 -22 -14 22 21 1 -25 -18 1 
-19 15 -2 -1 27 12 4 18 5 24 19 -23 15 27 1 15 -4 3 12 17 
4 19 -20 10 13 8 12 20 23 11 3 14 -16 13 16 -17 28 10 1 5 
23 9 27 1 -20 20 -4 1 -3 11 27 25 19 26 -15 18 5 5 -20 -7 
11 18 7 17 25 -7 -7 19 13 7 23 1 15 12 -9 7 13 10 1 10 
18 -24 13 19 17 9 -23 -23 10 25 28 3 15 -27 5 23 20 27 -25 -23 
-16 -5 12 13 -14 4 -22 1 14 6 13 -18 19 -8 24 -6 -4 22 5 11 
23 14 23 23 25 20 -8 1 20 -18 1 24 4 -23 21 -22 -9 20 5 11 
83
1
19 5
0 14
0
0
