20 20
12 -12 6 2 11 1 -10 4 -2 -12 5 5 -10 2 0 0 11 11 -11 -6 
11 -2 8 -1 7 7 5 10 6 3 -9 12 1 7 5 2 -12 -12 -1 11 
10 3 3 -5 1 6 4 -11 2 8 8 6 0 12 1 -1 12 11 7 8 
4 12 9 -4 12 7 12 -5 -12 -5 -12 12 7 9 6 4 -8 9 10 0 
4 7 10 4 10 3 12 4 4 8 4 2 0 8 7 1 4 6 -7 11 
-11 9 6 1 8 11 5 6 3 9 -2 -11 10 1 4 -1 5 10 -1 3 
9 6 0 9 11 -1 -9 10 3 12 -11 2 2 10 8 2 11 0 5 -9 
3 1 -1 8 5 -6 8 11 3 0 5 8 -12 9 8 1 12 11 6 3 
9 6 1 3 -5 7 5 -4 10 6 3 6 1 -6 5 11 11 10 11 1 
-3 5 5 1 -5 -9 5 -7 -11 -1 8 6 11 0 10 -11 10 3 1 -12 
-12 1 3 10 -11 10 0 11 6 8 -1 -11 -7 5 -9 -5 1 5 5 -3 
1 11 10 11 11 5 -6 1 6 3 6 10 -4 5 7 -5 3 1 6 9 
3 6 11 12 1 8 9 -12 8 5 0 3 11 8 -6 5 8 -1 1 3 
-9 5 0 11 2 8 10 2 2 -11 12 3 10 -9 -1 11 9 0 6 9 
3 -1 10 5 -1 4 1 10 -11 -2 9 3 6 5 11 8 1 6 9 -11 
11 -7 6 4 1 7 8 0 2 4 8 4 4 12 3 10 4 10 7 4 
0 10 9 -8 4 6 9 7 12 -12 -5 -12 -5 12 7 12 -4 9 12 4 
8 7 11 12 -1 1 12 0 6 8 8 2 -11 4 6 1 -5 3 3 10 
11 -1 -12 -12 2 5 7 1 12 -9 3 6 10 5 7 7 -1 8 -2 11 
-6 -11 11 11 0 0 2 -10 5 5 -12 -2 4 -10 1 11 2 6 -12 12 
52
1
7 1
12 18
0
0
