20 20
6 12 8 15 12 -8 -3 1 -15 0 14 11 13 13 -15 2 7 10 5 -4 
9 8 11 3 2 -3 5 14 3 5 4 5 10 -7 15 0 -15 13 0 14 
9 13 -1 13 -3 1 6 5 14 0 3 13 -15 2 12 4 9 10 9 -11 
10 15 10 2 -2 12 14 -6 2 2 0 1 7 3 2 9 -15 -8 -5 -7 
14 7 5 3 11 13 8 2 2 11 11 7 -9 13 2 4 10 -12 -10 14 
11 13 11 4 -11 -14 5 -1 -5 9 6 -3 15 -6 11 4 -6 5 13 9 
15 9 13 12 -2 6 1 -11 12 8 -10 3 5 -11 -13 13 7 -11 10 -5 
4 2 -15 5 10 1 7 11 13 2 9 1 5 4 0 4 -15 10 14 13 
13 11 -6 9 8 15 15 -13 4 -6 14 10 4 1 12 3 0 -6 -8 -12 
-12 11 12 -1 -10 4 10 12 2 -1 4 10 9 9 5 12 6 4 15 7 
7 15 4 6 12 5 9 9 10 4 -1 2 12 10 4 -10 -1 12 11 -12 
-12 -8 -6 0 3 12 1 4 10 14 -6 4 -13 15 15 8 9 -6 11 13 
13 14 10 -15 4 0 4 5 1 9 2 13 11 7 1 10 5 -15 2 4 
-5 10 -11 7 13 -13 -11 5 3 -10 8 12 -11 1 6 -2 12 13 9 15 
9 13 5 -6 4 11 -6 15 -3 6 9 -5 -1 5 -14 -11 4 11 13 11 
14 -10 -12 10 4 2 13 -9 7 11 11 2 2 8 13 11 3 5 7 14 
-7 -5 -8 -15 9 2 3 7 1 0 2 2 -6 14 12 -2 2 10 15 10 
-11 9 10 9 4 12 2 -15 13 3 0 14 5 6 1 -3 13 -1 13 9 
14 0 13 -15 0 15 -7 10 5 4 5 3 14 5 -3 2 3 11 8 9 
-4 5 10 7 2 -15 13 13 11 14 0 -15 1 -3 -8 12 15 8 12 6 
99
1
12 4
7 15
0
0
