20 20
8 1 7 7 8 -10 9 11 9 11 -8 10 -8 9 0 8 11 6 3 4 
1 5 0 0 -3 2 11 4 0 10 4 1 4 0 9 0 11 8 10 6 
-7 6 9 4 -3 10 11 10 9 11 6 -8 -5 1 -8 3 -9 -4 -1 2 
7 4 4 -8 6 2 4 5 6 -8 0 7 -1 7 5 2 -4 -4 -6 9 
7 3 11 2 0 2 7 0 11 8 11 2 3 -4 -9 1 9 5 6 0 
-11 11 7 3 -1 2 8 2 -9 -8 -10 -2 -11 -7 8 11 3 -6 -2 -7 
2 8 3 8 6 2 7 6 0 -7 -1 -8 -9 7 -5 -4 11 4 5 10 
0 2 4 2 5 4 1 11 2 8 1 -10 -6 -1 1 5 -6 11 4 -1 
1 9 -4 7 2 11 2 6 7 4 -4 1 2 -5 6 1 7 1 6 9 
0 6 10 10 6 7 -1 1 0 11 3 9 6 9 0 11 5 -8 3 9 
9 3 -8 5 11 0 9 6 9 3 11 0 1 -1 7 6 10 10 6 0 
9 6 1 7 1 6 -5 2 1 -4 4 7 6 2 11 2 7 -4 9 1 
-1 4 11 -6 5 1 -1 -6 -10 1 8 2 11 1 4 5 2 4 2 0 
10 5 4 11 -4 -5 7 -9 -8 -1 -7 0 6 7 2 6 8 3 8 2 
-7 -2 -6 3 11 8 -7 -11 -2 -10 -8 -9 2 8 2 -1 3 7 11 -11 
0 6 5 9 1 -9 -4 3 2 11 8 11 0 7 2 0 2 11 3 7 
9 -6 -4 -4 2 5 7 -1 7 0 -8 6 5 4 2 6 -8 4 4 7 
2 -1 -4 -9 3 -8 1 -5 -8 6 11 9 10 11 10 -3 4 9 6 -7 
6 10 8 11 0 9 0 4 1 4 10 0 4 11 2 -3 0 0 5 1 
4 3 6 11 8 0 9 -8 10 -8 11 9 11 9 -10 8 7 7 1 8 
76
1
7 3
12 16
0
0
