20 20
17 11 14 -7 17 15 8 -15 12 16 -14 11 5 6 5 8 5 14 -4 15 
-9 13 16 1 -13 -3 17 -14 -4 5 12 17 -15 11 -9 10 -11 1 -17 9 
8 1 13 17 -12 3 12 13 0 7 -8 4 -17 -4 -7 -8 14 -13 -17 -2 
1 14 8 13 6 -7 3 11 9 11 6 17 8 -1 3 -6 11 2 6 10 
-13 11 3 16 12 16 12 17 7 6 16 -9 8 1 16 9 8 5 17 16 
15 17 12 3 -11 9 4 4 15 10 7 12 -12 16 9 8 -3 15 10 5 
10 11 4 6 -8 -7 6 4 10 13 14 9 -10 0 17 -17 13 -17 14 11 
10 11 2 -13 13 6 13 6 6 5 14 -12 -17 13 -6 -6 11 14 -17 9 
0 17 15 -12 2 -5 7 2 -7 7 15 10 13 12 -14 12 0 8 9 8 
0 3 6 16 -14 2 17 15 8 1 1 -5 -16 2 15 -15 15 16 -4 17 
17 -4 16 15 -15 15 2 -16 -5 1 1 8 15 17 2 -14 16 6 3 0 
8 9 8 0 12 -14 12 13 10 15 7 -7 2 7 -5 2 -12 15 17 0 
9 -17 14 11 -6 -6 13 -17 -12 14 5 6 6 13 6 13 -13 2 11 10 
11 14 -17 13 -17 17 0 -10 9 14 13 10 4 6 -7 -8 6 4 11 10 
5 10 15 -3 8 9 16 -12 12 7 10 15 4 4 9 -11 3 12 17 15 
16 17 5 8 9 16 1 8 -9 16 6 7 17 12 16 12 16 3 11 -13 
10 6 2 11 -6 3 -1 8 17 6 11 9 11 3 -7 6 13 8 14 1 
-2 -17 -13 14 -8 -7 -4 -17 4 -8 7 0 13 12 3 -12 17 13 1 8 
9 -17 1 -11 10 -9 11 -15 17 12 5 -4 -14 17 -3 -13 1 16 13 -9 
15 -4 14 5 8 5 6 5 11 -14 16 12 -15 8 15 17 -7 14 11 17 
86
1
15 17
4 2
0
0
