20 20
-5 15 6 22 17 11 8 9 10 21 -14 -21 23 7 13 11 0 12 17 22 
14 19 18 23 5 23 3 -18 5 18 8 21 19 -25 24 23 8 -10 2 25 
1 15 -20 -12 25 4 16 -5 23 7 6 -6 -6 0 7 16 14 4 -10 5 
-6 5 24 16 12 -17 6 10 19 16 5 5 -10 15 5 15 -10 16 -4 -24 
25 -13 16 13 5 1 14 4 8 10 -9 10 17 21 -19 -20 8 8 23 22 
-5 8 -13 20 24 -11 6 3 7 12 23 17 15 23 -23 -4 21 22 -23 -9 
17 4 -3 15 17 11 0 -3 -22 -25 -5 20 4 -14 16 -18 -2 13 2 12 
13 17 -15 17 -5 12 -1 2 19 10 -2 11 2 -16 -22 8 6 18 -13 4 
13 -10 3 -9 -5 -24 -4 4 24 -5 22 18 -24 16 19 25 14 13 -16 -16 
15 14 18 22 10 3 9 -21 4 8 19 -16 11 -10 0 17 -3 14 14 17 
17 14 14 -3 17 0 -10 11 -16 19 8 4 -21 9 3 10 22 18 14 15 
-16 -16 13 14 25 19 16 -24 18 22 -5 24 4 -4 -24 -5 -9 3 -10 13 
4 -13 18 6 8 -22 -16 2 11 -2 10 19 2 -1 12 -5 17 -15 17 13 
12 2 13 -2 -18 16 -14 4 20 -5 -25 -22 -3 0 11 17 15 -3 4 17 
-9 -23 22 21 -4 -23 23 15 17 23 12 7 3 6 -11 24 20 -13 8 -5 
22 23 8 8 -20 -19 21 17 10 -9 10 8 4 14 1 5 13 16 -13 25 
-24 -4 16 -10 15 5 15 -10 5 5 16 19 10 6 -17 12 16 24 5 -6 
5 -10 4 14 16 7 0 -6 -6 6 7 23 -5 16 4 25 -12 -20 15 1 
25 2 -10 8 23 24 -25 19 21 8 18 5 -18 3 23 5 23 18 19 14 
22 17 12 0 11 13 7 23 -21 -14 21 10 9 8 11 17 22 6 15 -5 
42
1
13 3
6 16
0
0
