20 20
-2 6 14 0 0 14 4 -14 -11 11 14 0 1 5 13 6 9 12 -13 5 
10 9 8 0 -12 4 3 9 -3 1 -4 -14 8 9 -13 7 3 7 10 2 
13 2 8 14 0 13 2 -14 8 -6 14 -1 -11 3 10 6 -7 2 -2 14 
-7 -6 13 3 0 3 9 14 11 7 5 2 -5 13 8 12 5 0 4 -10 
10 6 2 4 5 3 9 3 -7 13 6 7 2 -5 7 -3 -11 2 9 5 
-4 -1 -8 -6 6 7 3 4 5 12 -13 8 1 1 4 14 0 1 14 9 
11 12 1 -14 0 8 7 3 12 -9 8 3 -9 -7 2 5 8 2 -12 4 
9 5 12 4 -4 10 1 14 -4 14 5 5 10 2 13 5 9 0 8 11 
0 10 -4 -1 10 14 2 -3 -13 -11 -4 0 2 11 13 12 3 12 1 -9 
1 7 11 3 -5 6 -5 11 3 -6 -1 5 -2 -3 2 -12 6 1 4 -11 
-11 4 1 6 -12 2 -3 -2 5 -1 -6 3 11 -5 6 -5 3 11 7 1 
-9 1 12 3 12 13 11 2 0 -4 -11 -13 -3 2 14 10 -1 -4 10 0 
11 8 0 9 5 13 2 10 5 5 14 -4 14 1 10 -4 4 12 5 9 
4 -12 2 8 5 2 -7 -9 3 8 -9 12 3 7 8 0 -14 1 12 11 
9 14 1 0 14 4 1 1 8 -13 12 5 4 3 7 6 -6 -8 -1 -4 
5 9 2 -11 -3 7 -5 2 7 6 13 -7 3 9 3 5 4 2 6 10 
-10 4 0 5 12 8 13 -5 2 5 7 11 14 9 3 0 3 13 -6 -7 
14 -2 2 -7 6 10 3 -11 -1 14 -6 8 -14 2 13 0 14 8 2 13 
2 10 7 3 7 -13 9 8 -14 -4 1 -3 9 3 4 -12 0 8 9 10 
5 -13 12 9 6 13 5 1 0 14 11 -11 -14 4 14 0 0 14 6 -2 
117
1
10 4
9 15
0
0
