20 20
-6 18 5 22 15 10 22 28 1 22 13 11 28 21 10 16 24 11 -9 24 
6 -22 7 -12 -20 23 -14 -6 -13 -9 16 5 7 12 8 5 8 15 3 21 
7 13 17 -3 10 6 26 -21 24 22 11 -12 13 14 7 28 8 15 1 27 
11 24 4 -15 19 15 -16 13 22 21 18 15 7 19 2 10 -22 1 11 19 
14 17 -15 8 2 9 26 5 1 26 1 22 -13 19 10 -10 26 -20 6 9 
16 6 18 28 6 5 6 13 -2 16 20 17 8 -25 16 15 -18 24 21 26 
28 6 22 28 5 -22 10 20 5 3 -14 7 7 -8 5 21 22 -22 18 3 
19 23 4 -17 24 21 22 14 15 14 5 -14 21 -17 -10 25 8 16 -25 7 
-12 15 22 15 27 6 -8 0 -15 14 -12 -10 13 12 21 13 26 2 22 20 
20 13 9 5 20 27 7 0 22 14 11 26 13 -8 8 -4 15 15 0 19 
19 0 15 15 -4 8 -8 13 26 11 14 22 0 7 27 20 5 9 13 20 
20 22 2 26 13 21 12 13 -10 -12 14 -15 0 -8 6 27 15 22 15 -12 
7 -25 16 8 25 -10 -17 21 -14 5 14 15 14 22 21 24 -17 4 23 19 
3 18 -22 22 21 5 -8 7 7 -14 3 5 20 10 -22 5 28 22 6 28 
26 21 24 -18 15 16 -25 8 17 20 16 -2 13 6 5 6 28 18 6 16 
9 6 -20 26 -10 10 19 -13 22 1 26 1 5 26 9 2 8 -15 17 14 
19 11 1 -22 10 2 19 7 15 18 21 22 13 -16 15 19 -15 4 24 11 
27 1 15 8 28 7 14 13 -12 11 22 24 -21 26 6 10 -3 17 13 7 
21 3 15 8 5 8 12 7 5 16 -9 -13 -6 -14 23 -20 -12 7 -22 6 
24 -9 11 24 16 10 21 28 11 13 22 1 28 22 10 15 22 5 18 -6 
88
1
12 17
7 2
0
0
