20 20
-4 12 1 15 16 4 5 17 13 4 -3 13 11 -6 11 -17 2 4 1 6 
10 -8 -11 8 17 6 4 1 12 16 14 -7 12 8 -17 2 17 5 10 12 
2 -9 5 7 16 17 14 3 -9 1 2 -8 17 4 2 -6 -7 1 -11 6 
3 11 13 -10 -11 12 11 -11 16 -1 12 4 15 5 15 -12 3 -12 8 17 
-14 1 12 9 12 5 11 4 -16 10 11 15 -11 17 12 12 -10 9 4 9 
-15 -14 -14 9 11 -4 17 6 -17 8 11 12 13 16 -12 9 11 10 14 14 
12 2 16 9 16 13 9 2 1 -11 7 -17 -1 -12 6 -9 3 16 7 11 
17 -3 16 2 16 17 -3 17 14 -8 10 -11 -11 8 15 -11 -5 14 9 4 
9 -16 1 -15 12 3 2 7 -8 -4 5 16 5 6 14 -7 16 4 -13 1 
5 13 -9 6 4 16 12 12 4 -14 -8 14 1 11 12 4 7 0 7 4 
4 7 0 7 4 12 11 1 14 -8 -14 4 12 12 16 4 6 -9 13 5 
1 -13 4 16 -7 14 6 5 16 5 -4 -8 7 2 3 12 -15 1 -16 9 
4 9 14 -5 -11 15 8 -11 -11 10 -8 14 17 -3 17 16 2 16 -3 17 
11 7 16 3 -9 6 -12 -1 -17 7 -11 1 2 9 13 16 9 16 2 12 
14 14 10 11 9 -12 16 13 12 11 8 -17 6 17 -4 11 9 -14 -14 -15 
9 4 9 -10 12 12 17 -11 15 11 10 -16 4 11 5 12 9 12 1 -14 
17 8 -12 3 -12 15 5 15 4 12 -1 16 -11 11 12 -11 -10 13 11 3 
6 -11 1 -7 -6 2 4 17 -8 2 1 -9 3 14 17 16 7 5 -9 2 
12 10 5 17 2 -17 8 12 -7 14 16 12 1 4 6 17 8 -11 -8 10 
6 1 4 2 -17 11 -6 11 13 -3 4 13 17 5 4 16 15 1 12 -4 
95
1
2 11
17 8
0
0
