20 20
7 21 24 11 -8 10 9 15 23 5 10 11 -18 13 10 10 15 7 15 2 
2 18 8 22 23 19 -9 15 -23 22 -2 23 13 11 2 24 20 5 12 16 
5 -20 -16 3 16 8 4 17 19 24 19 13 7 -24 10 -22 6 5 22 15 
-16 4 23 9 21 8 15 19 24 22 3 7 0 7 7 5 -7 18 7 15 
17 10 10 -11 20 6 24 1 24 21 -5 -11 20 8 19 4 18 -17 8 9 
-24 -4 9 -11 7 24 18 -2 7 18 5 -10 5 23 12 24 24 -20 22 5 
8 8 15 -11 -16 3 -12 24 15 22 7 12 3 16 -20 9 -19 -23 24 -1 
12 -21 24 -12 -8 2 5 24 7 7 -18 -22 20 -11 11 24 -11 24 7 0 
10 1 -18 6 20 14 -1 4 20 -17 15 14 19 -13 19 -6 -4 -24 16 10 
-12 3 2 -6 11 11 18 2 22 13 3 9 6 -7 22 24 8 -12 -21 1 
1 -21 -12 8 24 22 -7 6 9 3 13 22 2 18 11 11 -6 2 3 -12 
10 16 -24 -4 -6 19 -13 19 14 15 -17 20 4 -1 14 20 6 -18 1 10 
0 7 24 -11 24 11 -11 20 -22 -18 7 7 24 5 2 -8 -12 24 -21 12 
-1 24 -23 -19 9 -20 16 3 12 7 22 15 24 -12 3 -16 -11 15 8 8 
5 22 -20 24 24 12 23 5 -10 5 18 7 -2 18 24 7 -11 9 -4 -24 
9 8 -17 18 4 19 8 20 -11 -5 21 24 1 24 6 20 -11 10 10 17 
15 7 18 -7 5 7 7 0 7 3 22 24 19 15 8 21 9 23 4 -16 
15 22 5 6 -22 10 -24 7 13 19 24 19 17 4 8 16 3 -16 -20 5 
16 12 5 20 24 2 11 13 23 -2 22 -23 15 -9 19 23 22 8 18 2 
2 15 7 15 10 10 13 -18 11 10 5 23 15 9 10 -8 11 24 21 7 
93
1
7 5
12 14
0
0
