20 20
0 5 1 12 1 -3 8 9 -3 1 11 4 5 8 -3 6 4 1 -2 9 
12 -9 -7 7 0 -9 -9 -9 11 11 2 3 7 4 -11 3 -1 0 2 -3 
4 2 6 2 1 -9 9 12 3 2 12 10 12 -10 8 -10 10 9 -7 8 
-8 6 -6 7 5 2 -5 4 7 11 -9 12 5 12 10 5 10 1 8 0 
1 -12 -2 8 -9 10 -9 11 -2 -12 -2 3 7 3 2 11 1 -8 6 10 
7 -12 7 12 6 -1 -11 9 9 3 -9 2 8 4 -1 0 3 9 1 -6 
2 9 9 6 11 4 11 8 -7 -10 8 12 -3 -7 4 -4 11 10 7 3 
10 10 7 5 2 4 -2 12 -5 4 -2 12 -4 12 3 5 -12 10 2 1 
-5 -12 1 -12 -6 10 -1 4 10 5 5 9 -6 2 5 11 0 10 10 -10 
2 7 6 10 9 9 -5 1 11 11 1 -12 9 -5 3 1 10 10 -10 -4 
-4 -10 10 10 1 3 -5 9 -12 1 11 11 1 -5 9 9 10 6 7 2 
-10 10 10 0 11 5 2 -6 9 5 5 10 4 -1 10 -6 -12 1 -12 -5 
1 2 10 -12 5 3 12 -4 12 -2 4 -5 12 -2 4 2 5 7 10 10 
3 7 10 11 -4 4 -7 -3 12 8 -10 -7 8 11 4 11 6 9 9 2 
-6 1 9 3 0 -1 4 8 2 -9 3 9 9 -11 -1 6 12 7 -12 7 
10 6 -8 1 11 2 3 7 3 -2 -12 -2 11 -9 10 -9 8 -2 -12 1 
0 8 1 10 5 10 12 5 12 -9 11 7 4 -5 2 5 7 -6 6 -8 
8 -7 9 10 -10 8 -10 12 10 12 2 3 12 9 -9 1 2 6 2 4 
-3 2 0 -1 3 -11 4 7 3 2 11 11 -9 -9 -9 0 7 -7 -9 12 
9 -2 1 4 6 -3 8 5 4 11 1 -3 9 8 -3 1 12 1 5 0 
61
1
4 5
15 14
0
0
