20 20
1 6 15 2 5 1 1 4 14 -13 6 -13 12 7 9 10 14 3 1 8 
6 18 18 -7 5 1 -6 16 13 12 6 13 17 -7 9 -14 7 9 -3 9 
11 2 -16 11 10 -3 17 -5 -4 -2 5 18 11 -5 14 -3 5 -10 7 17 
-13 14 5 11 15 17 18 13 14 -12 -18 1 -16 -5 2 4 -13 16 4 16 
3 2 13 10 5 -5 13 -16 2 -7 13 11 2 1 -10 -15 -4 1 2 -10 
-4 -17 1 -11 10 8 16 -10 17 12 -18 9 16 6 10 -9 3 8 -7 -11 
18 15 1 7 13 -12 4 16 -17 10 8 -4 -5 17 -16 15 -9 16 8 -17 
-5 5 7 -1 6 14 10 12 18 12 12 -6 6 11 9 8 14 6 1 12 
12 9 -3 -10 8 -10 11 1 15 -7 -4 3 3 5 16 -8 11 2 11 -7 
17 16 -17 -5 7 -18 14 7 15 2 12 18 6 -13 2 13 13 6 5 -11 
-11 5 6 13 13 2 -13 6 18 12 2 15 7 14 -18 7 -5 -17 16 17 
-7 11 2 11 -8 16 5 3 3 -4 -7 15 1 11 -10 8 -10 -3 9 12 
12 1 6 14 8 9 11 6 -6 12 12 18 12 10 14 6 -1 7 5 -5 
-17 8 16 -9 15 -16 17 -5 -4 8 10 -17 16 4 -12 13 7 1 15 18 
-11 -7 8 3 -9 10 6 16 9 -18 12 17 -10 16 8 10 -11 1 -17 -4 
-10 2 1 -4 -15 -10 1 2 11 13 -7 2 -16 13 -5 5 10 13 2 3 
16 4 16 -13 4 2 -5 -16 1 -18 -12 14 13 18 17 15 11 5 14 -13 
17 7 -10 5 -3 14 -5 11 18 5 -2 -4 -5 17 -3 10 11 -16 2 11 
9 -3 9 7 -14 9 -7 17 13 6 12 13 16 -6 1 5 -7 18 18 6 
8 1 3 14 10 9 7 12 -13 6 -13 14 4 1 1 5 2 15 6 1 
135
1
15 6
4 13
0
0
