20 20
8 14 19 1 -22 1 -6 9 1 5 27 8 2 -24 11 -22 22 18 -11 -14 
23 4 22 14 9 22 0 9 -21 24 -11 26 23 1 -20 25 -11 -16 1 22 
18 5 -21 2 21 24 26 -24 27 14 12 17 27 -4 -11 16 26 3 8 -15 
18 -27 -12 9 14 8 -16 24 15 4 23 -26 -4 20 -18 18 19 17 23 3 
-1 -13 19 -10 -25 13 13 21 5 26 -15 -6 16 -25 13 20 23 4 7 2 
17 -26 0 14 -23 -10 18 -3 -20 -1 -26 0 9 7 10 5 23 9 -19 3 
25 5 15 -13 -2 9 25 -6 11 7 -2 -19 25 14 3 -15 0 26 2 23 
17 -25 14 16 13 23 15 22 -3 26 24 26 -27 15 18 3 5 6 -22 2 
25 -22 11 5 -20 15 8 19 12 3 18 25 12 -18 -2 -17 1 15 9 -3 
17 25 10 10 9 8 -11 6 17 13 -24 4 -9 -14 12 24 -24 16 3 25 
25 3 16 -24 24 12 -14 -9 4 -24 13 17 6 -11 8 9 10 10 25 17 
-3 9 15 1 -17 -2 -18 12 25 18 3 12 19 8 15 -20 5 11 -22 25 
2 -22 6 5 3 18 15 -27 26 24 26 -3 22 15 23 13 16 14 -25 17 
23 2 26 0 -15 3 14 25 -19 -2 7 11 -6 25 9 -2 -13 15 5 25 
3 -19 9 23 5 10 7 9 0 -26 -1 -20 -3 18 -10 -23 14 0 -26 17 
2 7 4 23 20 13 -25 16 -6 -15 26 5 21 13 13 -25 -10 19 -13 -1 
3 23 17 19 18 -18 20 -4 -26 23 4 15 24 -16 8 14 9 -12 -27 18 
-15 8 3 26 16 -11 -4 27 17 12 14 27 -24 26 24 21 2 -21 5 18 
22 1 -16 -11 25 -20 1 23 26 -11 24 -21 9 0 22 9 14 22 4 23 
-14 -11 18 22 -22 11 -24 2 8 27 5 1 9 -6 1 -22 1 19 14 8 
164
1
18 4
1 15
0
0
