20 20
18 -13 1 1 -11 13 2 24 19 26 -18 17 17 -25 2 16 28 13 14 2 
19 5 3 3 24 -10 19 -23 -8 -23 -21 22 0 9 2 -13 13 8 7 22 
17 13 8 25 25 9 17 11 -19 10 14 -15 -20 26 -20 17 20 22 16 6 
21 -20 28 8 -12 -17 -7 -12 10 4 -17 7 10 -7 8 28 21 13 22 5 
12 1 -7 10 21 4 22 14 8 -12 8 28 7 24 26 13 23 8 12 4 
-16 19 19 23 16 -8 24 20 25 27 -6 15 -21 2 4 15 12 -14 4 -26 
-22 0 24 18 -8 25 9 17 12 3 4 28 -22 7 11 17 17 6 6 6 
6 4 20 4 25 2 24 2 -3 10 9 -24 21 2 7 -14 19 -15 24 24 
23 22 -15 4 0 3 -21 23 -1 3 15 27 -20 24 -23 -26 -28 3 -25 10 
7 11 21 15 11 5 9 27 1 27 5 10 23 14 -23 -5 10 -24 23 4 
4 23 -24 10 -5 -23 14 23 10 5 27 1 27 9 5 11 15 21 11 7 
10 -25 3 -28 -26 -23 24 -20 27 15 3 -1 23 -21 3 0 4 -15 22 23 
24 24 -15 19 -14 7 2 21 -24 9 10 -3 2 24 2 25 4 20 4 6 
6 6 6 17 17 11 7 -22 28 4 3 12 17 9 25 -8 18 24 0 -22 
-26 4 -14 12 15 4 2 -21 15 -6 27 25 20 24 -8 16 23 19 19 -16 
4 12 8 23 13 26 24 7 28 8 -12 8 14 22 4 21 10 -7 1 12 
5 22 13 21 28 8 -7 10 7 -17 4 10 -12 -7 -17 -12 8 28 -20 21 
6 16 22 20 17 -20 26 -20 -15 14 10 -19 11 17 9 25 25 8 13 17 
22 7 8 13 -13 2 9 0 22 -21 -23 -8 -23 19 -10 24 3 3 5 19 
2 14 13 28 16 2 -25 17 17 -18 26 19 24 2 13 -11 1 1 -13 18 
80
1
1 18
18 1
0
0
