20 20
7 9 -5 2 5 2 -10 -10 -12 -12 13 13 -1 -14 5 6 0 5 15 5 
15 15 5 -12 6 -5 13 4 8 -1 -3 5 10 10 3 10 -14 -10 -14 11 
1 4 2 -5 10 5 12 5 -8 5 9 7 -12 12 1 -11 -11 1 -4 11 
-12 -13 0 -15 4 5 6 7 2 -4 4 13 15 5 4 2 0 -13 1 15 
0 2 -4 3 8 -14 8 13 6 0 -3 12 10 1 7 -15 12 8 6 -4 
11 13 2 14 -8 3 8 11 2 -15 3 1 5 3 5 12 -13 9 -1 11 
-1 13 0 -4 3 12 5 6 6 11 0 7 -5 4 -14 4 12 15 6 -12 
13 2 3 3 15 2 8 3 6 5 15 9 12 5 -15 -9 15 6 -8 3 
2 -7 7 10 12 10 -7 10 10 15 3 4 -6 12 11 12 -8 -7 9 3 
2 11 4 -9 6 -4 -15 -4 -5 2 14 -10 13 13 3 8 13 -11 -11 6 
6 -11 -11 13 8 3 13 13 -10 14 2 -5 -4 -15 -4 6 -9 4 11 2 
3 9 -7 -8 12 11 12 -6 4 3 15 10 10 -7 10 12 10 7 -7 2 
3 -8 6 15 -9 -15 5 12 9 15 5 6 3 8 2 15 3 3 2 13 
-12 6 15 12 4 -14 4 -5 7 0 11 6 6 5 12 3 -4 0 13 -1 
11 -1 9 -13 12 5 3 5 1 3 -15 2 11 8 3 -8 14 2 13 11 
-4 6 8 12 -15 7 1 10 12 -3 0 6 13 8 -14 8 3 -4 2 0 
15 1 -13 0 2 4 5 15 13 4 -4 2 7 6 5 4 -15 0 -13 -12 
11 -4 1 -11 -11 1 12 -12 7 9 5 -8 5 12 5 10 -5 2 4 1 
11 -14 -10 -14 10 3 10 10 5 -3 -1 8 4 13 -5 6 -12 5 15 15 
5 15 5 0 6 5 -14 -1 13 13 -12 -12 -10 -10 2 5 2 -5 9 7 
65
1
17 7
2 12
0
0
