20 20
-2 5 -3 1 -9 -5 7 0 10 9 -14 14 8 16 -10 -15 9 2 15 12 
10 14 12 -16 9 -14 12 -17 -13 1 7 -3 8 17 3 3 -6 16 15 15 
9 1 9 11 12 14 -1 10 -2 17 13 13 2 -9 1 -14 -10 -14 15 13 
0 17 16 17 17 1 -3 5 16 -16 7 13 1 13 8 14 -16 2 3 6 
7 17 13 14 -11 7 -15 7 15 17 10 -15 13 9 -3 16 14 10 17 2 
6 -15 13 1 -3 11 -11 -8 10 12 6 8 -1 -3 -8 2 15 13 3 3 
-17 4 3 5 -4 -8 11 3 12 -8 0 12 11 3 17 -12 8 10 17 10 
14 -13 1 4 8 -7 9 -17 4 9 10 1 16 12 8 10 -14 16 17 11 
14 16 16 12 2 5 5 2 -5 -9 -17 17 5 6 3 7 8 15 12 17 
12 -14 12 11 14 -10 -17 1 -2 13 12 4 -11 13 15 1 12 -14 4 17 
17 4 -14 12 1 15 13 -11 4 12 13 -2 1 -17 -10 14 11 12 -14 12 
17 12 15 8 7 3 6 5 17 -17 -9 -5 2 5 5 2 12 16 16 14 
11 17 16 -14 10 8 12 16 1 10 9 4 -17 9 -7 8 4 1 -13 14 
10 17 10 8 -12 17 3 11 12 0 -8 12 3 11 -8 -4 5 3 4 -17 
3 3 13 15 2 -8 -3 -1 8 6 12 10 -8 -11 11 -3 1 13 -15 6 
2 17 10 14 16 -3 9 13 -15 10 17 15 7 -15 7 -11 14 13 17 7 
6 3 2 -16 14 8 13 1 13 7 -16 16 5 -3 1 17 17 16 17 0 
13 15 -14 -10 -14 1 -9 2 13 13 17 -2 10 -1 14 12 11 9 1 9 
15 15 16 -6 3 3 17 8 -3 7 1 -13 -17 12 -14 9 -16 12 14 10 
12 15 2 9 -15 -10 16 8 14 -14 9 10 0 7 -5 -9 1 -3 5 -2 
49
1
4 2
15 17
0
0
