20 20
1 -7 -6 1 -1 -8 2 11 13 15 -1 14 -11 8 7 9 3 2 11 3 
12 13 5 15 -5 14 -5 -2 -15 6 9 -7 1 6 6 3 -9 4 -1 11 
13 1 9 14 11 10 8 13 0 2 3 4 11 13 13 6 14 15 5 3 
2 12 14 9 3 -13 -3 9 7 -11 -9 1 9 10 -14 1 -5 5 5 -8 
-14 1 12 6 5 12 5 -1 -12 0 -10 7 3 14 13 5 -5 10 6 1 
15 1 7 15 15 9 8 -8 -7 3 7 1 13 10 6 1 6 10 2 -15 
-11 15 12 5 -13 9 -8 10 2 -11 -11 15 5 8 7 10 9 5 7 6 
10 -10 2 13 3 6 3 -5 9 7 7 0 6 8 2 12 0 -6 -6 4 
9 6 -1 4 9 -3 -8 1 9 11 13 4 7 -2 10 11 -6 12 14 -9 
5 -4 14 13 12 14 10 2 15 -10 3 12 -15 11 13 15 2 1 3 10 
10 3 1 2 15 13 11 -15 12 3 -10 15 2 10 14 12 13 14 -4 5 
-9 14 12 -6 11 10 -2 7 4 13 11 9 1 -8 -3 9 4 -1 6 9 
4 -6 -6 0 12 2 8 6 0 7 7 9 -5 3 6 3 13 2 -10 10 
6 7 5 9 10 7 8 5 15 -11 -11 2 10 -8 9 -13 5 12 15 -11 
-15 2 10 6 1 6 10 13 1 7 3 -7 -8 8 9 15 15 7 1 15 
1 6 10 -5 5 13 14 3 7 -10 0 -12 -1 5 12 5 6 12 1 -14 
-8 5 5 -5 1 -14 10 9 1 -9 -11 7 9 -3 -13 3 9 14 12 2 
3 5 15 14 6 13 13 11 4 3 2 0 13 8 10 11 14 9 1 13 
11 -1 4 -9 3 6 6 1 -7 9 6 -15 -2 -5 14 -5 15 5 13 12 
3 11 2 3 9 7 8 -11 14 -1 15 13 11 2 -8 -1 1 -6 -7 1 
114
1
7 10
12 9
0
0
