20 20
5 13 8 5 12 8 9 12 2 10 12 6 5 -3 -3 12 1 15 6 4 
1 -3 13 5 -4 1 -1 4 7 -12 2 -1 0 1 6 2 13 4 8 14 
4 3 2 14 10 -9 -1 -9 5 0 4 -5 -15 13 1 3 0 11 -3 5 
-12 3 0 5 -14 8 12 9 -7 6 15 -6 14 15 13 3 -3 12 -9 14 
4 5 14 6 5 14 9 -1 2 -11 14 2 -4 6 11 15 6 2 9 7 
14 14 10 2 14 2 7 10 13 11 7 7 -5 9 14 5 9 1 13 -4 
15 7 6 15 2 8 1 10 10 10 13 8 10 14 1 15 15 12 10 14 
13 -13 -5 11 15 -2 1 4 3 4 11 -9 12 -8 -10 15 0 4 7 -3 
-9 0 13 8 8 -14 12 9 5 -8 10 -5 15 2 7 0 5 13 15 -8 
-8 5 9 -15 13 7 8 1 2 5 4 15 11 4 -9 6 -8 9 6 2 
2 6 9 -8 6 -9 4 11 15 4 5 2 1 8 7 13 -15 9 5 -8 
-8 15 13 5 0 7 2 15 -5 10 -8 5 9 12 -14 8 8 13 0 -9 
-3 7 4 0 15 -10 -8 12 -9 11 4 3 4 1 -2 15 11 -5 -13 13 
14 10 12 15 15 1 14 10 8 13 10 10 10 1 8 2 15 6 7 15 
-4 13 1 9 5 14 9 -5 7 7 11 13 10 7 2 14 2 10 14 14 
7 9 2 6 15 11 6 -4 2 14 -11 2 -1 9 14 5 6 14 5 4 
14 -9 12 -3 3 13 15 14 -6 15 6 -7 9 12 8 -14 5 0 3 -12 
5 -3 11 0 3 1 13 -15 -5 4 0 5 -9 -1 -9 10 14 2 3 4 
14 8 4 13 2 6 1 0 -1 2 -12 7 4 -1 1 -4 5 13 -3 1 
4 6 15 1 12 -3 -3 5 6 12 10 2 12 9 8 12 5 8 13 5 
180
1
10 18
9 1
0
0
