20 20
11 4 3 3 5 1 -22 4 -3 10 5 13 21 -14 -15 5 -3 -17 15 3 
10 -8 9 -14 -10 -6 -2 14 6 3 19 -2 5 15 -12 -10 3 15 13 1 
-17 16 13 1 7 13 -2 17 -18 -22 22 15 20 6 -15 11 3 18 19 8 
9 8 19 10 2 5 4 13 5 17 0 -6 -9 14 7 22 -10 6 2 6 
-17 2 -19 2 11 22 -15 2 -3 8 6 1 -7 4 17 20 -17 17 -12 -3 
18 12 3 6 11 16 3 -7 -22 20 -8 17 16 14 2 3 21 6 18 20 
7 21 12 19 13 15 7 4 -5 8 13 15 10 -7 9 16 -6 11 -19 14 
-17 9 19 22 17 12 22 2 -14 6 1 -3 13 14 -9 20 17 9 15 5 
-5 8 13 7 22 8 22 12 13 14 7 -15 16 -18 11 -15 12 -20 -15 14 
7 -4 12 11 20 -15 3 4 3 12 3 8 -10 12 7 19 6 -5 -17 11 
11 -17 -5 6 19 7 12 -10 8 3 12 3 4 3 -15 20 11 12 -4 7 
14 -15 -20 12 -15 11 -18 16 -15 7 14 13 12 22 8 22 7 13 8 -5 
5 15 9 17 20 -9 14 13 -3 1 6 -14 2 22 12 17 22 19 9 -17 
14 -19 11 -6 16 9 -7 10 15 13 8 -5 4 7 15 13 19 12 21 7 
20 18 6 21 3 2 14 16 17 -8 20 -22 -7 3 16 11 6 3 12 18 
-3 -12 17 -17 20 17 4 -7 1 6 8 -3 2 -15 22 11 2 -19 2 -17 
6 2 6 -10 22 7 14 -9 -6 0 17 5 13 4 5 2 10 19 8 9 
8 19 18 3 11 -15 6 20 15 22 -22 -18 17 -2 13 7 1 13 16 -17 
1 13 15 3 -10 -12 15 5 -2 19 3 6 14 -2 -6 -10 -14 9 -8 10 
3 15 -17 -3 5 -15 -14 21 13 5 10 -3 4 -22 1 5 3 3 4 11 
79
1
15 14
4 5
0
0
