20 20
7 3 -12 18 3 20 23 18 7 20 13 6 9 21 4 22 -6 21 14 16 
2 17 18 11 20 -3 21 13 4 -20 23 3 18 13 -18 1 20 21 2 4 
-23 18 14 6 6 10 -13 -20 9 -23 -12 4 13 16 5 -9 7 11 8 11 
-23 -3 16 16 19 11 4 -11 -5 5 22 15 13 22 5 -11 10 12 -22 12 
10 6 0 20 -7 15 6 23 -2 -15 4 -2 -1 11 12 17 20 -12 18 2 
0 16 3 18 -11 17 8 21 20 23 8 17 10 6 2 15 3 16 16 14 
-23 0 16 22 16 17 -23 11 0 22 11 10 3 8 10 3 -15 -17 -14 0 
12 10 19 9 20 22 23 5 -13 -11 21 -11 -8 10 -17 3 6 -13 5 9 
4 11 5 10 22 -10 3 -10 -1 13 20 14 -21 9 -14 15 8 9 12 19 
0 17 8 5 16 21 13 19 0 -10 12 18 1 -19 20 21 5 19 13 16 
16 13 19 5 21 20 -19 1 18 12 -10 0 19 13 21 16 5 8 17 0 
19 12 9 8 15 -14 9 -21 14 20 13 -1 -10 3 -10 22 10 5 11 4 
9 5 -13 6 3 -17 10 -8 -11 21 -11 -13 5 23 22 20 9 19 10 12 
0 -14 -17 -15 3 10 8 3 10 11 22 0 11 -23 17 16 22 16 0 -23 
14 16 16 3 15 2 6 10 17 8 23 20 21 8 17 -11 18 3 16 0 
2 18 -12 20 17 12 11 -1 -2 4 -15 -2 23 6 15 -7 20 0 6 10 
12 -22 12 10 -11 5 22 13 15 22 5 -5 -11 4 11 19 16 16 -3 -23 
11 8 11 7 -9 5 16 13 4 -12 -23 9 -20 -13 10 6 6 14 18 -23 
4 2 21 20 1 -18 13 18 3 23 -20 4 13 21 -3 20 11 18 17 2 
16 14 21 -6 22 4 21 9 6 13 20 7 18 23 20 3 18 -12 3 7 
134
1
9 2
10 17
0
0
