20 20
13 12 -4 2 13 3 20 24 2 -13 -24 1 2 -24 19 18 5 20 20 24 
20 14 19 20 15 -13 22 22 -12 7 23 -23 18 14 8 9 9 17 9 25 
-20 20 8 9 4 5 -5 7 -4 20 13 -4 8 8 17 23 14 20 -1 -13 
22 18 15 0 3 11 10 12 -7 16 4 5 -7 16 -17 11 1 15 -10 17 
5 -23 21 17 19 10 6 20 -4 15 4 -5 0 -4 11 -23 1 1 4 21 
12 -13 19 7 10 3 6 -19 -8 20 10 16 19 -6 -11 -23 13 13 3 22 
15 19 -21 13 14 18 6 17 -24 25 11 14 3 20 4 5 13 13 1 21 
7 4 8 2 -18 5 3 22 15 16 18 -18 24 13 15 15 23 -13 2 -4 
13 -15 19 2 -4 9 -12 22 11 0 -9 -11 0 15 23 6 4 22 2 -15 
7 -25 8 8 23 11 18 9 20 -14 16 16 20 23 4 7 18 11 -25 -25 
-25 -25 11 18 7 4 23 20 16 16 -14 20 9 18 11 23 8 8 -25 7 
-15 2 22 4 6 23 15 0 -11 -9 0 11 22 -12 9 -4 2 19 -15 13 
-4 2 -13 23 15 15 13 24 -18 18 16 15 22 3 5 -18 2 8 4 7 
21 1 13 13 5 4 20 3 14 11 25 -24 17 6 18 14 13 -21 19 15 
22 3 13 13 -23 -11 -6 19 16 10 20 -8 -19 6 3 10 7 19 -13 12 
21 4 1 1 -23 11 -4 0 -5 4 15 -4 20 6 10 19 17 21 -23 5 
17 -10 15 1 11 -17 16 -7 5 4 16 -7 12 10 11 3 0 15 18 22 
-13 -1 20 14 23 17 8 8 -4 13 20 -4 7 -5 5 4 9 8 20 -20 
25 9 17 9 9 8 14 18 -23 23 7 -12 22 22 -13 15 20 19 14 20 
24 20 20 5 18 19 -24 2 1 -24 -13 2 24 20 3 13 2 -4 12 13 
132
1
4 14
15 5
0
0
