20 20
5 20 3 -19 -8 15 14 19 8 13 8 -16 19 13 16 -3 4 3 9 1 
-14 -18 2 18 13 16 7 16 -14 -8 12 3 19 15 8 5 19 17 -10 -21 
8 -17 -1 13 9 1 18 19 2 15 18 -7 10 2 -3 18 4 18 13 17 
20 -5 8 2 12 15 16 12 20 15 17 16 5 18 3 11 2 12 6 10 
6 16 13 18 -5 11 7 6 1 5 18 0 2 7 16 -6 -13 -3 12 16 
10 -6 9 -14 6 18 13 2 -1 10 7 20 19 18 20 21 0 -3 -2 14 
-17 2 -21 -6 10 -14 -20 8 21 0 15 14 -19 3 17 19 20 3 20 8 
4 16 0 -7 14 -4 8 7 5 5 10 18 5 2 8 5 12 17 14 15 
6 3 3 19 2 3 19 -11 19 2 18 -15 -7 18 -8 19 15 18 15 4 
0 -17 16 15 -9 -21 16 6 -7 17 4 21 18 11 10 -18 18 -18 6 19 
19 6 -18 18 -18 10 11 18 21 4 17 -7 6 16 -21 -9 15 16 -17 0 
4 15 18 15 19 -8 18 -7 -15 18 2 19 -11 19 3 2 19 3 3 6 
15 14 17 12 5 8 2 5 18 10 5 5 7 8 -4 14 -7 0 16 4 
8 20 3 20 19 17 3 -19 14 15 0 21 8 -20 -14 10 -6 -21 2 -17 
14 -2 -3 0 21 20 18 19 20 7 10 -1 2 13 18 6 -14 9 -6 10 
16 12 -3 -13 -6 16 7 2 0 18 5 1 6 7 11 -5 18 13 16 6 
10 6 12 2 11 3 18 5 16 17 15 20 12 16 15 12 2 8 -5 20 
17 13 18 4 18 -3 2 10 -7 18 15 2 19 18 1 9 13 -1 -17 8 
-21 -10 17 19 5 8 15 19 3 12 -8 -14 16 7 16 13 18 2 -18 -14 
1 9 3 4 -3 16 13 19 -16 8 13 8 19 14 15 -8 -19 3 20 5 
132
1
10 3
9 16
0
0
