20 20
0 9 9 5 4 0 11 -8 -7 1 7 -4 5 2 2 2 8 8 9 3 
3 7 7 3 3 -7 -11 5 5 2 -8 2 11 -2 5 -4 7 3 6 8 
0 -1 1 5 5 -5 0 8 3 10 1 5 -6 -5 -10 9 4 -5 1 11 
2 8 1 11 7 6 -8 5 3 5 4 -10 1 7 2 6 -3 7 4 3 
8 1 -1 5 6 6 3 3 -7 5 6 5 3 -3 9 1 6 3 5 8 
6 3 -11 -11 5 11 -9 5 -6 10 4 -7 5 9 2 4 7 -5 10 -5 
-6 -4 11 -6 6 0 1 6 6 6 2 -7 5 -5 7 7 8 6 10 -10 
-4 1 3 2 -2 0 -10 9 3 3 10 7 4 10 10 6 -9 4 7 1 
0 10 5 -1 8 -8 -3 -11 -1 -11 -2 -1 8 3 4 11 2 2 -5 7 
7 8 11 1 1 0 3 9 10 7 2 11 8 -1 9 -7 4 6 10 -9 
-9 10 6 4 -7 9 -1 8 11 2 7 10 9 3 0 1 1 11 8 7 
7 -5 2 2 11 4 3 8 -1 -2 -11 -1 -11 -3 -8 8 -1 5 10 0 
1 7 4 -9 6 10 10 4 7 10 3 3 9 -10 0 -2 2 3 1 -4 
-10 10 6 8 7 7 -5 5 -7 2 6 6 6 1 0 6 -6 11 -4 -6 
-5 10 -5 7 4 2 9 5 -7 4 10 -6 5 -9 11 5 -11 -11 3 6 
8 5 3 6 1 9 -3 3 5 6 5 -7 3 3 6 6 5 -1 1 8 
3 4 7 -3 6 2 7 1 -10 4 5 3 5 -8 6 7 11 1 8 2 
11 1 -5 4 9 -10 -5 -6 5 1 10 3 8 0 -5 5 5 1 -1 0 
8 6 3 7 -4 5 -2 11 2 -8 2 5 5 -11 -7 3 3 7 7 3 
3 9 8 8 2 2 2 5 -4 7 1 -7 -8 11 0 4 5 9 9 0 
86
1
13 3
6 16
0
0
