20 20
20 14 11 1 1 19 21 9 24 15 -3 13 9 -13 7 6 -21 -23 17 -9 
21 -16 7 -8 18 24 0 11 21 -17 10 11 -22 14 9 18 11 17 22 -1 
12 11 9 5 -2 18 16 -10 7 19 -13 -1 20 12 -3 0 -22 -18 9 7 
-13 8 6 2 2 5 1 23 12 2 6 5 18 8 -20 20 17 21 5 -23 
-23 -15 18 21 24 20 10 -13 7 10 12 -1 0 8 16 14 22 15 1 8 
20 11 9 19 24 1 -14 7 23 -21 20 15 19 -1 8 1 3 23 12 21 
3 -18 18 17 11 8 4 -2 4 4 -24 21 21 6 12 5 22 -2 14 11 
-6 13 5 5 8 8 3 -10 17 2 6 13 10 23 16 -21 23 10 9 12 
21 18 -1 17 -13 17 20 6 7 -20 -22 2 0 6 20 6 -21 -7 13 9 
22 21 12 24 -3 19 9 8 19 -21 9 14 4 1 13 4 20 -20 14 -5 
-5 14 -20 20 4 13 1 4 14 9 -21 19 8 9 19 -3 24 12 21 22 
9 13 -7 -21 6 20 6 0 2 -22 -20 7 6 20 17 -13 17 -1 18 21 
12 9 10 23 -21 16 23 10 13 6 2 17 -10 3 8 8 5 5 13 -6 
11 14 -2 22 5 12 6 21 21 -24 4 4 -2 4 8 11 17 18 -18 3 
21 12 23 3 1 8 -1 19 15 20 -21 23 7 -14 1 24 19 9 11 20 
8 1 15 22 14 16 8 0 -1 12 10 7 -13 10 20 24 21 18 -15 -23 
-23 5 21 17 20 -20 8 18 5 6 2 12 23 1 5 2 2 6 8 -13 
7 9 -18 -22 0 -3 12 20 -1 -13 19 7 -10 16 18 -2 5 9 11 12 
-1 22 17 11 18 9 14 -22 11 10 -17 21 11 0 24 18 -8 7 -16 21 
-9 17 -23 -21 6 7 -13 9 13 -3 15 24 9 21 19 1 1 11 14 20 
37
1
0 11
19 8
0
0
