20 20
-10 15 28 -4 21 16 -6 23 -15 20 21 11 25 -16 16 16 -7 -12 25 18 
-15 11 -6 20 16 -25 17 6 -10 -27 6 -24 18 5 24 -7 6 25 -14 2 
3 9 17 5 13 14 11 5 0 9 24 -11 2 21 3 -14 1 -25 3 3 
27 -23 20 15 22 9 18 21 23 23 18 15 15 -15 4 2 -21 21 9 25 
25 12 -3 -5 22 -24 26 15 26 14 12 7 20 8 -24 25 11 -12 7 1 
7 -2 16 13 7 28 13 19 6 -25 7 13 25 24 10 -16 -9 25 21 5 
5 25 24 18 1 -26 18 27 24 24 5 -27 -12 -14 25 12 20 -21 19 21 
3 5 26 -11 9 -20 6 14 13 11 26 -21 24 22 15 5 14 -3 19 7 
24 -21 25 8 23 17 25 23 2 19 18 15 5 9 -8 1 -3 -13 24 23 
6 20 -20 2 -12 -19 13 2 5 -28 -4 5 -3 -21 3 4 8 9 -24 5 
5 -24 9 8 4 3 -21 -3 5 -4 -28 5 2 13 -19 -12 2 -20 20 6 
23 24 -13 -3 1 -8 9 5 15 18 19 2 23 25 17 23 8 25 -21 24 
7 19 -3 14 5 15 22 24 -21 26 11 13 14 6 -20 9 -11 26 5 3 
21 19 -21 20 12 25 -14 -12 -27 5 24 24 27 18 -26 1 18 24 25 5 
5 21 25 -9 -16 10 24 25 13 7 -25 6 19 13 28 7 13 16 -2 7 
1 7 -12 11 25 -24 8 20 7 12 14 26 15 26 -24 22 -5 -3 12 25 
25 9 21 -21 2 4 -15 15 15 18 23 23 21 18 9 22 15 20 -23 27 
3 3 -25 1 -14 3 21 2 -11 24 9 0 5 11 14 13 5 17 9 3 
2 -14 25 6 -7 24 5 18 -24 6 -27 -10 6 17 -25 16 20 -6 11 -15 
18 25 -12 -7 16 16 -16 25 11 21 20 -15 23 -6 16 21 -4 28 15 -10 
81
1
5 19
14 0
0
0
