20 20
-18 19 1 -21 14 6 24 11 -2 17 2 13 -19 -4 16 16 19 6 12 -16 
1 11 -10 8 8 13 22 22 17 16 3 11 26 -3 21 7 11 25 15 7 
-5 19 5 -13 12 22 -26 17 17 3 21 -19 -20 17 5 -16 21 18 16 11 
21 -12 11 -4 0 7 26 -10 15 -24 16 14 11 -19 4 -4 10 9 -19 20 
20 15 0 18 -5 18 15 24 15 1 11 -25 13 15 -19 8 24 0 20 12 
18 -4 4 15 3 11 -25 -4 19 -22 17 8 -17 23 8 -7 2 13 8 1 
18 -23 18 16 3 9 14 -1 9 15 4 -23 12 26 -26 -9 20 -1 -7 15 
22 24 -15 -10 15 5 10 5 1 6 21 -4 7 18 2 -18 -25 25 8 -6 
-24 -13 18 22 16 9 4 4 16 -20 1 24 9 23 -9 5 2 10 11 10 
24 10 6 2 -25 17 -14 -4 7 7 17 16 25 21 -13 20 -11 0 -5 26 
26 -5 0 -11 20 -13 21 25 16 17 7 7 -4 -14 17 -25 2 6 10 24 
10 11 10 2 5 -9 23 9 24 1 -20 16 4 4 9 16 22 18 -13 -24 
-6 8 25 -25 -18 2 18 7 -4 21 6 1 5 10 5 15 -10 -15 24 22 
15 -7 -1 20 -9 -26 26 12 -23 4 15 9 -1 14 9 3 16 18 -23 18 
1 8 13 2 -7 8 23 -17 8 17 -22 19 -4 -25 11 3 15 4 -4 18 
12 20 0 24 8 -19 15 13 -25 11 1 15 24 15 18 -5 18 0 15 20 
20 -19 9 10 -4 4 -19 11 14 16 -24 15 -10 26 7 0 -4 11 -12 21 
11 16 18 21 -16 5 17 -20 -19 21 3 17 17 -26 22 12 -13 5 19 -5 
7 15 25 11 7 21 -3 26 11 3 16 17 22 22 13 8 8 -10 11 1 
-16 12 6 19 16 16 -4 -19 13 2 17 -2 11 24 6 14 -21 1 19 -18 
65
1
2 8
17 11
0
0
