20 20
-2 5 11 5 5 -2 6 8 -5 10 1 2 7 -8 8 -3 6 4 -3 8 
2 -3 10 4 1 4 5 11 2 8 4 6 2 9 8 5 5 6 11 11 
-5 11 6 6 1 -2 2 10 10 4 9 -1 -11 -5 10 11 -7 6 -6 7 
7 1 -8 -10 5 4 -7 7 7 4 -11 -10 6 9 10 9 2 -3 9 9 
-4 5 8 -3 4 -4 0 5 -2 -1 2 4 1 1 6 4 10 -4 5 8 
-3 -8 9 -8 6 6 7 3 -6 10 8 -7 0 6 10 -11 -9 11 1 7 
11 0 2 0 11 9 -9 5 3 1 4 9 5 -6 11 2 10 6 11 7 
-6 1 11 7 -11 7 5 3 -2 1 6 4 8 0 3 1 10 -6 9 3 
1 -11 1 8 4 11 5 10 -8 4 5 -2 2 7 4 2 5 0 4 9 
6 10 -6 -6 10 -3 3 5 8 9 4 3 -8 -9 -7 7 5 9 11 2 
2 11 9 5 7 -7 -9 -8 3 4 9 8 5 3 -3 10 -6 -6 10 6 
9 4 0 5 2 4 7 2 -2 5 4 -8 10 5 11 4 8 1 -11 1 
3 9 -6 10 1 3 0 8 4 6 1 -2 3 5 7 -11 7 11 1 -6 
7 11 6 10 2 11 -6 5 9 4 1 3 5 -9 9 11 0 2 0 11 
7 1 11 -9 -11 10 6 0 -7 8 10 -6 3 7 6 6 -8 9 -8 -3 
8 5 -4 10 4 6 1 1 4 2 -1 -2 5 0 -4 4 -3 8 5 -4 
9 9 -3 2 9 10 9 6 -10 -11 4 7 7 -7 4 5 -10 -8 1 7 
7 -6 6 -7 11 10 -5 -11 -1 9 4 10 10 2 -2 1 6 6 11 -5 
11 11 6 5 5 8 9 2 6 4 8 2 11 5 4 1 4 10 -3 2 
8 -3 4 6 -3 8 -8 7 2 1 10 -5 8 6 -2 5 5 11 5 -2 
43
1
5 17
14 2
0
0
