20 20
20 -21 1 10 4 20 9 -14 20 12 7 20 25 3 18 3 15 10 10 17 
-17 8 4 -8 10 -6 24 -21 12 17 14 -20 18 16 7 26 11 17 12 -6 
14 20 23 23 16 26 19 6 19 12 22 -26 19 6 23 19 18 25 -14 -24 
20 12 1 10 -3 10 16 26 2 17 6 -21 25 -25 2 10 11 1 20 8 
-22 -8 12 -22 2 -8 2 -1 19 -2 18 13 -4 19 20 1 20 9 1 7 
-22 9 26 20 -3 -18 25 21 5 22 -5 11 21 17 26 4 8 -18 11 14 
15 13 15 -21 18 1 16 20 1 17 12 13 -2 9 5 -3 0 11 -23 5 
6 22 26 15 15 1 -23 20 -17 11 13 5 -3 25 -22 23 22 -11 21 20 
21 2 -14 11 -25 19 8 10 21 21 5 4 12 3 22 -18 2 -4 -2 0 
-11 4 20 23 9 -14 23 -3 -15 -1 11 9 13 12 26 2 10 15 21 -12 
-12 21 15 10 2 26 12 13 9 11 -1 -15 -3 23 -14 9 23 20 4 -11 
0 -2 -4 2 -18 22 3 12 4 5 21 21 10 8 19 -25 11 -14 2 21 
20 21 -11 22 23 -22 25 -3 5 13 11 -17 20 -23 1 15 15 26 22 6 
5 -23 11 0 -3 5 9 -2 13 12 17 1 20 16 1 18 -21 15 13 15 
14 11 -18 8 4 26 17 21 11 -5 22 5 21 25 -18 -3 20 26 9 -22 
7 1 9 20 1 20 19 -4 13 18 -2 19 -1 2 -8 2 -22 12 -8 -22 
8 20 1 11 10 2 -25 25 -21 6 17 2 26 16 10 -3 10 1 12 20 
-24 -14 25 18 19 23 6 19 -26 22 12 19 6 19 26 16 23 23 20 14 
-6 12 17 11 26 7 16 18 -20 14 17 12 -21 24 -6 10 -8 4 8 -17 
17 10 10 15 3 18 3 25 20 7 12 20 -14 9 20 4 10 1 -21 20 
99
1
15 7
4 12
0
0
