20 20
-14 11 -12 7 6 7 24 5 9 17 -18 22 4 16 3 5 4 22 21 -1 
14 -13 -18 7 9 24 17 20 9 18 17 3 23 -18 3 -6 1 13 -9 9 
12 16 10 -2 2 14 18 1 14 1 22 9 7 4 7 -6 -3 13 3 2 
19 -4 4 -14 22 0 20 16 3 14 10 23 24 6 -4 -6 2 10 20 9 
19 2 -20 20 11 6 15 17 9 10 3 9 21 11 22 -20 6 6 21 9 
13 21 -23 23 19 1 13 14 -3 5 7 -15 3 24 -9 9 0 -14 -13 18 
1 -11 2 22 0 12 -9 17 13 16 -14 -23 19 -20 13 23 2 2 3 6 
-8 6 -12 8 3 5 -17 15 7 -1 13 1 14 17 -11 16 20 13 10 4 
14 19 5 8 10 13 8 5 5 -21 5 0 21 8 4 3 7 15 6 24 
-7 7 15 14 17 3 3 11 5 24 5 -2 -23 20 17 10 -9 22 11 23 
23 11 22 -9 10 17 20 -23 -2 5 24 5 11 3 3 17 14 15 7 -7 
24 6 15 7 3 4 8 21 0 5 -21 5 5 8 13 10 8 5 19 14 
4 10 13 20 16 -11 17 14 1 13 -1 7 15 -17 5 3 8 -12 6 -8 
6 3 2 2 23 13 -20 19 -23 -14 16 13 17 -9 12 0 22 2 -11 1 
18 -13 -14 0 9 -9 24 3 -15 7 5 -3 14 13 1 19 23 -23 21 13 
9 21 6 6 -20 22 11 21 9 3 10 9 17 15 6 11 20 -20 2 19 
9 20 10 2 -6 -4 6 24 23 10 14 3 16 20 0 22 -14 4 -4 19 
2 3 13 -3 -6 7 4 7 9 22 1 14 1 18 14 2 -2 10 16 12 
9 -9 13 1 -6 3 -18 23 3 17 18 9 20 17 24 9 7 -18 -13 14 
-1 21 22 4 5 3 16 4 22 -18 17 9 5 24 7 6 7 -12 11 -14 
96
1
8 17
11 2
0
0
