20 20
19 20 14 -7 18 -16 14 11 1 11 8 8 12 11 3 12 10 17 5 15 
-5 0 12 1 5 19 13 5 18 5 -10 -3 7 5 -16 16 7 -4 11 -3 
7 3 11 16 11 13 16 -15 13 11 0 -11 9 20 1 5 8 18 16 17 
15 1 9 -13 18 -17 -14 10 5 6 8 6 3 -14 5 -2 -6 -9 -10 18 
15 8 -15 16 -20 15 13 8 17 -7 2 14 7 12 8 6 1 12 9 5 
18 -3 -18 20 18 5 3 14 7 0 5 6 8 9 -17 13 0 6 -17 -9 
9 -14 4 -14 -13 13 19 0 7 -8 17 11 1 16 6 0 -1 8 6 11 
8 -16 18 0 -7 13 8 -15 17 10 6 1 11 9 -6 -1 4 16 -3 2 
13 16 18 1 10 9 -5 16 9 14 -2 4 3 -5 2 -14 13 3 17 14 
15 11 11 5 0 20 15 9 10 3 6 -4 -12 -14 0 9 14 8 -16 0 
0 -16 8 14 9 0 -14 -12 -4 6 3 10 9 15 20 0 5 11 11 15 
14 17 3 13 -14 2 -5 3 4 -2 14 9 16 -5 9 10 1 18 16 13 
2 -3 16 4 -1 -6 9 11 1 6 10 17 -15 8 13 -7 0 18 -16 8 
11 6 8 -1 0 6 16 1 11 17 -8 7 0 19 13 -13 -14 4 -14 9 
-9 -17 6 0 13 -17 9 8 6 5 0 7 14 3 5 18 20 -18 -3 18 
5 9 12 1 6 8 12 7 14 2 -7 17 8 13 15 -20 16 -15 8 15 
18 -10 -9 -6 -2 5 -14 3 6 8 6 5 10 -14 -17 18 -13 9 1 15 
17 16 18 8 5 1 20 9 -11 0 11 13 -15 16 13 11 16 11 3 7 
-3 11 -4 7 16 -16 5 7 -3 -10 5 18 5 13 19 5 1 12 0 -5 
15 5 17 10 12 3 11 12 8 8 11 1 11 14 -16 18 -7 14 20 19 
133
1
13 0
6 19
0
0
