20 20
11 4 -2 -18 2 22 6 15 -1 13 22 -22 14 10 -5 7 10 -9 0 20 
15 22 1 4 2 8 12 21 22 11 11 4 -9 1 17 13 10 -2 -18 -7 
13 -6 1 -5 1 0 15 21 21 21 21 16 -18 8 -16 8 -6 19 10 -8 
21 9 0 -16 -11 10 20 16 9 -18 11 8 8 20 16 17 5 22 22 12 
9 -6 0 22 7 13 -16 19 19 20 -7 1 21 8 -12 -6 19 11 -22 14 
-8 10 8 10 15 -1 19 6 16 0 16 10 -10 -18 22 -11 13 9 22 13 
19 5 17 19 19 17 9 18 11 -4 7 2 9 7 14 13 8 2 -6 -9 
3 22 12 13 12 16 12 10 2 16 12 6 1 8 21 8 22 21 10 8 
10 11 -22 4 0 -15 -9 2 -7 6 -20 -15 -22 16 -17 14 -12 -1 21 3 
21 -20 1 14 12 22 11 15 3 9 20 -12 2 4 21 3 19 22 22 20 
20 22 22 19 3 21 4 2 -12 20 9 3 15 11 22 12 14 1 -20 21 
3 21 -1 -12 14 -17 16 -22 -15 -20 6 -7 2 -9 -15 0 4 -22 11 10 
8 10 21 22 8 21 8 1 6 12 16 2 10 12 16 12 13 12 22 3 
-9 -6 2 8 13 14 7 9 2 7 -4 11 18 9 17 19 19 17 5 19 
13 22 9 13 -11 22 -18 -10 10 16 0 16 6 19 -1 15 10 8 10 -8 
14 -22 11 19 -6 -12 8 21 1 -7 20 19 19 -16 13 7 22 0 -6 9 
12 22 22 5 17 16 20 8 8 11 -18 9 16 20 10 -11 -16 0 9 21 
-8 10 19 -6 8 -16 8 -18 16 21 21 21 21 15 0 1 -5 1 -6 13 
-7 -18 -2 10 13 17 1 -9 4 11 11 22 21 12 8 2 4 1 22 15 
20 0 -9 10 7 -5 10 14 -22 22 13 -1 15 6 22 2 -18 -2 4 11 
35
1
10 8
9 11
0
0
