20 20
2 6 10 9 11 -14 17 19 -16 9 16 21 -22 23 -21 -17 -15 8 18 23 
3 -9 21 10 10 -9 7 2 -11 22 -2 -15 -20 -22 16 20 -4 19 5 18 
21 14 11 23 3 6 16 5 13 20 24 17 15 13 17 -9 8 -5 14 20 
14 -16 11 14 3 20 22 -10 22 17 1 8 -22 21 13 18 15 3 4 2 
-2 21 13 13 21 16 14 -11 7 12 21 18 15 -17 11 21 -21 6 9 -20 
7 3 24 1 4 15 19 9 16 17 13 22 21 -21 -7 1 18 11 21 -21 
20 13 7 2 -14 -21 24 4 5 17 -9 5 20 8 -16 -16 20 2 16 7 
-14 10 12 18 15 13 7 8 8 8 6 -1 6 4 19 8 7 -2 17 -23 
13 2 19 4 4 22 10 8 18 2 -19 21 13 5 -12 18 15 10 6 7 
3 24 -16 24 -5 2 23 -20 2 13 11 20 15 13 9 3 3 6 20 11 
11 20 6 3 3 9 13 15 20 11 13 2 -20 23 2 -5 24 -16 24 3 
7 6 10 15 18 -12 5 13 21 -19 2 18 8 10 22 4 4 19 2 13 
-23 17 -2 7 8 19 4 6 -1 6 8 8 8 7 13 15 18 12 10 -14 
7 16 2 20 -16 -16 8 20 5 -9 17 5 4 24 -21 -14 2 7 13 20 
-21 21 11 18 1 -7 -21 21 22 13 17 16 9 19 15 4 1 24 3 7 
-20 9 6 -21 21 11 -17 15 18 21 12 7 -11 14 16 21 13 13 21 -2 
2 4 3 15 18 13 21 -22 8 1 17 22 -10 22 20 3 14 11 -16 14 
20 14 -5 8 -9 17 13 15 17 24 20 13 5 16 6 3 23 11 14 21 
18 5 19 -4 20 16 -22 -20 -15 -2 22 -11 2 7 -9 10 10 21 -9 3 
23 18 8 -15 -17 -21 23 -22 21 16 9 -16 19 17 -14 11 9 10 6 2 
145
1
19 9
0 10
0
0
