20 20
10 3 9 11 5 10 10 12 12 12 -6 8 11 -1 5 -7 5 5 6 3 
-12 4 -4 -8 3 12 3 2 6 0 1 1 4 9 12 9 4 -10 7 2 
5 1 12 5 6 11 11 4 10 5 -11 1 1 7 4 -5 9 -12 -11 -6 
5 10 2 10 10 -8 -10 -11 7 3 -12 2 11 10 12 5 6 -7 5 10 
7 7 3 12 4 6 8 7 0 9 4 -12 -8 -5 -8 -3 4 -1 7 11 
11 4 11 5 11 11 2 6 5 4 -1 -7 -8 6 -8 12 6 8 5 1 
8 -9 7 3 -2 4 11 5 10 10 2 7 7 9 -7 1 4 9 -6 12 
5 5 5 -8 -4 2 1 -1 -7 7 4 12 8 8 5 7 5 -9 3 10 
-9 9 4 5 9 10 7 1 1 6 2 11 12 7 -8 0 10 7 -11 10 
8 7 9 -6 10 10 6 1 0 1 5 6 4 -10 5 1 -11 6 2 -1 
-1 2 6 -11 1 5 -10 4 6 5 1 0 1 6 10 10 -6 9 7 8 
10 -11 7 10 0 -8 7 12 11 2 6 1 1 7 10 9 5 4 9 -9 
10 3 -9 5 7 5 8 8 12 4 7 -7 -1 1 2 -4 -8 5 5 5 
12 -6 9 4 1 -7 9 7 7 2 10 10 5 11 4 -2 3 7 -9 8 
1 5 8 6 12 -8 6 -8 -7 -1 4 5 6 2 11 11 5 11 4 11 
11 7 -1 4 -3 -8 -5 -8 -12 4 9 0 7 8 6 4 12 3 7 7 
10 5 -7 6 5 12 10 11 2 -12 3 7 -11 -10 -8 10 10 2 10 5 
-6 -11 -12 9 -5 4 7 1 1 -11 5 10 4 11 11 6 5 12 1 5 
2 7 -10 4 9 12 9 4 1 1 0 6 2 3 12 3 -8 -4 4 -12 
3 6 5 5 -7 5 -1 11 8 -6 12 12 12 10 10 5 11 9 3 10 
198
1
11 19
8 0
0
0
