20 20
23 19 -25 4 27 22 10 25 -13 7 0 27 19 5 -26 24 3 4 7 15 
-25 9 -7 -19 7 4 -5 14 18 21 1 17 21 22 -24 16 16 23 11 15 
26 7 24 22 0 15 20 23 26 17 7 23 1 1 20 12 24 26 23 26 
22 22 19 1 8 -12 17 10 11 23 17 1 -7 18 -22 11 25 19 5 4 
12 -9 7 4 12 6 20 7 -21 8 2 27 18 12 -23 2 -17 9 6 27 
2 4 -18 22 -3 10 7 25 -6 -15 25 14 6 -12 -10 -3 27 17 25 15 
12 -25 12 3 19 -10 20 24 -19 -18 2 -12 11 -1 11 15 24 13 22 3 
-27 24 5 19 23 26 6 -19 -8 14 -3 22 17 20 -4 27 3 15 17 22 
5 25 5 14 23 8 16 8 9 20 3 3 1 27 5 -13 24 17 11 22 
5 25 -7 9 -7 21 13 -23 24 15 27 15 12 -21 6 22 1 23 9 -2 
-2 9 23 1 22 6 -21 12 15 27 15 24 -23 13 21 -7 9 -7 25 5 
22 11 17 24 -13 5 27 1 3 3 20 9 8 16 8 23 14 5 25 5 
22 17 15 3 27 -4 20 17 22 -3 14 -8 -19 6 26 23 19 5 24 -27 
3 22 13 24 15 11 -1 11 -12 2 -18 -19 24 20 -10 19 3 12 -25 12 
15 25 17 27 -3 -10 -12 6 14 25 -15 -6 25 7 10 -3 22 -18 4 2 
27 6 9 -17 2 -23 12 18 27 2 8 -21 7 20 6 12 4 7 -9 12 
4 5 19 25 11 -22 18 -7 1 17 23 11 10 17 -12 8 1 19 22 22 
26 23 26 24 12 20 1 1 23 7 17 26 23 20 15 0 22 24 7 26 
15 11 23 16 16 -24 22 21 17 1 21 18 14 -5 4 7 -19 -7 9 -25 
15 7 4 3 24 -26 5 19 27 0 7 -13 25 10 22 27 4 -25 19 23 
147
1
6 17
13 2
0
0
