20 20
18 25 15 14 23 22 2 12 13 -13 0 8 25 16 7 -21 23 12 15 15 
11 4 8 -25 18 20 17 16 -2 15 13 8 11 8 -11 -9 -25 8 11 1 
4 12 14 20 9 -18 0 -9 10 14 3 12 -2 17 24 22 20 21 16 -3 
16 20 15 14 8 4 18 -19 24 -16 10 23 25 4 -25 3 6 14 4 11 
21 22 3 13 8 -12 24 20 21 -14 21 9 11 16 16 21 24 10 11 -7 
8 14 22 15 2 24 10 3 15 18 13 -21 11 21 -10 7 -18 24 -3 -10 
18 22 6 20 1 -13 -22 -18 25 -22 1 3 9 24 22 23 -25 9 -13 -5 
-3 7 -14 -9 -18 -7 23 18 20 25 13 -6 -11 3 -3 12 25 12 6 20 
-11 10 -12 -7 0 23 -15 -3 15 18 -25 0 23 12 21 24 9 9 0 -15 
-15 23 1 9 23 13 24 24 -17 22 -14 15 3 15 -4 6 15 7 9 18 
18 9 7 15 6 -4 15 3 15 -14 22 -17 24 24 13 23 9 1 23 -15 
-15 0 9 9 24 21 12 23 0 -25 18 15 -3 -15 23 0 -7 -12 10 -11 
20 6 12 25 12 -3 3 -11 -6 13 25 20 18 23 -7 -18 -9 -14 7 -3 
-5 -13 9 -25 23 22 24 9 3 1 -22 25 -18 -22 -13 1 20 6 22 18 
-10 -3 24 -18 7 -10 21 11 -21 13 18 15 3 10 24 2 15 22 14 8 
-7 11 10 24 21 16 16 11 9 21 -14 21 20 24 -12 8 13 3 22 21 
11 4 14 6 3 -25 4 25 23 10 -16 24 -19 18 4 8 14 15 20 16 
-3 16 21 20 22 24 17 -2 12 3 14 10 -9 0 -18 9 20 14 12 4 
1 11 8 -25 -9 -11 8 11 8 13 15 -2 16 17 20 18 -25 8 4 11 
15 15 12 23 -21 7 16 25 8 0 -13 13 12 2 22 23 14 15 25 18 
159
1
14 11
5 8
0
0
