20 20
10 -8 -9 -6 12 -3 -1 2 3 -2 -14 9 -4 12 14 1 3 6 8 10 
-5 -1 5 -4 7 13 12 7 4 14 5 3 -3 1 -6 11 1 -8 7 3 
5 7 8 4 2 7 2 -14 -13 12 3 10 13 6 5 9 4 6 6 10 
5 3 -10 5 -13 2 2 3 -4 5 13 -3 12 12 1 6 8 0 -6 1 
-1 2 14 4 8 10 10 11 -14 12 10 1 -6 -8 14 1 14 -5 8 9 
-9 13 1 3 5 12 7 -6 3 -10 9 1 5 10 14 14 11 0 11 14 
2 10 -12 13 7 2 7 11 14 10 -5 9 12 -6 -8 -9 0 12 6 1 
5 4 -2 2 9 14 -1 13 4 8 -4 3 0 -13 13 7 14 -14 -12 -9 
8 -14 5 14 6 -7 -3 13 4 1 8 7 -4 1 4 4 5 0 5 -4 
11 9 3 5 5 7 14 -5 5 0 2 11 5 8 14 1 -1 6 12 14 
14 12 6 -1 1 14 8 5 11 2 0 5 -5 14 7 5 5 3 9 11 
-4 5 0 5 4 4 1 -4 7 8 1 4 13 -3 -7 6 14 5 -14 8 
-9 -12 -14 14 7 13 -13 0 3 -4 8 4 13 -1 14 9 2 -2 4 5 
1 6 12 0 -9 -8 -6 12 9 -5 10 14 11 7 2 7 13 -12 10 2 
14 11 0 11 14 14 10 5 1 9 -10 3 -6 7 12 5 3 1 13 -9 
9 8 -5 14 1 14 -8 -6 1 10 12 -14 11 10 10 8 4 14 2 -1 
1 -6 0 8 6 1 12 12 -3 13 5 -4 3 2 2 -13 5 -10 3 5 
10 6 6 4 9 5 6 13 10 3 12 -13 -14 2 7 2 4 8 7 5 
3 7 -8 1 11 -6 1 -3 3 5 14 4 7 12 13 7 -4 5 -1 -5 
10 8 6 3 1 14 12 -4 9 -14 -2 3 2 -1 -3 12 -6 -9 -8 10 
73
1
3 2
16 17
0
0
