20 20
11 4 7 5 -10 -13 9 9 -9 0 -13 2 7 4 9 -2 13 12 1 9 
12 0 -7 2 -11 9 -3 4 1 4 7 6 12 3 12 8 -3 1 0 7 
3 13 6 12 2 13 5 10 11 10 10 -12 1 10 10 11 1 10 6 9 
-1 -10 9 0 10 12 12 -8 9 10 0 1 11 11 -8 7 5 5 -5 8 
10 -11 5 8 6 -4 -8 -13 6 11 5 8 2 12 11 4 10 1 7 2 
13 9 -13 -4 10 0 -7 10 11 2 6 0 13 -11 12 -7 4 8 7 3 
0 13 0 9 7 0 3 11 13 11 2 4 13 6 -3 4 -10 6 -7 5 
1 -6 12 1 -5 -7 2 13 13 3 6 9 12 2 0 -11 9 2 1 -3 
7 7 8 0 -12 -11 2 8 12 -9 3 -8 3 9 7 -3 1 9 7 -9 
-9 -5 13 -12 7 6 -8 4 7 -2 -1 -7 13 3 5 5 11 11 2 2 
2 2 11 11 5 5 3 13 -7 -1 -2 7 4 -8 6 7 -12 13 -5 -9 
-9 7 9 1 -3 7 9 3 -8 3 -9 12 8 2 -11 -12 0 8 7 7 
-3 1 2 9 -11 0 2 12 9 6 3 13 13 2 -7 -5 1 12 -6 1 
5 -7 6 -10 4 -3 6 13 4 2 11 13 11 3 0 7 9 0 13 0 
3 7 8 4 -7 12 -11 13 0 6 2 11 10 -7 0 10 -4 -13 9 13 
2 7 1 10 4 11 12 2 8 5 11 6 -13 -8 -4 6 8 5 -11 10 
8 -5 5 5 7 -8 11 11 1 0 10 9 -8 12 12 10 0 9 -10 -1 
9 6 10 1 11 10 10 1 -12 10 10 11 10 5 13 2 12 6 13 3 
7 0 1 -3 8 12 3 12 6 7 4 1 4 -3 9 -11 2 -7 0 12 
9 1 12 13 -2 9 4 7 2 -13 0 -9 9 9 -13 -10 5 7 4 11 
91
1
5 9
14 10
0
0
