20 20
13 11 8 12 4 5 10 11 -9 13 14 -9 -6 15 -8 1 6 10 -4 4 
-2 4 9 14 10 -4 13 14 6 9 -11 10 -3 -5 4 10 6 -1 6 9 
-12 0 9 13 11 -11 14 -12 1 5 2 7 11 4 -2 15 14 4 5 -1 
11 -9 12 11 10 -12 13 -15 6 2 15 6 3 12 12 1 3 -6 0 11 
13 8 -12 3 3 2 13 9 3 -3 4 6 11 12 3 9 7 15 -2 -13 
1 14 -9 5 11 -2 0 5 8 13 11 12 5 8 15 -3 -9 4 10 9 
-10 6 -15 11 9 3 14 -9 5 4 -5 10 10 15 12 1 7 13 4 0 
-12 1 14 11 8 -3 -12 8 12 11 2 10 15 8 4 8 12 14 15 15 
1 11 15 15 1 8 3 7 4 9 9 -6 -10 8 -13 6 1 8 1 -12 
15 3 3 9 15 8 14 4 10 -6 9 -3 -10 -14 -15 9 2 10 1 0 
0 1 10 2 9 -15 -14 -10 -3 9 -6 10 4 14 8 15 9 3 3 15 
-12 1 8 1 6 -13 8 -10 -6 9 9 4 7 3 8 1 15 15 11 1 
15 15 14 12 8 4 8 15 10 2 11 12 8 -12 -3 8 11 14 1 -12 
0 4 13 7 1 12 15 10 10 -5 4 5 -9 14 3 9 11 -15 6 -10 
9 10 4 -9 -3 15 8 5 12 11 13 8 5 0 -2 11 5 -9 14 1 
-13 -2 15 7 9 3 12 11 6 4 -3 3 9 13 2 3 3 -12 8 13 
11 0 -6 3 1 12 12 3 6 15 2 6 -15 13 -12 10 11 12 -9 11 
-1 5 4 14 15 -2 4 11 7 2 5 1 -12 14 -11 11 13 9 0 -12 
9 6 -1 6 10 4 -5 -3 10 -11 9 6 14 13 -4 10 14 9 4 -2 
4 -4 10 6 1 -8 15 -6 -9 14 13 -9 11 10 5 4 12 8 11 13 
89
1
2 16
17 3
0
0
