20 20
2 11 15 19 -14 15 16 10 15 12 4 1 -5 -19 12 8 -17 -11 16 -1 
5 4 1 15 1 10 16 -9 -14 6 -5 17 -15 -2 16 14 16 11 7 4 
8 19 -8 11 17 -2 2 9 4 12 7 11 16 1 0 11 -6 1 8 15 
15 -13 19 4 12 3 6 6 17 8 5 9 18 0 14 16 9 -2 0 5 
6 8 12 15 10 1 14 -9 0 18 -19 13 0 13 14 19 12 -4 13 7 
15 19 2 -3 -19 10 18 7 -13 17 9 3 10 -7 0 12 -13 11 1 12 
19 2 15 5 -15 8 -17 16 -4 11 9 -14 6 16 13 -8 -18 1 4 18 
1 -11 11 1 16 2 13 17 8 6 7 -5 -12 13 5 9 -7 -3 3 -5 
-4 3 16 -15 8 -9 5 -3 6 15 9 0 0 19 12 2 3 16 7 7 
18 17 13 7 17 19 8 0 16 9 13 17 -13 -12 14 -10 -16 19 8 12 
12 8 19 -16 -10 14 -12 -13 17 13 9 16 0 8 19 17 7 13 17 18 
7 7 16 3 2 12 19 0 0 9 15 6 -3 5 -9 8 -15 16 3 -4 
-5 3 -3 -7 9 5 13 -12 -5 7 6 8 17 13 2 16 1 11 -11 1 
18 4 1 -18 -8 13 16 6 -14 9 11 -4 16 -17 8 -15 5 15 2 19 
12 1 11 -13 12 0 -7 10 3 9 17 -13 7 18 10 -19 -3 2 19 15 
7 13 -4 12 19 14 13 0 13 -19 18 0 -9 14 1 10 15 12 8 6 
5 0 -2 9 16 14 0 18 9 5 8 17 6 6 3 12 4 19 -13 15 
15 8 1 -6 11 0 1 16 11 7 12 4 9 2 -2 17 11 -8 19 8 
4 7 11 16 14 16 -2 -15 17 -5 6 -14 -9 16 10 1 15 1 4 5 
-1 16 -11 -17 8 12 -19 -5 1 4 12 15 10 16 15 -14 19 15 11 2 
177
1
0 1
19 18
0
0
