20 20
16 10 6 1 18 -16 8 6 23 15 -19 16 19 15 4 22 14 10 17 18 
-3 6 1 4 4 -2 27 6 -15 10 1 7 24 26 26 -2 14 -4 11 -3 
6 17 19 22 21 11 20 8 10 27 15 25 -17 10 -20 25 1 -20 5 15 
-17 4 8 0 18 27 18 5 11 -3 -7 27 0 16 25 -2 -8 27 4 -11 
19 23 -16 -16 1 2 20 -4 27 -10 1 24 -4 -13 -13 25 24 21 24 9 
23 14 1 -17 1 -17 -4 27 -3 -19 1 24 22 15 -12 6 20 -16 -10 11 
-6 -1 19 6 2 25 17 16 23 16 -3 -1 21 18 23 27 -21 10 18 2 
-10 -4 -23 24 -17 20 -5 -19 2 2 20 15 2 8 0 -16 -24 4 13 2 
-6 26 22 22 24 15 3 22 24 2 -21 0 14 16 9 26 -2 -25 -20 1 
26 13 6 19 19 6 23 1 2 -4 -17 -1 -22 15 6 -25 5 27 -13 8 
8 -13 27 5 -25 6 15 -22 -1 -17 -4 2 1 23 6 19 19 6 13 26 
1 -20 -25 -2 26 9 16 14 0 -21 2 24 22 3 15 24 22 22 26 -6 
2 13 4 -24 -16 0 8 2 15 20 2 2 -19 -5 20 -17 24 -23 -4 -10 
2 18 10 -21 27 23 18 21 -1 -3 16 23 16 17 25 2 6 19 -1 -6 
11 -10 -16 20 6 -12 15 22 24 1 -19 -3 27 -4 -17 1 -17 1 14 23 
9 24 21 24 25 -13 -13 -4 24 1 -10 27 -4 20 2 1 -16 -16 23 19 
-11 4 27 -8 -2 25 16 0 27 -7 -3 11 5 18 27 18 0 8 4 -17 
15 5 -20 1 25 -20 10 -17 25 15 27 10 8 20 11 21 22 19 17 6 
-3 11 -4 14 -2 26 26 24 7 1 10 -15 6 27 -2 4 4 1 6 -3 
18 17 10 14 22 4 15 19 16 -19 15 23 6 8 -16 18 1 6 10 16 
138
1
10 0
9 19
0
0
