20 20
9 -18 15 7 -10 13 -18 7 8 6 14 14 6 -2 15 11 -4 3 15 2 
-15 3 4 3 10 1 12 -18 14 18 17 -17 8 16 -16 -17 16 -7 11 14 
5 -2 3 -5 9 16 17 8 9 4 -7 2 5 5 16 14 6 7 16 17 
10 -5 9 8 17 10 -2 8 -7 -9 16 1 1 16 3 1 4 2 -14 13 
8 -7 2 3 11 0 10 9 6 6 8 -18 12 18 -7 16 14 17 12 12 
-1 14 9 18 9 16 6 8 6 5 9 4 18 2 8 18 -11 5 0 17 
1 16 0 -12 4 -9 3 7 16 16 3 17 1 15 -5 4 2 12 7 5 
7 2 18 14 9 17 7 18 12 3 -5 -2 11 15 -9 0 18 -13 17 14 
-15 -17 13 5 11 6 -1 3 15 -1 6 11 16 16 9 4 15 7 16 11 
2 -3 -17 18 18 4 3 10 2 9 -12 -7 11 11 17 0 7 2 -18 15 
15 -18 2 7 0 17 11 11 -7 -12 9 2 10 3 4 18 18 -17 -3 2 
11 16 7 15 4 9 16 16 11 6 -1 15 3 -1 6 11 5 13 -17 -15 
14 17 -13 18 0 -9 15 11 -2 -5 3 12 18 7 17 9 14 18 2 7 
5 7 12 2 4 -5 15 1 17 3 16 16 7 3 -9 4 -12 0 16 1 
17 0 5 -11 18 8 2 18 4 9 5 6 8 6 16 9 18 9 14 -1 
12 12 17 14 16 -7 18 12 -18 8 6 6 9 10 0 11 3 2 -7 8 
13 -14 2 4 1 3 16 1 1 16 -9 -7 8 -2 10 17 8 9 -5 10 
17 16 7 6 14 16 5 5 2 -7 4 9 8 17 16 9 -5 3 -2 5 
14 11 -7 16 -17 -16 16 8 -17 17 18 14 -18 12 1 10 3 4 3 -15 
2 15 3 -4 11 15 -2 6 14 14 6 8 7 -18 13 -10 7 15 -18 9 
67
1
9 0
10 19
0
0
