20 20
4 3 13 4 19 1 12 -16 18 6 -10 16 20 -23 -21 -8 14 18 12 8 
19 8 1 18 22 -23 -1 -19 -16 -20 10 -3 20 5 2 -21 -4 15 7 10 
1 15 24 20 15 -5 -5 5 1 -19 -8 3 -1 -13 5 7 17 15 17 4 
22 8 -20 22 5 23 0 10 3 0 17 -5 5 4 18 17 24 11 2 8 
2 12 18 7 19 10 1 7 16 -20 20 2 -19 9 5 4 17 12 22 11 
21 7 -11 -12 2 4 -12 13 1 9 9 1 -3 9 8 14 24 2 -24 9 
11 -16 13 2 10 10 -11 20 17 17 12 19 7 -11 24 0 0 -10 9 14 
19 -23 -5 3 13 6 -1 17 19 5 23 14 -3 16 -22 4 21 19 9 16 
2 -18 -2 13 4 -19 0 1 3 -8 7 14 -8 20 17 9 -23 14 -18 13 
8 6 15 21 22 8 7 -10 4 1 8 -1 15 10 -3 21 2 6 10 0 
0 10 6 2 21 -3 10 15 -1 8 1 4 -10 7 8 22 21 15 6 8 
13 -18 14 -23 9 17 20 -8 14 7 -8 3 1 0 -19 4 13 -2 -18 2 
16 9 19 21 4 -22 16 -3 14 23 5 19 17 -1 6 13 3 -5 -23 19 
14 9 -10 0 0 24 -11 7 19 12 17 17 20 -11 10 10 2 13 -16 11 
9 -24 2 24 14 8 9 -3 1 9 9 1 13 -12 4 2 -12 -11 7 21 
11 22 12 17 4 5 9 -19 2 20 -20 16 7 1 10 19 7 18 12 2 
8 2 11 24 17 18 4 5 -5 17 0 3 10 0 23 5 22 -20 8 22 
4 17 15 17 7 5 -13 -1 3 -8 -19 1 5 -5 -5 15 20 24 15 1 
10 7 15 -4 -21 2 5 20 -3 10 -20 -16 -19 -1 -23 22 18 1 8 19 
8 12 18 14 -8 -21 -23 20 16 -10 6 18 -16 12 1 19 4 13 3 4 
163
1
15 13
4 6
0
0
