20 20
19 -6 -3 -17 12 7 -18 7 19 19 -4 1 -12 21 2 -9 19 19 7 17 
-22 10 12 -22 13 4 15 10 -20 20 18 22 -13 1 13 13 12 11 8 -14 
15 19 -6 5 -16 -15 22 17 14 3 -1 14 12 2 18 13 -8 2 -18 21 
-5 12 2 7 -13 21 -10 10 11 11 -3 4 -20 6 -8 3 8 -20 8 20 
13 -6 15 11 19 12 16 9 21 5 -17 -9 22 -3 10 9 21 -8 10 -2 
-18 -3 -18 -7 22 22 10 0 19 5 12 2 -1 -11 9 18 10 14 20 2 
6 5 3 5 7 18 9 -17 -11 19 6 20 19 17 16 9 4 -13 -2 -9 
11 1 -13 19 -15 15 14 22 18 18 19 22 18 4 6 19 13 16 5 15 
7 6 15 13 -1 21 8 5 -10 0 -11 12 15 -15 5 -9 2 3 -20 8 
17 -7 16 4 6 -20 8 -10 -15 22 -8 7 -21 16 12 17 -1 11 -14 9 
9 -14 11 -1 17 12 16 -21 7 -8 22 -15 -10 8 -20 6 4 16 -7 17 
8 -20 3 2 -9 5 -15 15 12 -11 0 -10 5 8 21 -1 13 15 6 7 
15 5 16 13 19 6 4 18 22 19 18 18 22 14 15 -15 19 -13 1 11 
-9 -2 -13 4 9 16 17 19 20 6 19 -11 -17 9 18 7 5 3 5 6 
2 20 14 10 18 9 -11 -1 2 12 5 19 0 10 22 22 -7 -18 -3 -18 
-2 10 -8 21 9 10 -3 22 -9 -17 5 21 9 16 12 19 11 15 -6 13 
20 8 -20 8 3 -8 6 -20 4 -3 11 11 10 -10 21 -13 7 2 12 -5 
21 -18 2 -8 13 18 2 12 14 -1 3 14 17 22 -15 -16 5 -6 19 15 
-14 8 11 12 13 13 1 -13 22 18 20 -20 10 15 4 13 -22 12 10 -22 
17 7 19 19 -9 2 21 -12 1 -4 19 19 7 -18 7 12 -17 -3 -6 19 
126
1
12 14
7 5
0
0
