20 20
-28 -13 10 -28 5 15 1 10 -25 -7 12 6 18 27 16 -7 7 25 11 16 
-19 17 18 21 17 7 16 3 20 8 15 -1 -23 26 24 28 -1 4 29 22 
21 18 0 -17 -27 19 -20 0 10 18 -4 5 20 1 -29 8 12 8 -10 2 
25 20 8 -11 20 4 10 1 13 23 10 28 2 19 17 -24 25 13 2 -29 
17 17 4 20 -27 0 28 22 1 11 0 15 1 9 13 26 27 -11 13 2 
4 -4 29 16 -24 19 -24 0 29 20 1 7 -8 -9 11 -6 25 7 -18 24 
23 -8 23 10 21 25 -28 29 -13 17 13 -2 27 -14 17 -17 9 13 14 7 
17 22 6 -23 11 10 14 27 17 5 9 -14 -10 26 17 -3 2 15 19 25 
10 -15 -1 24 11 -7 27 17 -11 14 8 29 23 6 5 11 19 -4 25 17 
22 -11 -29 3 26 19 -10 16 -25 -15 6 10 10 27 17 -4 23 21 0 12 
12 0 21 23 -4 17 27 10 10 6 -15 -25 16 -10 19 26 3 -29 -11 22 
17 25 -4 19 11 5 6 23 29 8 14 -11 17 27 -7 11 24 -1 -15 10 
25 19 15 2 -3 17 26 -10 -14 9 5 17 27 14 10 11 -23 6 22 17 
7 14 13 9 -17 17 -14 27 -2 13 17 -13 29 -28 25 21 10 23 -8 23 
24 -18 7 25 -6 11 -9 -8 7 1 20 29 0 -24 19 -24 16 29 -4 4 
2 13 -11 27 26 13 9 1 15 0 11 1 22 28 0 -27 20 4 17 17 
-29 2 13 25 -24 17 19 2 28 10 23 13 1 10 4 20 -11 8 20 25 
2 -10 8 12 8 -29 1 20 5 -4 18 10 0 -20 19 -27 -17 0 18 21 
22 29 4 -1 28 24 26 -23 -1 15 8 20 3 16 7 17 21 18 17 -19 
16 11 25 7 -7 16 27 18 6 12 -7 -25 10 1 15 5 -28 10 -13 -28 
33
1
9 13
10 6
0
0
