20 20
16 -8 3 11 7 -23 27 30 5 3 15 7 18 18 -16 9 29 -20 16 14 
11 18 -1 2 28 2 1 23 19 -10 15 9 0 27 23 28 21 20 -30 11 
29 -28 21 7 1 -20 -29 10 6 -22 22 -27 4 3 16 15 27 -12 30 20 
-16 14 1 17 -13 6 8 11 3 -21 -12 0 29 11 21 16 16 8 30 -27 
22 21 8 16 -2 13 14 16 20 -1 23 16 7 6 -7 4 -5 4 2 14 
26 12 22 30 15 13 -12 29 27 -30 -6 29 -27 18 15 -6 16 22 9 15 
9 3 13 19 13 -2 -16 6 -5 -8 17 4 13 4 15 7 5 -5 10 -1 
-1 15 16 3 -10 5 25 24 11 25 -3 15 28 -8 17 29 10 3 5 5 
29 -8 7 -18 30 12 -26 10 -28 -26 23 22 17 -24 -8 27 17 21 8 15 
15 28 29 5 -15 18 13 -13 9 -25 21 6 -24 24 26 13 9 9 14 -22 
-22 14 9 9 13 26 24 -24 6 21 -25 9 -13 13 18 -15 5 29 28 15 
15 8 21 17 27 -8 -24 17 22 23 -26 -28 10 -26 12 30 -18 7 -8 29 
5 5 3 10 29 17 -8 28 15 -3 25 11 24 25 5 -10 3 16 15 -1 
-1 10 -5 5 7 15 4 13 4 17 -8 -5 6 -16 -2 13 19 13 3 9 
15 9 22 16 -6 15 18 -27 29 -6 -30 27 29 -12 13 15 30 22 12 26 
14 2 4 -5 4 -7 6 7 16 23 -1 20 16 14 13 -2 16 8 21 22 
-27 30 8 16 16 21 11 29 0 -12 -21 3 11 8 6 -13 17 1 14 -16 
20 30 -12 27 15 16 3 4 -27 22 -22 6 10 -29 -20 1 7 21 -28 29 
11 -30 20 21 28 23 27 0 9 15 -10 19 23 1 2 28 2 -1 18 11 
14 16 -20 29 9 -16 18 18 7 15 3 5 30 27 -23 7 11 3 -8 16 
50
1
2 8
17 11
0
0
