20 20
18 -4 19 12 27 29 15 -9 7 29 -8 29 -24 11 19 22 -24 13 18 22 
7 13 28 2 26 13 18 -30 -25 26 17 11 2 28 -9 -1 4 14 26 -23 
1 -19 14 4 1 2 25 -24 -2 -14 7 4 2 22 -3 19 16 -28 13 -11 
-11 14 -18 -16 14 14 -6 -14 30 2 -13 1 -3 -11 6 11 4 16 9 28 
-13 -13 -4 25 15 24 -3 30 24 -30 6 -5 17 24 -23 14 21 26 23 1 
5 27 21 19 17 25 2 9 28 2 -13 29 15 7 5 10 24 7 28 23 
25 8 -22 -6 5 16 -22 12 9 8 -17 21 0 15 -12 -13 -10 11 22 1 
-15 9 20 26 -27 -18 -18 17 14 -8 26 13 10 -2 18 4 -5 1 9 2 
17 -13 17 -16 24 -19 29 -19 9 3 11 21 10 18 10 -12 12 -19 -5 17 
-16 -26 -19 16 12 8 11 27 16 -2 9 6 7 -6 22 15 8 27 1 -19 
-19 1 27 8 15 22 -6 7 6 9 -2 16 27 11 8 12 16 -19 -26 -16 
17 -5 -19 12 -12 10 18 10 21 11 3 9 -19 29 -19 24 -16 17 -13 17 
2 9 1 -5 4 18 -2 10 13 26 -8 14 17 -18 -18 -27 26 20 9 -15 
1 22 11 -10 -13 -12 15 0 21 -17 8 9 12 -22 16 5 -6 -22 8 25 
23 28 7 24 10 5 7 15 29 -13 2 28 9 2 25 17 19 21 27 5 
1 23 26 21 14 -23 24 17 -5 6 -30 24 30 -3 24 15 25 -4 -13 -13 
28 9 16 4 11 6 -11 -3 1 -13 2 30 -14 -6 14 14 -16 -18 14 -11 
-11 13 -28 16 19 -3 22 2 4 7 -14 -2 -24 25 2 1 4 14 -19 1 
-23 26 14 4 -1 -9 28 2 11 17 26 -25 -30 18 13 26 2 28 13 7 
22 18 13 -24 22 19 11 -24 29 -8 29 7 -9 15 29 27 12 19 -4 18 
49
1
11 3
8 16
0
0
