20 20
13 14 17 7 18 5 13 -1 -21 -13 -20 4 8 11 2 8 7 -8 22 10 
0 -19 -11 2 16 16 -11 -16 22 8 -12 16 -17 22 -18 -13 21 5 15 11 
11 -7 19 -12 7 9 10 -10 18 5 3 10 -13 0 15 0 6 1 10 14 
20 13 16 10 22 -3 20 -16 3 22 20 -21 1 13 12 20 5 10 13 19 
11 9 5 -8 13 5 7 19 6 5 -7 14 3 -11 14 17 14 1 19 0 
2 16 15 9 7 15 12 3 -19 17 20 -19 18 19 -12 -4 3 10 -5 20 
8 19 -19 22 -7 22 4 0 16 1 11 8 2 8 1 9 3 21 21 -4 
7 17 -21 18 1 19 20 8 14 -13 -13 1 10 15 19 -7 15 14 8 4 
-16 -21 21 2 12 22 3 6 21 18 16 12 15 -16 -6 14 1 6 6 22 
-18 16 -22 18 21 -22 14 -15 10 -15 12 18 8 20 3 5 -9 7 -5 -1 
-1 -5 7 -9 5 3 20 8 18 12 -15 10 -15 14 -22 21 18 -22 16 -18 
22 6 6 1 14 -6 -16 15 12 16 18 21 6 3 22 12 2 21 -21 -16 
4 8 14 15 -7 19 15 10 1 -13 -13 14 8 20 19 1 18 -21 17 7 
-4 21 21 3 9 1 8 2 8 11 1 16 0 4 22 -7 22 -19 19 8 
20 -5 10 3 -4 -12 19 18 -19 20 17 -19 3 12 15 7 9 15 16 2 
0 19 1 14 17 14 -11 3 14 -7 5 6 19 7 5 13 -8 5 9 11 
19 13 10 5 20 12 13 1 -21 20 22 3 -16 20 -3 22 10 16 13 20 
14 10 1 6 0 15 0 -13 10 3 5 18 -10 10 9 7 -12 19 -7 11 
11 15 5 21 -13 -18 22 -17 16 -12 8 22 -16 -11 16 16 2 -11 -19 0 
10 22 -8 7 8 2 11 8 4 -20 -13 -21 -1 13 5 18 7 17 14 13 
77
1
1 14
18 5
0
0
