20 20
19 20 4 1 7 -13 20 -16 22 3 -2 14 1 -1 0 3 -11 17 19 -17 
13 16 -14 3 -7 19 -13 21 11 14 21 7 22 11 18 17 15 4 18 -6 
4 15 -3 -7 12 3 8 -8 -4 18 -11 20 7 9 10 19 12 9 10 -12 
-5 -3 21 11 -20 -11 8 13 -13 -4 2 -10 12 8 14 -5 -9 -11 12 9 
12 2 15 12 3 5 7 1 3 15 -15 15 1 18 5 -22 7 -20 -18 12 
-18 14 3 9 12 -1 8 10 5 0 1 2 3 -3 4 15 -13 -7 3 -14 
17 21 15 19 -14 13 16 2 2 21 18 15 -2 13 2 13 10 2 15 1 
2 -20 -15 19 11 15 0 9 -13 5 20 -15 19 7 0 7 10 1 5 7 
1 16 12 20 6 17 1 -20 22 -19 -15 -1 1 8 21 -6 7 -16 2 -22 
7 5 -21 -18 0 -12 8 3 -22 3 0 17 -16 1 15 10 18 11 11 18 
18 11 11 18 10 15 1 -16 17 0 3 -22 3 8 -12 0 -18 -21 5 7 
-22 2 -16 7 -6 21 8 1 -1 -15 -19 22 -20 1 17 6 20 12 16 1 
7 5 1 10 7 0 7 19 -15 20 5 -13 9 0 15 11 19 -15 -20 2 
1 15 2 10 13 2 13 -2 15 18 21 2 2 16 13 -14 19 15 21 17 
-14 3 -7 -13 15 4 -3 3 2 1 0 5 10 8 -1 12 9 3 14 -18 
12 -18 -20 7 -22 5 18 1 15 -15 15 3 1 7 5 3 12 15 2 12 
9 12 -11 -9 -5 14 8 12 -10 2 -4 -13 13 8 -11 -20 11 21 -3 -5 
-12 10 9 12 19 10 9 7 20 -11 18 -4 -8 8 3 12 -7 -3 15 4 
-6 18 4 15 17 18 11 22 7 21 14 11 21 -13 19 -7 3 -14 16 13 
-17 19 17 -11 3 0 -1 1 14 -2 3 22 -16 20 -13 7 1 4 20 19 
161
1
0 19
19 0
0
0
