20 20
-9 -18 4 7 18 -16 7 -8 14 1 12 14 6 11 5 20 10 2 10 12 
15 0 9 20 -6 -3 12 11 19 0 6 7 12 21 8 1 9 18 -17 -11 
16 17 -13 20 6 14 4 -12 -8 8 -1 -7 -14 -19 8 20 -17 0 4 21 
-18 13 8 -19 7 6 19 18 -4 -9 4 -1 -12 2 -16 16 15 16 12 -16 
3 15 -10 12 -10 18 10 8 -7 -7 15 -1 11 21 19 11 2 17 8 0 
21 12 -12 11 9 0 7 -20 16 -9 17 -3 10 -10 8 21 -16 -17 -12 0 
18 9 -16 7 2 9 11 2 2 21 17 10 13 21 2 9 9 17 20 3 
-18 9 -19 -3 2 8 4 9 0 7 14 -5 -16 3 -16 15 21 11 21 12 
1 10 2 -1 21 -1 14 -21 8 0 12 6 8 4 11 11 5 6 -10 10 
0 18 2 -19 20 2 0 -12 18 18 20 1 15 16 2 1 19 18 15 6 
6 15 18 19 1 2 16 15 1 20 18 18 -12 0 2 20 -19 2 18 0 
10 -10 6 5 11 11 4 8 6 12 0 8 -21 14 -1 21 -1 2 10 1 
12 21 11 21 15 -16 3 -16 -5 14 7 0 9 4 8 2 -3 -19 9 -18 
3 20 17 9 9 2 21 13 10 17 21 2 2 11 9 2 7 -16 9 18 
0 -12 -17 -16 21 8 -10 10 -3 17 -9 16 -20 7 0 9 11 -12 12 21 
0 8 17 2 11 19 21 11 -1 15 -7 -7 8 10 18 -10 12 -10 15 3 
-16 12 16 15 16 -16 2 -12 -1 4 -9 -4 18 19 6 7 -19 8 13 -18 
21 4 0 -17 20 8 -19 -14 -7 -1 8 -8 -12 4 14 6 20 -13 17 16 
-11 -17 18 9 1 8 21 12 7 6 0 19 11 12 -3 -6 20 9 0 15 
12 10 2 10 20 5 11 6 14 12 1 14 -8 7 -16 18 7 4 -18 -9 
73
1
6 0
13 19
0
0
