20 20
18 12 -11 4 7 17 3 5 13 -3 -5 14 4 9 -7 15 -15 8 -4 7 
12 14 12 -8 -4 4 -9 8 -8 15 1 6 -16 2 7 5 10 -16 5 1 
-18 15 10 -15 4 15 -1 -5 5 6 6 5 14 17 7 8 6 7 7 0 
18 11 11 10 -13 -4 6 11 -16 15 6 7 12 3 16 -13 1 17 -16 -18 
3 5 -18 2 -13 -6 12 13 10 7 17 10 4 3 1 1 -16 5 9 11 
9 0 2 14 9 -4 14 5 5 15 18 -9 -5 -12 13 12 -5 -7 -2 11 
-15 17 2 1 4 17 -5 6 14 -17 -4 8 -11 9 11 1 11 1 11 18 
11 5 9 -3 15 6 -1 1 15 -3 3 2 8 1 9 -4 16 -8 -15 1 
-1 -1 -9 -1 4 3 7 8 17 14 -10 -5 14 8 15 -13 -1 5 9 8 
18 11 15 -9 12 -13 4 2 3 18 17 8 3 18 7 10 8 0 -7 -1 
-1 -7 0 8 10 7 18 3 8 17 18 3 2 4 -13 12 -9 15 11 18 
8 9 5 -1 -13 15 8 14 -5 -10 14 17 8 7 3 4 -1 -9 -1 -1 
1 -15 -8 16 -4 9 1 8 2 3 -3 15 1 -1 6 15 -3 9 5 11 
18 11 1 11 1 11 9 -11 8 -4 -17 14 6 -5 17 4 1 2 17 -15 
11 -2 -7 -5 12 13 -12 -5 -9 18 15 5 5 14 -4 9 14 2 0 9 
11 9 5 -16 1 1 3 4 10 17 7 10 13 12 -6 -13 2 -18 5 3 
-18 -16 17 1 -13 16 3 12 7 6 15 -16 11 6 -4 -13 10 11 11 18 
0 7 7 6 8 7 17 14 5 6 6 5 -5 -1 15 4 -15 10 15 -18 
1 5 -16 10 5 7 2 -16 6 1 15 -8 8 -9 4 -4 -8 12 14 12 
7 -4 8 -15 15 -7 9 4 14 -5 -3 13 5 3 17 7 4 -11 12 18 
172
1
11 18
8 1
0
0
