20 20
6 25 18 4 8 0 21 12 -8 19 19 1 12 -2 21 -20 13 22 24 2 
6 6 12 12 -24 5 -25 -19 3 21 25 17 7 -18 24 17 17 4 26 18 
-19 1 13 7 18 -6 2 -3 0 -23 8 24 20 9 23 8 3 20 23 4 
8 21 14 18 2 17 6 14 -24 5 -19 19 2 -13 8 -23 -17 16 15 10 
4 22 10 14 5 12 17 -9 6 14 9 2 7 2 11 17 -3 21 -12 11 
16 3 6 7 1 17 22 10 -17 -15 24 0 -8 23 13 -11 26 1 7 13 
-10 26 21 -6 10 18 4 11 25 21 2 -23 -2 12 11 15 -16 22 -4 13 
-16 20 19 -24 13 22 19 -15 18 3 7 23 0 13 26 -25 5 17 -18 5 
15 5 22 17 18 -26 7 21 -4 3 14 -24 -6 9 -5 -19 12 22 18 -5 
10 7 5 -21 26 17 -9 4 -2 22 -13 -19 7 25 15 19 -26 -9 5 10 
10 5 -9 -26 19 15 25 7 -19 -13 22 -2 4 -9 17 26 -21 5 7 10 
-5 18 22 12 -19 -5 9 -6 -24 14 3 -4 21 7 -26 18 17 22 5 15 
5 -18 17 5 -25 26 13 0 23 7 3 18 -15 19 22 13 -24 19 20 -16 
13 -4 22 -16 15 11 12 -2 -23 2 21 25 11 4 18 10 -6 21 26 -10 
13 7 1 26 -11 13 23 -8 0 24 -15 -17 10 22 17 1 7 6 3 16 
11 -12 21 -3 17 11 2 7 2 9 14 6 -9 17 12 5 14 10 22 4 
10 15 16 -17 -23 8 -13 2 19 -19 5 -24 14 6 17 2 18 14 21 8 
4 23 20 3 8 23 9 20 24 8 -23 0 -3 2 -6 18 7 13 1 -19 
18 26 4 17 17 24 -18 7 17 25 21 3 -19 -25 5 -24 12 12 6 6 
2 24 22 13 -20 21 -2 12 1 19 19 -8 12 21 0 8 4 18 25 6 
51
1
4 8
15 11
0
0
