20 20
6 3 1 7 4 9 3 5 9 8 1 12 1 -5 1 2 3 -1 -3 -10 
7 6 6 3 12 2 4 2 6 9 2 5 3 2 -3 11 -3 0 8 -9 
9 9 5 2 2 2 4 12 3 7 9 2 -8 6 -9 7 5 0 8 0 
-5 12 7 6 0 10 1 5 6 5 12 -6 -10 4 -3 5 12 9 -12 2 
-8 1 0 2 6 -10 -6 6 5 0 12 -2 9 0 -10 -11 10 8 2 12 
-6 7 -10 3 2 -11 3 9 6 12 8 -5 -12 5 4 3 3 2 8 1 
8 2 7 -6 -3 -9 11 4 3 10 -7 4 9 1 -4 12 9 8 6 10 
-11 -11 5 6 7 5 11 3 8 4 -2 -3 -1 4 1 -12 8 9 7 1 
10 -10 -11 -8 2 -11 1 6 12 12 5 8 12 -7 5 4 -9 9 12 3 
4 10 3 -3 5 1 2 4 6 8 7 2 9 -11 -4 8 8 7 5 10 
10 5 7 8 8 -4 -11 9 2 7 8 6 4 2 1 5 -3 3 10 4 
3 12 9 -9 4 5 -7 12 8 5 12 12 6 1 -11 2 -8 -11 -10 10 
1 7 9 8 -12 1 4 -1 -3 -2 4 8 3 11 5 7 6 5 -11 -11 
10 6 8 9 12 -4 1 9 4 -7 10 3 4 11 -9 -3 -6 7 2 8 
1 8 2 3 3 4 5 -12 -5 8 12 6 9 3 -11 2 3 -10 7 -6 
12 2 8 10 -11 -10 0 9 -2 12 0 5 6 -6 -10 6 2 0 1 -8 
2 -12 9 12 5 -3 4 -10 -6 12 5 6 5 1 10 0 6 7 12 -5 
0 8 0 5 7 -9 6 -8 2 9 7 3 12 4 2 2 2 5 9 9 
-9 8 0 -3 11 -3 2 3 5 2 9 6 2 4 2 12 3 6 6 7 
-10 -3 -1 3 2 1 -5 1 12 1 8 9 5 3 9 4 7 1 3 6 
81
1
0 16
19 3
0
0
