20 20
6 -11 -18 -20 21 9 7 10 20 8 16 19 -22 12 24 17 13 -20 14 18 
20 22 5 0 22 13 -11 3 25 7 1 8 19 4 17 4 1 13 19 6 
24 -2 7 -21 4 6 3 1 14 12 12 12 21 5 1 5 23 -12 -8 3 
18 -18 -20 -18 7 21 21 21 8 13 18 -3 -5 0 23 3 1 4 9 15 
15 12 -7 22 13 18 24 1 9 17 -2 24 22 15 -19 1 -21 18 -25 21 
12 18 -12 13 -15 13 13 -1 0 1 10 -22 24 0 24 1 11 25 7 15 
22 19 20 8 4 -3 -18 -21 -19 -12 15 -9 15 -6 -2 21 -13 20 19 25 
24 20 9 13 3 12 11 -23 7 -19 6 -17 17 20 12 11 23 25 22 3 
25 23 21 -5 13 6 -14 2 8 19 23 5 8 -21 14 25 -24 16 4 9 
22 -20 22 19 1 -10 -22 4 16 15 4 17 22 25 22 8 13 -24 13 4 
4 13 -24 13 8 22 25 22 17 4 15 16 4 -22 -10 1 19 22 -20 22 
9 4 16 -24 25 14 -21 8 5 23 19 8 2 -14 6 13 -5 21 23 25 
3 22 25 23 11 12 20 17 -17 6 -19 7 -23 11 12 3 13 9 20 24 
25 19 20 -13 21 -2 -6 15 -9 15 -12 -19 -21 -18 -3 4 8 20 19 22 
15 7 25 11 1 24 0 24 -22 10 1 0 -1 13 13 -15 13 -12 18 12 
21 -25 18 -21 1 -19 15 22 24 -2 17 9 1 24 18 13 22 -7 12 15 
15 9 4 1 3 23 0 -5 -3 18 13 8 21 21 21 7 -18 -20 -18 18 
3 -8 -12 23 5 1 5 21 12 12 12 14 1 3 6 4 -21 7 -2 24 
6 19 13 1 4 17 4 19 8 1 7 25 3 -11 13 22 0 5 22 20 
18 14 -20 13 17 24 12 -22 19 16 8 20 10 7 9 21 -20 -18 -11 6 
91
1
14 7
5 12
0
0
