20 20
13 3 -2 -18 18 5 14 19 15 4 1 1 20 -3 17 20 16 12 -17 -18 
-15 -17 5 5 1 2 4 3 11 2 4 1 2 3 10 7 -1 8 -15 3 
16 7 -16 -16 11 17 -20 20 13 -6 18 -8 1 7 11 17 3 2 2 13 
5 3 10 -7 5 7 3 11 13 7 1 10 12 -6 3 10 20 4 14 6 
-17 10 14 -4 5 -9 -10 18 5 18 -3 3 15 2 -17 -5 0 -21 19 4 
1 1 19 17 4 -13 12 10 -4 7 7 5 -9 15 7 10 15 17 2 17 
3 10 21 7 2 21 13 -10 21 10 15 1 -3 17 11 16 -18 8 8 19 
3 12 14 14 12 11 14 12 17 20 11 -21 -8 14 8 20 17 21 20 -8 
21 1 8 8 -1 1 -17 19 7 12 10 10 -6 6 0 -4 2 21 13 2 
12 15 14 -20 12 -13 9 17 10 12 9 8 -13 16 20 -1 -17 9 20 11 
11 20 9 -17 -1 20 16 -13 8 9 12 10 17 9 -13 12 -20 14 15 12 
2 13 21 2 -4 0 6 -6 10 10 12 7 19 -17 1 -1 8 8 1 21 
-8 20 21 17 20 8 14 -8 -21 11 20 17 12 14 11 12 14 14 12 3 
19 8 8 -18 16 11 17 -3 1 15 10 21 -10 13 21 2 7 21 10 3 
17 2 17 15 10 7 15 -9 5 7 7 -4 10 12 -13 4 17 19 1 1 
4 19 -21 0 -5 -17 2 15 3 -3 18 5 18 -10 -9 5 -4 14 10 -17 
6 14 4 20 10 3 -6 12 10 1 7 13 11 3 7 5 -7 10 3 5 
13 2 2 3 17 11 7 1 -8 18 -6 13 20 -20 17 11 -16 -16 7 16 
3 -15 8 -1 7 10 3 2 1 4 2 11 3 4 2 1 5 5 -17 -15 
-18 -17 12 16 20 17 -3 20 1 1 4 15 19 14 5 18 -18 -2 3 13 
41
1
0 11
19 8
0
0
