20 20
6 9 25 -13 14 22 4 -2 16 13 -14 15 11 3 12 -5 1 -12 11 9 
1 17 16 -8 5 27 -23 8 5 6 23 21 22 -27 26 18 23 15 0 25 
6 -9 11 20 3 24 12 23 5 -15 15 26 13 18 -18 22 21 14 26 15 
14 21 6 -14 24 -8 -27 14 4 14 12 -22 1 19 3 -9 10 23 -7 12 
28 -7 12 -5 -2 27 25 -6 14 10 14 27 -9 28 7 9 23 -21 -2 23 
28 3 20 4 20 26 27 13 21 27 4 23 -2 19 19 16 14 19 23 8 
-13 14 -22 28 0 8 5 11 26 1 8 -8 24 2 2 11 21 17 10 1 
26 11 18 25 17 -24 16 17 7 21 3 -8 18 -10 22 28 24 13 22 -6 
4 3 10 2 2 -28 1 13 7 0 -28 5 1 22 24 17 14 1 20 -7 
22 -18 2 -21 18 2 23 -6 -16 9 10 12 20 -21 -4 4 20 28 -22 27 
27 -22 28 20 4 -4 -21 20 12 10 9 -16 -6 23 2 18 -21 2 -18 22 
-7 20 1 14 17 24 22 1 5 -28 0 7 13 1 -28 2 2 10 3 4 
-6 22 13 24 28 22 -10 18 -8 3 21 7 17 16 -24 17 25 18 11 26 
1 10 17 21 11 2 2 24 -8 8 1 26 11 5 8 0 28 -22 14 -13 
8 23 19 14 16 19 19 -2 23 4 27 21 13 27 26 20 4 20 3 28 
23 -2 -21 23 9 7 28 -9 27 14 10 14 -6 25 27 -2 -5 12 -7 28 
12 -7 23 10 -9 3 19 1 -22 12 14 4 14 -27 -8 24 -14 6 21 14 
15 26 14 21 22 -18 18 13 26 15 -15 5 23 12 24 3 20 11 -9 6 
25 0 15 23 18 26 -27 22 21 23 6 5 8 -23 27 5 -8 16 17 1 
9 11 -12 1 -5 12 3 11 15 -14 13 16 -2 4 22 14 -13 25 9 6 
81
1
0 9
19 10
0
0
