20 20
16 25 29 -3 20 15 2 23 9 -13 27 17 4 17 4 14 23 25 -18 5 
21 14 23 11 27 11 17 1 26 2 -14 21 29 0 17 10 28 21 -22 18 
22 -22 -26 12 11 3 -12 14 22 4 28 -20 3 8 25 -15 12 24 7 -26 
-14 2 -28 11 20 -28 -24 3 2 21 -22 15 1 -1 12 12 -2 27 21 26 
17 11 2 26 12 12 1 14 -8 11 20 1 1 25 24 11 1 13 9 13 
5 -25 -15 20 -4 25 20 13 20 -29 15 -28 17 10 -28 10 4 -9 17 -3 
10 17 -11 5 27 -23 -27 16 26 11 10 9 26 13 24 22 7 11 14 20 
-7 18 -4 8 7 -17 18 4 13 3 25 24 11 7 11 1 3 21 -6 3 
13 -11 -12 -20 18 7 7 5 10 9 20 6 -25 3 17 -22 16 29 -6 -2 
24 15 6 -25 15 24 -7 23 26 12 24 22 8 18 20 13 10 19 -2 6 
6 -2 19 10 13 20 18 8 22 24 12 26 23 -7 24 15 -25 6 15 24 
-2 -6 29 16 -22 17 3 -25 6 20 9 10 5 7 7 18 -20 -12 -11 13 
3 -6 21 3 1 11 7 11 24 25 3 13 4 18 -17 7 8 -4 18 -7 
20 14 11 7 22 24 13 26 9 10 11 26 16 -27 -23 27 5 -11 17 10 
-3 17 -9 4 10 -28 10 17 -28 15 -29 20 13 20 25 -4 20 -15 -25 5 
13 9 13 1 11 24 25 1 1 20 11 -8 14 1 12 12 26 2 11 17 
26 21 27 -2 12 12 -1 1 15 -22 21 2 3 -24 -28 20 11 -28 2 -14 
-26 7 24 12 -15 25 8 3 -20 28 4 22 14 -12 3 11 12 -26 -22 22 
18 -22 21 28 10 17 0 29 21 -14 2 26 1 17 11 27 11 23 14 21 
5 -18 25 23 14 4 17 4 17 27 -13 9 23 2 15 20 -3 29 25 16 
183
1
13 3
6 16
0
0
