20 20
14 10 -16 8 16 13 9 -2 2 -16 1 8 8 7 14 14 11 -12 0 2 
13 -3 17 2 16 14 12 4 8 8 6 12 0 7 -15 16 11 10 14 15 
-15 7 3 5 2 10 10 8 0 -1 3 -10 2 8 14 15 13 13 -8 11 
1 -4 1 11 12 1 15 2 -5 3 14 17 -15 8 -9 6 5 -5 15 4 
-14 14 4 11 9 9 1 1 9 -1 -14 14 13 15 4 12 2 7 12 -9 
10 1 12 13 10 12 -2 3 5 3 10 -8 14 17 2 16 -17 3 -8 17 
13 15 17 -12 5 3 16 -1 -15 -13 12 9 -17 -9 11 16 -4 14 -2 12 
3 1 17 15 12 4 13 2 3 14 14 -17 9 -9 1 16 10 11 -13 -9 
-2 3 4 14 13 -11 13 16 -13 14 -6 5 9 3 17 16 10 2 6 -2 
1 -10 5 12 11 6 14 15 9 15 4 -15 4 14 12 -3 -7 10 11 9 
9 11 10 -7 -3 12 14 4 -15 4 15 9 15 14 6 11 12 5 -10 1 
-2 6 2 10 16 17 3 9 5 -6 14 -13 16 13 -11 13 14 4 3 -2 
-9 -13 11 10 16 1 -9 9 -17 14 14 3 2 13 4 12 15 17 1 3 
12 -2 14 -4 16 11 -9 -17 9 12 -13 -15 -1 16 3 5 -12 17 15 13 
17 -8 3 -17 16 2 17 14 -8 10 3 5 3 -2 12 10 13 12 1 10 
-9 12 7 2 12 4 15 13 14 -14 -1 9 1 1 9 9 11 4 14 -14 
4 15 -5 5 6 -9 8 -15 17 14 3 -5 2 15 1 12 11 1 -4 1 
11 -8 13 13 15 14 8 2 -10 3 -1 0 8 10 10 2 5 3 7 -15 
15 14 10 11 16 -15 7 0 12 6 8 8 4 12 14 16 2 17 -3 13 
2 0 -12 11 14 14 7 8 8 1 -16 2 -2 9 13 16 8 -16 10 14 
123
1
0 11
19 8
0
0
