20 20
1 18 0 18 -2 -3 15 2 15 1 3 15 18 -8 -5 8 -15 13 2 3 
13 -5 18 2 -10 -17 0 4 17 17 13 0 9 -2 2 -9 1 -7 -18 -15 
9 13 2 9 -15 14 1 18 -3 14 6 18 9 9 -14 6 -1 4 9 6 
4 7 8 13 16 10 18 4 11 6 8 -2 5 18 -10 2 18 3 11 11 
8 -5 -6 17 6 4 17 16 1 -5 4 18 -14 16 11 12 -11 1 13 13 
7 -16 6 13 15 8 10 11 3 9 2 1 -9 -12 16 -17 0 1 17 3 
4 5 6 1 2 17 4 14 14 14 5 -10 2 0 -7 -14 17 18 13 12 
4 13 6 17 -18 8 9 8 16 -2 5 0 -10 7 1 1 5 -4 17 11 
-18 16 7 0 14 6 -15 15 -5 -2 6 16 2 15 15 7 -15 9 3 16 
5 13 -8 12 12 10 16 1 -12 16 13 15 6 18 -14 -14 18 3 16 15 
15 16 3 18 -14 -14 18 6 15 13 16 -12 1 16 10 12 12 -8 13 5 
16 3 9 -15 7 15 15 2 16 6 -2 -5 15 -15 6 14 0 7 16 -18 
11 17 -4 5 1 1 7 -10 0 5 -2 16 8 9 8 -18 17 6 13 4 
12 13 18 17 -14 -7 0 2 -10 5 14 14 14 4 17 2 1 6 5 4 
3 17 1 0 -17 16 -12 -9 1 2 9 3 11 10 8 15 13 6 -16 7 
13 13 1 -11 12 11 16 -14 18 4 -5 1 16 17 4 6 17 -6 -5 8 
11 11 3 18 2 -10 18 5 -2 8 6 11 4 18 10 16 13 8 7 4 
6 9 4 -1 6 -14 9 9 18 6 14 -3 18 1 14 -15 9 2 13 9 
-15 -18 -7 1 -9 2 -2 9 0 13 17 17 4 0 -17 -10 2 18 -5 13 
3 2 13 -15 8 -5 -8 18 15 3 1 15 2 15 -3 -2 18 0 18 1 
153
1
0 11
19 8
0
0
