20 20
14 11 15 12 15 4 7 5 -4 -17 22 1 -1 -14 -6 6 0 23 9 11 
-22 -15 10 22 10 4 -10 21 4 3 12 7 18 13 -21 7 8 -8 16 9 
17 -4 1 7 -21 21 13 23 -17 14 6 -2 19 7 14 -23 8 13 -13 -22 
0 7 -15 -18 20 6 14 3 11 -10 1 -12 22 -8 6 6 8 7 8 -8 
-8 0 19 -20 7 4 18 17 22 7 -21 -14 -13 0 8 9 16 5 10 10 
20 12 7 20 17 4 5 5 -21 20 23 11 0 6 -19 20 19 -21 7 -21 
15 -15 -13 -10 23 7 6 15 22 -4 17 8 -22 10 14 -23 5 23 13 6 
19 3 10 -4 23 0 -2 12 -6 11 21 13 5 12 18 17 9 -2 16 9 
21 13 4 -11 19 -2 5 20 1 -23 19 -13 14 18 9 5 22 -8 22 18 
-5 11 -9 2 6 14 14 -2 2 23 7 11 10 9 9 6 18 10 18 11 
11 18 10 18 6 9 9 10 11 7 23 2 -2 14 14 6 2 -9 11 -5 
18 22 -8 22 5 9 18 14 -13 19 -23 1 20 5 -2 19 -11 4 13 21 
9 16 -2 9 17 18 12 5 13 21 11 -6 12 -2 0 23 -4 10 3 19 
6 13 23 5 -23 14 10 -22 8 17 -4 22 15 6 7 23 -10 -13 -15 15 
-21 7 -21 19 20 -19 6 0 11 23 20 -21 5 5 4 17 20 7 12 20 
10 10 5 16 9 8 0 -13 -14 -21 7 22 17 18 4 7 -20 19 0 -8 
-8 8 7 8 6 6 -8 22 -12 1 -10 11 3 14 6 20 -18 -15 7 0 
-22 -13 13 8 -23 14 7 19 -2 6 14 -17 23 13 21 -21 7 1 -4 17 
9 16 -8 8 7 -21 13 18 7 12 3 4 21 -10 4 10 22 10 -15 -22 
11 9 23 0 6 -6 -14 -1 1 22 -17 -4 5 7 4 15 12 15 11 14 
44
1
19 17
0 2
0
0
