20 20
16 16 15 -13 21 6 19 11 -11 5 7 17 9 9 -15 23 13 -5 25 3 
0 22 20 20 -4 -16 4 25 20 7 21 7 6 23 12 25 8 20 11 26 
20 18 3 -16 7 -4 11 24 20 20 1 8 -24 16 -25 25 -7 7 12 8 
-23 -25 22 15 0 18 24 20 7 -20 12 -13 13 14 5 -7 -9 25 -7 13 
21 22 8 12 2 7 15 3 24 22 24 10 25 23 17 6 11 25 -5 18 
12 3 24 2 -12 23 -7 6 23 12 23 2 21 -20 -5 -1 22 8 13 -16 
9 -14 18 23 -18 15 0 0 26 25 10 21 5 -11 25 6 16 -13 11 26 
3 6 14 26 5 5 13 -24 -15 -11 -10 15 24 1 18 23 2 2 25 13 
10 11 16 7 15 8 17 -6 21 9 -9 -24 3 -18 1 22 19 -8 22 12 
20 23 24 16 -22 14 16 4 19 0 10 10 23 -25 -16 21 26 16 15 -6 
-6 15 16 26 21 -16 -25 23 10 10 0 19 4 16 14 -22 16 24 23 20 
12 22 -8 19 22 1 -18 3 -24 -9 9 21 -6 17 8 15 7 16 11 10 
13 25 2 2 23 18 1 24 15 -10 -11 -15 -24 13 5 5 26 14 6 3 
26 11 -13 16 6 25 -11 5 21 10 25 26 0 0 15 -18 23 18 -14 9 
-16 13 8 22 -1 -5 -20 21 2 23 12 23 6 -7 23 -12 2 24 3 12 
18 -5 25 11 6 17 23 25 10 24 22 24 3 15 7 2 12 8 22 21 
13 -7 25 -9 -7 5 14 13 -13 12 -20 7 20 24 18 0 15 22 -25 -23 
8 12 7 -7 25 -25 16 -24 8 1 20 20 24 11 -4 7 -16 3 18 20 
26 11 20 8 25 12 23 6 7 21 7 20 25 4 -16 -4 20 20 22 0 
3 25 -5 13 23 -15 9 9 17 7 5 -11 11 19 6 21 -13 15 16 16 
81
1
12 11
7 8
0
0
