20 20
21 20 21 5 12 7 5 8 2 -8 -22 19 16 11 13 8 2 -10 18 -2 
-5 17 -8 -15 -14 22 -19 18 21 21 11 -16 12 22 -16 18 10 19 19 -19 
-10 5 8 -18 -9 1 10 2 4 16 11 -13 7 3 0 24 24 1 3 15 
15 12 22 -11 -10 16 9 5 8 24 1 24 9 6 19 -23 11 13 -12 13 
9 -10 -20 8 23 1 24 -9 22 11 15 7 6 5 17 13 11 19 2 3 
10 -7 -23 -16 9 2 6 14 6 22 22 23 -23 8 11 9 -11 21 -22 -15 
9 -5 8 -6 14 13 6 -8 4 8 21 18 9 17 -15 -8 10 22 -7 20 
19 9 18 0 -19 3 9 11 -17 22 0 10 20 14 21 -18 15 -18 -19 -4 
-12 -21 10 11 -12 -14 9 13 19 19 -6 9 8 2 3 12 21 16 5 7 
6 14 18 8 -12 8 9 0 -8 24 10 -11 4 19 17 20 6 19 8 14 
14 8 19 6 20 17 19 4 -11 10 24 -8 0 9 8 -12 8 18 14 6 
7 5 16 21 12 3 2 8 9 -6 19 19 13 9 -14 -12 11 10 -21 -12 
-4 -19 -18 15 -18 21 14 20 10 0 22 -17 11 9 3 -19 0 18 9 19 
20 -7 22 10 -8 -15 17 9 18 21 8 4 -8 6 13 14 -6 8 -5 9 
-15 -22 21 -11 9 11 8 -23 23 22 22 6 14 6 2 9 -16 -23 -7 10 
3 2 19 11 13 17 5 6 7 15 11 22 -9 24 1 23 8 -20 -10 9 
13 -12 13 11 -23 19 6 9 24 1 24 8 5 9 16 -10 -11 22 12 15 
15 3 1 24 24 0 3 7 -13 11 16 4 2 10 1 -9 -18 8 5 -10 
-19 19 19 10 18 -16 22 12 -16 11 21 21 18 -19 22 -14 -15 -8 17 -5 
-2 18 -10 2 8 13 11 16 19 -22 -8 2 8 5 7 12 5 21 20 21 
36
1
3 16
16 3
0
0
