20 20
6 8 -2 3 7 -5 5 11 5 8 3 1 2 9 -6 7 4 2 7 10 
6 3 1 1 1 5 1 4 10 2 3 1 7 1 1 8 3 7 -9 -2 
1 -2 1 5 11 5 -10 -2 -2 -7 6 9 0 7 -4 1 -3 3 4 9 
-7 2 3 4 6 10 -3 8 11 0 10 -11 2 4 6 8 0 3 -11 -7 
6 -9 -4 2 4 2 -4 3 7 6 1 9 -3 1 4 2 -6 9 5 3 
8 9 -4 4 11 10 7 0 2 6 11 10 6 3 10 8 11 10 0 11 
3 2 5 6 5 -1 -9 11 9 4 -6 1 -11 11 6 6 5 -7 -2 6 
4 8 -9 0 5 2 10 1 1 -10 11 -1 11 10 -9 3 7 2 10 9 
4 -1 8 -6 7 -5 5 8 11 6 8 -2 -3 -1 11 1 7 6 9 11 
3 -1 3 11 8 7 11 7 3 5 2 -4 10 4 1 4 0 -3 5 -3 
-3 5 -3 0 4 1 4 10 -4 2 5 3 7 11 7 8 11 3 -1 3 
11 9 6 7 1 11 -1 -3 -2 8 6 11 8 5 -5 7 -6 8 -1 4 
9 10 2 7 3 -9 10 11 -1 11 -10 1 1 10 2 5 0 -9 8 4 
6 -2 -7 5 6 6 11 -11 1 -6 4 9 11 -9 -1 5 6 5 2 3 
11 0 10 11 8 10 3 6 10 11 6 2 0 7 10 11 4 -4 9 8 
3 5 9 -6 2 4 1 -3 9 1 6 7 3 -4 2 4 2 -4 -9 6 
-7 -11 3 0 8 6 4 2 -11 10 0 11 8 -3 10 6 4 3 2 -7 
9 4 3 -3 1 -4 7 0 9 6 -7 -2 -2 -10 5 11 5 1 -2 1 
-2 -9 7 3 8 1 1 7 1 3 2 10 4 1 5 1 1 1 3 6 
10 7 2 4 7 -6 9 2 1 3 8 5 11 5 -5 7 3 -2 8 6 
67
1
17 8
2 11
0
0
