20 20
-4 -6 11 9 15 19 18 0 13 3 -13 -5 9 -9 7 5 4 -9 -15 5 
10 15 7 15 5 18 14 -15 5 19 -19 1 17 16 19 9 15 10 13 15 
-8 17 8 9 9 1 8 5 1 9 2 9 -14 15 2 -7 12 -1 -4 -14 
4 6 6 -8 4 -17 -17 13 -6 4 18 18 7 -19 8 -12 -16 10 11 9 
7 -19 15 12 10 6 17 9 6 8 16 15 16 12 15 -16 18 16 8 -4 
8 19 16 19 -6 17 1 6 10 3 11 19 0 14 13 15 0 -14 9 8 
18 3 1 19 -17 19 4 14 -5 -6 8 17 8 11 -1 19 13 10 -3 15 
-7 14 7 -8 17 11 3 14 2 5 14 1 -7 -8 4 -19 7 5 18 12 
-6 7 16 7 8 6 -8 2 6 6 13 -16 7 17 6 -6 19 1 11 -19 
-3 18 3 4 -16 9 4 11 0 7 6 1 10 19 14 -19 3 -11 -5 19 
19 -5 -11 3 -19 14 19 10 1 6 7 0 11 4 9 -16 4 3 18 -3 
-19 11 1 19 -6 6 17 7 -16 13 6 6 2 -8 6 8 7 16 7 -6 
12 18 5 7 -19 4 -8 -7 1 14 5 2 14 3 11 17 -8 7 14 -7 
15 -3 10 13 19 -1 11 8 17 8 -6 -5 14 4 19 -17 19 1 3 18 
8 9 -14 0 15 13 14 0 19 11 3 10 6 1 17 -6 19 16 19 8 
-4 8 16 18 -16 15 12 16 15 16 8 6 9 17 6 10 12 15 -19 7 
9 11 10 -16 -12 8 -19 7 18 18 4 -6 13 -17 -17 4 -8 6 6 4 
-14 -4 -1 12 -7 2 15 -14 9 2 9 1 5 8 1 9 9 8 17 -8 
15 13 10 15 9 19 16 17 1 -19 19 5 -15 14 18 5 15 7 15 10 
5 -15 -9 4 5 7 -9 9 -5 -13 3 13 0 18 19 15 9 11 -6 -4 
118
1
11 19
8 0
0
0
