20 20
6 10 17 -11 12 -2 14 2 12 -8 23 -20 -20 1 16 17 6 -3 -2 22 
11 17 -14 11 8 15 -13 -15 18 -20 21 19 15 -24 6 -11 14 -1 -1 23 
6 -19 4 -23 -3 17 13 17 7 15 23 -23 9 17 2 23 4 22 19 19 
12 7 -23 1 22 -25 10 5 -4 4 1 -3 20 13 16 -19 4 -24 4 8 
12 9 8 22 3 14 -21 -21 -7 13 -19 1 11 20 12 16 17 -19 13 18 
17 25 16 14 23 11 14 15 2 -9 8 -12 -6 23 -19 9 22 10 18 3 
4 14 23 17 -15 20 22 7 -20 25 15 1 4 2 -5 -4 17 1 -4 18 
11 23 9 21 13 -24 -19 16 23 15 0 25 0 5 -10 5 22 6 -4 3 
7 6 22 18 -12 20 12 12 10 12 23 15 9 10 13 5 24 -6 15 -1 
2 18 -15 23 12 19 21 -13 16 13 1 0 17 1 -23 25 15 5 -19 0 
0 -19 5 15 25 -23 1 17 0 1 13 16 -13 21 19 12 23 -15 18 2 
-1 15 -6 24 5 13 10 9 15 23 12 10 12 12 20 -12 18 22 6 7 
3 -4 6 22 5 -10 5 0 25 0 15 23 16 -19 -24 13 21 9 23 11 
18 -4 1 17 -4 -5 2 4 1 15 25 -20 7 22 20 -15 17 23 14 4 
3 18 10 22 9 -19 23 -6 -12 8 -9 2 15 14 11 23 14 16 25 17 
18 13 -19 17 16 12 20 11 1 -19 13 -7 -21 -21 14 3 22 8 9 12 
8 4 -24 4 -19 16 13 20 -3 1 4 -4 5 10 -25 22 1 -23 7 12 
19 19 22 4 23 2 17 9 -23 23 15 7 17 13 17 -3 -23 4 -19 6 
23 -1 -1 14 -11 6 -24 15 19 21 -20 18 -15 -13 15 8 11 -14 17 11 
22 -2 -3 6 17 16 1 -20 -20 23 -8 12 2 14 -2 12 -11 17 10 6 
107
1
11 10
8 9
0
0
