20 20
17 6 3 19 15 10 24 -14 22 4 -18 8 0 -14 -20 -4 13 28 -27 23 
-23 -26 27 -20 14 2 21 26 8 -10 19 13 -23 20 19 17 1 -5 23 4 
20 23 4 -8 23 19 9 28 19 6 7 11 -2 2 14 -18 -2 23 -17 8 
-13 9 24 7 26 -11 1 13 9 16 -8 5 -28 -3 21 28 23 21 -3 -23 
22 -19 17 18 18 14 23 8 3 15 11 8 24 11 6 22 20 -15 28 6 
6 1 1 12 -10 9 -24 6 -5 14 7 11 -27 3 7 22 27 6 28 24 
22 26 10 20 6 23 11 7 -9 -21 5 21 19 -22 2 12 4 15 -26 12 
10 12 -7 22 -13 25 7 -8 11 0 -6 16 3 4 -24 7 26 -11 -8 20 
16 22 27 4 14 6 1 -22 16 -20 0 2 0 28 24 20 6 1 -20 12 
-22 25 4 14 -6 9 10 13 -23 5 9 22 -26 1 17 1 -13 23 1 9 
9 1 23 -13 1 17 1 -26 22 9 5 -23 13 10 9 -6 14 4 25 -22 
12 -20 1 6 20 24 28 0 2 0 -20 16 -22 1 6 14 4 27 22 16 
20 -8 -11 26 7 -24 4 3 16 -6 0 11 -8 7 25 -13 22 -7 12 10 
12 -26 15 4 12 2 -22 19 21 5 -21 -9 7 11 23 6 20 10 26 22 
24 28 6 27 22 7 3 -27 11 7 14 -5 6 -24 9 -10 12 1 1 6 
6 28 -15 20 22 6 11 24 8 11 15 3 8 23 14 18 18 17 -19 22 
-23 -3 21 23 28 21 -3 -28 5 -8 16 9 13 1 -11 26 7 24 9 -13 
8 -17 23 -2 -18 14 2 -2 11 7 6 19 28 9 19 23 -8 4 23 20 
4 23 -5 1 17 19 20 -23 13 19 -10 8 26 21 2 14 -20 27 -26 -23 
23 -27 28 13 -4 -20 -14 0 8 -18 4 22 -14 24 10 15 19 3 6 17 
45
1
13 2
6 17
0
0
