20 20
2 -11 16 -19 -1 12 7 15 3 17 -2 -14 11 -20 16 -4 7 10 20 17 
17 -17 4 -14 5 -2 5 19 12 1 21 5 8 19 19 -19 2 10 20 7 
5 7 17 -9 16 -15 21 3 10 20 2 9 0 21 6 17 10 16 -18 7 
10 14 12 4 -4 10 -19 18 14 10 2 19 15 11 -21 13 20 19 19 10 
21 19 -13 -13 6 8 6 20 12 15 5 17 5 10 1 9 -18 -21 16 11 
-12 4 10 -3 9 10 17 -2 18 -14 -16 6 18 19 -20 -7 5 9 9 20 
12 18 11 16 8 5 10 19 5 4 -13 16 0 -18 1 4 -13 -13 18 -2 
-13 -20 12 -21 9 2 8 2 2 10 20 17 -21 21 14 6 15 21 -12 13 
2 -6 12 19 21 -3 6 13 11 3 4 15 20 -9 12 8 9 21 20 -4 
21 6 -2 -2 10 18 -7 -1 -9 4 9 4 5 5 1 10 -6 -1 20 15 
15 20 -1 -6 10 1 5 5 4 9 4 -9 -1 -7 18 10 -2 -2 6 21 
-4 20 21 9 8 12 -9 20 15 4 3 11 13 6 -3 21 19 12 -6 2 
13 -12 21 15 6 14 21 -21 17 20 10 2 2 8 2 9 -21 12 -20 -13 
-2 18 -13 -13 4 1 -18 0 16 -13 4 5 19 10 5 8 16 11 18 12 
20 9 9 5 -7 -20 19 18 6 -16 -14 18 -2 17 10 9 -3 10 4 -12 
11 16 -21 -18 9 1 10 5 17 5 15 12 20 6 8 6 -13 -13 19 21 
10 19 19 20 13 -21 11 15 19 2 10 14 18 -19 10 -4 4 12 14 10 
7 -18 16 10 17 6 21 0 9 2 20 10 3 21 -15 16 -9 17 7 5 
7 20 10 2 -19 19 19 8 5 21 1 12 19 5 -2 5 -14 4 -17 17 
17 20 10 7 -4 16 -20 11 -14 -2 17 3 15 7 12 -1 -19 16 -11 2 
100
1
4 16
15 3
0
0
