20 20
13 6 -22 -2 11 4 25 9 -12 -15 17 7 4 9 16 -8 6 9 1 13 
18 -5 14 24 8 -7 4 -4 10 5 -23 12 15 17 26 2 4 18 25 24 
-25 20 -10 -18 7 26 17 -20 -25 -15 -20 2 12 22 -21 18 -13 4 -2 11 
-17 -17 15 24 -5 23 19 23 15 -22 12 24 13 13 -16 6 6 20 10 3 
12 10 5 -16 2 9 -23 17 12 -6 1 19 2 -4 16 17 -12 21 23 25 
-13 -3 16 23 16 -25 2 8 3 -12 18 -23 10 -24 8 11 21 18 21 24 
-25 17 10 -24 -24 23 12 -18 1 1 -14 6 24 -14 -20 20 5 16 -21 3 
9 12 -4 26 -14 7 12 26 1 -25 7 5 15 2 9 -23 2 14 -14 -22 
-21 -2 14 20 -9 11 -16 -11 -22 18 10 -21 17 -26 6 11 3 6 15 7 
18 -5 0 23 12 13 -10 -19 5 15 -1 22 12 18 -19 22 -6 23 14 8 
8 14 23 -6 22 -19 18 12 22 -1 15 5 -19 -10 13 12 23 0 -5 18 
7 15 6 3 11 6 -26 17 -21 10 18 -22 -11 -16 11 -9 20 14 -2 -21 
-22 -14 14 2 -23 9 2 15 5 7 -25 1 26 12 7 -14 26 -4 12 9 
3 -21 16 5 20 -20 -14 24 6 -14 1 1 -18 12 23 -24 -24 10 17 -25 
24 21 18 21 11 8 -24 10 -23 18 -12 3 8 2 -25 16 23 16 -3 -13 
25 23 21 -12 17 16 -4 2 19 1 -6 12 17 -23 9 2 -16 5 10 12 
3 10 20 6 6 -16 13 13 24 12 -22 15 23 19 23 -5 24 15 -17 -17 
11 -2 4 -13 18 -21 22 12 2 -20 -15 -25 -20 17 26 7 -18 -10 20 -25 
24 25 18 4 2 26 17 15 12 -23 5 10 -4 4 -7 8 24 14 -5 18 
13 1 9 6 -8 16 9 4 7 17 -15 -12 9 25 4 11 -2 -22 6 13 
181
1
6 0
13 19
0
0
