20 20
11 11 17 -2 6 6 5 17 9 12 -7 -20 22 18 17 3 11 11 4 20 
-4 -21 2 5 -12 -19 10 15 15 15 20 7 -1 14 4 3 13 6 22 15 
16 3 22 -13 3 -20 4 3 4 -22 18 13 18 2 -10 -12 9 20 1 -7 
-7 11 15 16 2 -6 16 18 17 19 4 -2 -19 4 1 14 11 20 4 13 
-4 -13 21 19 -13 18 0 5 -4 11 21 -1 -8 22 -6 11 2 -11 4 -12 
5 -11 10 3 3 5 2 21 16 15 12 -16 3 3 -14 4 1 22 0 -7 
11 9 1 -10 -1 -3 6 -22 9 -16 -1 20 1 1 -1 -17 17 20 -9 5 
9 20 -5 13 -9 7 -13 -11 -15 -9 -5 16 7 6 12 -17 -18 2 -11 -4 
15 9 -16 1 14 -2 16 -1 2 0 -19 -9 3 22 14 11 8 20 14 -18 
1 1 9 11 -17 0 22 2 -3 21 0 22 14 -9 -11 13 1 2 13 -21 
-21 13 2 1 13 -11 -9 14 22 0 21 -3 2 22 0 -17 11 9 1 1 
-18 14 20 8 11 14 22 3 -9 -19 0 2 -1 16 -2 14 1 -16 9 15 
-4 -11 2 -18 -17 12 6 7 16 -5 -9 -15 -11 -13 7 -9 13 -5 20 9 
5 -9 20 17 -17 -1 1 1 20 -1 -16 9 -22 6 -3 -1 -10 1 9 11 
-7 0 22 1 4 -14 3 3 -16 12 15 16 21 2 5 3 3 10 -11 5 
-12 4 -11 2 11 -6 22 -8 -1 21 11 -4 5 0 18 -13 19 21 -13 -4 
13 4 20 11 14 1 4 -19 -2 4 19 17 18 16 -6 2 16 15 11 -7 
-7 1 20 9 -12 -10 2 18 13 18 -22 4 3 4 -20 3 -13 22 3 16 
15 22 6 13 3 4 14 -1 7 20 15 15 15 10 -19 -12 5 2 -21 -4 
20 4 11 11 3 17 18 22 -20 -7 12 9 17 5 6 6 -2 17 11 11 
129
1
6 4
13 15
0
0
