20 20
1 6 3 8 8 7 -3 3 -8 7 6 0 -7 9 0 3 0 7 0 6 
9 -5 7 9 4 2 8 10 5 7 -4 -7 -4 4 9 4 8 3 -3 10 
4 -3 6 6 1 0 0 3 -8 9 3 6 -10 4 -4 -7 3 -3 -7 2 
7 8 7 -8 8 5 9 6 -7 -4 -5 -9 10 1 2 3 -3 7 2 -5 
-6 3 3 8 -6 2 8 1 1 9 9 8 6 -4 -6 10 10 5 8 7 
-8 -9 2 -10 9 -9 2 4 -6 5 2 10 8 4 -2 6 1 9 10 3 
5 4 8 -6 5 8 2 -7 -8 10 5 10 2 5 10 -8 6 7 -1 4 
-5 -4 9 8 4 6 -1 2 6 -10 7 9 -6 -2 0 -5 7 -5 6 1 
2 -7 2 5 2 -1 8 4 5 -5 8 0 -9 9 6 3 5 10 10 2 
8 5 6 1 7 -5 6 -1 4 9 -1 2 -6 -1 2 3 6 7 1 6 
6 1 7 6 3 2 -1 -6 2 -1 9 4 -1 6 -5 7 1 6 5 8 
2 10 10 5 3 6 9 -9 0 8 -5 5 4 8 -1 2 5 2 -7 2 
1 6 -5 7 -5 0 -2 -6 9 7 -10 6 2 -1 6 4 8 9 -4 -5 
4 -1 7 6 -8 10 5 2 10 5 10 -8 -7 2 8 5 -6 8 4 5 
3 10 9 1 6 -2 4 8 10 2 5 -6 4 2 -9 9 -10 2 -9 -8 
7 8 5 10 10 -6 -4 6 8 9 9 1 1 8 2 -6 8 3 3 -6 
-5 2 7 -3 3 2 1 10 -9 -5 -4 -7 6 9 5 8 -8 7 8 7 
2 -7 -3 3 -7 -4 4 -10 6 3 9 -8 3 0 0 1 6 6 -3 4 
10 -3 3 8 4 9 4 -4 -7 -4 7 5 10 8 2 4 9 7 -5 9 
6 0 7 0 3 0 9 -7 0 6 7 -8 3 -3 7 8 8 3 6 1 
74
1
14 0
5 19
0
0
