20 20
-6 6 8 5 2 -10 6 0 12 -10 -9 10 4 16 12 16 -15 -16 -4 0 
9 1 10 4 9 10 5 7 10 7 15 -11 2 -15 -4 12 0 11 -15 10 
-13 16 9 0 5 5 -11 1 15 7 3 13 5 12 3 7 -7 4 3 7 
12 0 11 2 -8 -1 3 11 3 10 6 12 5 6 5 -11 3 1 0 6 
0 -7 14 10 6 13 4 10 2 -1 13 -8 10 -9 9 6 11 -2 -10 7 
11 -9 13 11 4 -9 14 -1 -5 12 5 13 16 15 13 -14 7 -15 9 -3 
12 9 12 2 4 10 11 -12 7 6 13 8 12 10 13 -6 -11 10 7 2 
2 4 -11 6 -2 16 12 -6 9 -8 -12 10 -9 -14 10 -15 13 8 11 8 
4 16 10 -5 16 2 8 12 3 12 0 13 11 -5 16 11 -13 12 13 7 
6 0 -16 12 -12 -9 16 -16 12 10 7 5 -4 -12 12 -10 -2 -12 10 6 
6 10 -12 -2 -10 12 -12 -4 5 7 10 12 -16 16 -9 -12 12 -16 0 6 
7 13 12 -13 11 16 -5 11 13 0 12 3 12 8 2 16 -5 10 16 4 
8 11 8 13 -15 10 -14 -9 10 -12 -8 9 -6 12 16 -2 6 -11 4 2 
2 7 10 -11 -6 13 10 12 8 13 6 7 -12 11 10 4 2 12 9 12 
-3 9 -15 7 -14 13 15 16 13 5 12 -5 -1 14 -9 4 11 13 -9 11 
7 -10 -2 11 6 9 -9 10 -8 13 -1 2 10 4 13 6 10 14 -7 0 
6 0 1 3 -11 5 6 5 12 6 10 3 11 3 -1 -8 2 11 0 12 
7 3 4 -7 7 3 12 5 13 3 7 15 1 -11 5 5 0 9 16 -13 
10 -15 11 0 12 -4 -15 2 -11 15 7 10 7 5 10 9 4 10 1 9 
0 -4 -16 -15 16 12 16 4 10 -9 -10 12 0 6 -10 2 5 8 6 -6 
195
1
16 14
3 5
0
0
