20 20
18 6 10 3 17 4 -14 -2 0 -16 2 -18 1 7 3 17 20 -8 -2 16 
5 -15 2 10 14 -14 5 10 10 -14 3 15 6 19 -13 1 14 -11 10 1 
12 -17 5 8 20 1 6 -7 15 16 17 -7 -18 -18 -5 19 -13 15 10 -9 
16 4 -11 5 17 3 19 17 -9 2 -7 15 5 -13 19 -18 -14 1 18 -17 
17 20 7 2 12 20 5 7 15 -18 -14 7 -18 -15 12 14 8 17 -7 -18 
-5 19 19 -4 9 -8 7 4 15 13 16 17 -11 -10 15 10 12 17 19 13 
12 -12 -17 15 14 5 11 -10 -17 -18 15 1 9 9 18 -7 -8 -2 11 17 
4 18 -5 10 16 3 19 8 18 8 -6 12 3 -15 -19 13 8 3 10 11 
2 -2 18 8 1 8 14 1 7 -17 4 5 -5 -5 14 14 11 -20 -11 4 
6 17 10 5 -8 3 15 -7 12 14 -3 10 -17 13 5 2 6 8 6 18 
18 6 8 6 2 5 13 -17 10 -3 14 12 -7 15 3 -8 5 10 17 6 
4 -11 -20 11 14 14 -5 -5 5 4 -17 7 1 14 8 1 8 18 -2 2 
11 10 3 8 13 -19 -15 3 12 -6 8 18 8 19 3 16 10 -5 18 4 
17 11 -2 -8 -7 18 9 9 1 15 -18 -17 -10 11 5 14 15 -17 -12 12 
13 19 17 12 10 15 -10 -11 17 16 13 15 4 7 -8 9 -4 19 19 -5 
-18 -7 17 8 14 12 -15 -18 7 -14 -18 15 7 5 20 12 2 7 20 17 
-17 18 1 -14 -18 19 -13 5 15 -7 2 -9 17 19 3 17 5 -11 4 16 
-9 10 15 -13 19 -5 -18 -18 -7 17 16 15 -7 6 1 20 8 5 -17 12 
1 10 -11 14 1 -13 19 6 15 3 -14 10 10 5 -14 14 10 2 -15 5 
16 -2 -8 20 17 3 7 1 -18 2 -16 0 -2 -14 4 17 3 10 6 18 
54
1
6 13
13 6
0
0
