20 20
-9 16 -26 6 5 20 16 25 7 0 10 20 2 14 -23 21 23 4 23 -5 
18 0 -21 -21 24 9 15 3 17 27 10 7 5 15 26 13 -19 21 25 23 
14 19 18 4 11 8 7 20 14 -22 17 3 -4 -14 20 20 -7 26 21 -12 
5 10 13 3 10 15 2 0 18 15 3 4 21 13 8 -23 19 -16 13 -11 
21 15 21 0 26 -22 24 0 -8 13 3 18 26 -22 -27 8 22 -18 -4 25 
14 25 11 11 -12 26 15 -13 9 -9 4 21 -6 15 4 20 10 -8 18 8 
23 2 11 19 17 5 18 -9 0 24 26 12 15 -17 20 -14 8 13 1 17 
6 14 27 17 12 -2 17 25 27 17 3 24 17 -9 8 23 10 14 -6 26 
20 22 -14 -6 4 25 14 -26 19 22 8 10 12 19 11 -11 -24 27 7 16 
16 -8 -27 -5 -14 20 20 1 6 13 -8 -24 -24 -14 11 4 26 4 22 20 
20 22 4 26 4 11 -14 -24 -24 -8 13 6 1 20 20 -14 -5 -27 -8 16 
16 7 27 -24 -11 11 19 12 10 8 22 19 -26 14 25 4 -6 -14 22 20 
26 -6 14 10 23 8 -9 17 24 3 17 27 25 17 -2 12 17 27 14 6 
17 1 13 8 -14 20 -17 15 12 26 24 0 -9 18 5 17 19 11 2 23 
8 18 -8 10 20 4 15 -6 21 4 -9 9 -13 15 26 -12 11 11 25 14 
25 -4 -18 22 8 -27 -22 26 18 3 13 -8 0 24 -22 26 0 21 15 21 
-11 13 -16 19 -23 8 13 21 4 3 15 18 0 2 15 10 3 13 10 5 
-12 21 26 -7 20 20 -14 -4 3 17 -22 14 20 7 8 11 4 18 19 14 
23 25 21 -19 13 26 15 5 7 10 27 17 3 15 9 24 -21 -21 0 18 
-5 23 4 23 21 -23 14 2 20 10 0 7 25 16 20 5 6 -26 16 -9 
68
1
7 15
12 4
0
0
