20 20
21 -24 22 -5 21 8 18 -8 11 21 2 17 9 -18 20 -4 -14 6 11 14 
2 -13 0 -11 11 20 5 20 -16 24 17 -7 13 14 -24 22 17 6 24 17 
1 8 23 17 21 1 14 19 -13 2 -1 0 -18 13 22 22 6 -22 12 3 
11 16 8 19 0 15 7 -20 19 24 13 -11 3 -1 21 13 -12 15 13 -19 
16 5 9 1 11 24 11 20 21 11 19 -22 -5 21 24 7 0 22 -17 5 
1 0 -17 3 12 7 -15 11 1 5 22 17 21 21 10 -9 6 16 4 -14 
20 -17 24 17 -11 7 5 -4 5 16 0 5 12 1 -19 18 11 17 6 11 
15 20 -19 3 2 12 -12 24 -10 8 10 15 -14 9 -3 -13 18 3 24 7 
19 0 12 11 13 24 8 24 -3 11 6 9 3 15 6 20 19 13 6 11 
15 -23 24 3 7 19 18 16 23 -3 20 23 23 10 17 -16 -21 18 9 9 
9 9 18 -21 -16 17 10 23 23 20 -3 23 16 18 19 7 3 24 -23 15 
11 6 13 19 20 6 15 3 9 6 11 -3 24 8 24 13 11 12 0 19 
7 24 3 18 -13 -3 9 -14 15 10 8 -10 24 -12 12 2 3 -19 20 15 
11 6 17 11 18 -19 1 12 5 0 16 5 -4 5 7 -11 17 24 -17 20 
-14 4 16 6 -9 10 21 21 17 22 5 1 11 -15 7 12 3 -17 0 1 
5 -17 22 0 7 24 21 -5 -22 19 11 21 20 11 24 11 1 9 5 16 
-19 13 15 -12 13 21 -1 3 -11 13 24 19 -20 7 15 0 19 8 16 11 
3 12 -22 6 22 22 13 -18 0 -1 2 -13 19 14 1 21 17 23 8 1 
17 24 6 17 22 -24 14 13 -7 17 24 -16 20 5 20 11 -11 0 -13 2 
14 11 6 -14 -4 20 -18 9 17 2 21 11 -8 18 8 21 -5 22 -24 21 
71
1
5 6
14 13
0
0
