20 20
9 11 -6 1 10 9 10 4 11 0 17 15 9 4 10 -11 -7 4 3 -10 
3 6 5 9 1 6 6 -15 -8 8 11 13 1 16 1 -3 1 -10 16 8 
14 -11 13 9 -3 9 15 12 13 15 1 11 17 5 7 -1 1 5 1 5 
8 14 4 7 4 -15 9 6 11 -13 11 16 -8 3 8 -3 12 2 3 16 
5 6 -14 6 2 -5 9 15 -6 -5 14 8 15 16 3 -2 -11 -15 5 -12 
1 -11 0 9 -10 -6 2 10 4 13 10 -4 16 12 0 -15 6 14 17 -2 
4 -8 -14 -3 16 8 4 7 16 -3 1 1 7 3 5 15 5 7 7 7 
9 8 3 14 -16 -8 9 -11 17 8 16 13 1 -9 12 1 16 5 -2 16 
4 -1 5 11 14 11 -16 -10 10 -17 -11 9 15 -14 -10 -10 14 3 11 3 
-13 15 -1 9 11 1 -1 2 1 7 3 4 -8 -13 -11 -2 0 -10 1 4 
4 1 -10 0 -2 -11 -13 -8 4 3 7 1 2 -1 1 11 9 -1 15 -13 
3 11 3 14 -10 -10 -14 15 9 -11 -17 10 -10 -16 11 14 11 5 -1 4 
16 -2 5 16 1 12 -9 1 13 16 8 17 -11 9 -8 -16 14 3 8 9 
7 7 7 5 15 5 3 7 1 1 -3 16 7 4 8 16 -3 -14 -8 4 
-2 17 14 6 -15 0 12 16 -4 10 13 4 10 2 -6 -10 9 0 -11 1 
-12 5 -15 -11 -2 3 16 15 8 14 -5 -6 15 9 -5 2 6 -14 6 5 
16 3 2 12 -3 8 3 -8 16 11 -13 11 6 9 -15 4 7 4 14 8 
5 1 5 1 -1 7 5 17 11 1 15 13 12 15 9 -3 9 13 -11 14 
8 16 -10 1 -3 1 16 1 13 11 8 -8 -15 6 6 1 9 5 6 3 
-10 3 4 -7 -11 10 4 9 15 17 0 11 4 10 9 10 1 -6 11 9 
46
1
2 14
17 5
0
0
