20 20
5 20 11 29 4 6 11 15 -8 -13 6 -30 27 -22 16 -13 13 6 24 11 
25 6 30 13 -26 20 -16 0 18 24 5 -27 1 27 0 -25 21 15 28 3 
8 22 8 -6 10 2 15 14 2 -3 -11 -4 -27 14 23 27 -27 1 15 2 
20 20 6 9 8 17 3 -17 -15 17 4 2 -14 11 3 29 -10 25 -25 -14 
10 16 4 -17 1 9 -23 4 20 -21 -20 3 29 -1 0 30 29 14 -16 -3 
15 3 18 15 -21 -15 20 23 3 -28 18 5 13 30 18 16 9 11 -28 15 
8 7 -13 29 -7 3 14 10 10 30 -14 13 -5 28 22 7 11 -6 -6 23 
9 7 24 -12 -6 21 10 16 29 -17 12 -27 20 -22 27 -21 -26 -4 12 -25 
21 25 7 3 -22 2 5 14 -6 13 29 3 19 -20 -23 15 10 16 2 30 
15 -8 15 -19 -7 25 -1 19 12 4 10 1 -17 18 10 -22 23 -28 7 -11 
-11 7 -28 23 -22 10 18 -17 1 10 4 12 19 -1 25 -7 -19 15 -8 15 
30 2 16 10 15 -23 -20 19 3 29 13 -6 14 5 2 -22 3 7 25 21 
-25 12 -4 -26 -21 27 -22 20 -27 12 -17 29 16 10 21 -6 -12 24 7 9 
23 -6 -6 11 7 22 28 -5 13 -14 30 10 10 14 3 -7 29 -13 7 8 
15 -28 11 9 16 18 30 13 5 18 -28 3 23 20 -15 -21 15 18 3 15 
-3 -16 14 29 30 0 -1 29 3 -20 -21 20 4 -23 9 1 -17 4 16 10 
-14 -25 25 -10 29 3 11 -14 2 4 17 -15 -17 3 17 8 9 6 20 20 
2 15 1 -27 27 23 14 -27 -4 -11 -3 2 14 15 2 10 -6 8 22 8 
3 28 15 21 -25 0 27 1 -27 5 24 18 0 -16 20 -26 13 30 6 25 
11 24 6 13 -13 16 -22 27 -30 6 -13 -8 15 11 6 4 29 11 20 5 
114
1
2 19
17 0
0
0
