20 20
7 -11 3 13 4 7 9 6 9 12 13 -6 13 -1 0 3 2 0 -13 3 
1 5 14 2 12 2 7 0 12 12 10 9 11 1 -11 13 6 11 6 -9 
-8 13 -4 -2 7 -11 -2 8 14 1 7 8 -11 -3 5 6 10 5 8 11 
1 4 14 8 -2 8 3 -12 6 6 6 7 -14 10 8 8 3 14 7 13 
9 10 14 -8 9 1 -12 -2 -11 0 14 -10 2 3 12 -8 14 10 14 -9 
10 11 5 6 -11 9 -4 2 14 -3 -13 14 5 3 1 -2 8 13 6 -13 
-8 11 6 4 -11 -11 14 7 -9 11 12 5 2 4 -12 14 1 5 12 1 
13 -10 10 7 -4 14 5 8 10 14 12 12 11 1 5 -13 0 12 -5 -3 
5 10 7 10 4 6 3 6 11 6 2 11 13 11 8 10 0 6 8 3 
2 -12 -12 11 1 2 2 8 12 -9 14 6 14 14 3 8 -13 13 5 2 
2 5 13 -13 8 3 14 14 6 14 -9 12 8 2 2 1 11 -12 -12 2 
3 8 6 0 10 8 11 13 11 2 6 11 6 3 6 4 10 7 10 5 
-3 -5 12 0 -13 5 1 11 12 12 14 10 8 5 14 -4 7 10 -10 13 
1 12 5 1 14 -12 4 2 5 12 11 -9 7 14 -11 -11 4 6 11 -8 
-13 6 13 8 -2 1 3 5 14 -13 -3 14 2 -4 9 -11 6 5 11 10 
-9 14 10 14 -8 12 3 2 -10 14 0 -11 -2 -12 1 9 -8 14 10 9 
13 7 14 3 8 8 10 -14 7 6 6 6 -12 3 8 -2 8 14 4 1 
11 8 5 10 6 5 -3 -11 8 7 1 14 8 -2 -11 7 -2 -4 13 -8 
-9 6 11 6 13 -11 1 11 9 10 12 12 0 7 2 12 2 14 5 1 
3 -13 0 2 3 0 -1 13 -6 13 12 9 6 9 7 4 13 3 -11 7 
77
1
17 6
2 13
0
0
