20 20
7 0 15 1 5 -18 9 2 15 -9 13 18 -1 -4 16 1 15 -4 10 10 
11 11 -15 1 18 13 1 9 9 0 11 7 4 13 5 18 11 1 1 12 
16 11 -17 3 16 5 12 13 14 4 0 4 12 9 11 9 14 -10 9 -5 
14 5 8 3 16 1 -6 14 1 13 11 6 13 17 10 18 -6 3 11 10 
8 -5 2 9 8 8 -10 3 6 13 5 4 18 3 6 -7 16 -9 -17 16 
-2 11 -5 -11 -9 7 -6 17 13 18 7 17 10 0 -9 5 7 -1 5 7 
9 12 -17 5 16 18 10 7 1 5 17 13 15 0 -8 -5 10 3 0 -12 
-13 10 5 7 -1 15 13 11 18 15 1 13 9 6 12 7 4 -9 -11 7 
2 4 -10 -14 14 9 7 6 17 -8 -5 -10 18 5 15 11 5 11 -6 18 
13 1 -9 10 -5 -1 16 17 6 11 14 15 17 15 5 6 16 -16 14 -15 
-15 14 -16 16 6 5 15 17 15 14 11 6 17 16 -1 -5 10 -9 1 13 
18 -6 11 5 11 15 5 18 -10 -5 -8 17 6 7 9 14 -14 -10 4 2 
7 -11 -9 4 7 12 6 9 13 1 15 18 11 13 15 -1 7 5 10 -13 
-12 0 3 10 -5 -8 0 15 13 17 5 1 7 10 18 16 5 -17 12 9 
7 5 -1 7 5 -9 0 10 17 7 18 13 17 -6 7 -9 -11 -5 11 -2 
16 -17 -9 16 -7 6 3 18 4 5 13 6 3 -10 8 8 9 2 -5 8 
10 11 3 -6 18 10 17 13 6 11 13 1 14 -6 1 16 3 8 5 14 
-5 9 -10 14 9 11 9 12 4 0 4 14 13 12 5 16 3 -17 11 16 
12 1 1 11 18 5 13 4 7 11 0 9 9 1 13 18 1 -15 11 11 
10 10 -4 15 1 16 -4 -1 18 13 -9 15 2 9 -18 5 1 15 0 7 
89
1
15 14
4 5
0
0
