20 20
17 5 -1 5 12 -16 12 17 4 -1 -21 19 -1 12 11 -8 12 19 0 0 
5 -15 13 11 4 2 10 6 16 15 17 -20 22 20 5 20 20 3 8 16 
-7 4 10 -16 8 4 17 19 3 0 3 4 -6 7 -5 -12 -5 5 11 14 
15 11 14 -2 -22 18 -11 13 13 13 -1 16 13 4 7 17 11 7 -10 2 
11 20 10 0 11 -22 -12 16 21 3 -17 12 1 18 9 -10 -10 13 2 -9 
19 15 13 14 5 -8 20 -2 9 5 22 -7 7 -7 20 -8 -11 15 3 12 
12 -11 -7 4 17 12 5 -9 4 16 5 -6 16 13 18 3 -4 11 16 6 
16 -8 15 14 1 -15 -17 18 22 -18 0 -3 14 -21 12 13 7 -13 11 11 
11 4 -8 12 21 10 8 21 12 6 -6 17 -17 17 18 10 0 7 -14 14 
12 10 13 16 16 -3 8 8 11 9 12 16 0 -2 14 21 5 15 0 -5 
-5 0 15 5 21 14 -2 0 16 12 9 11 8 8 -3 16 16 13 10 12 
14 -14 7 0 10 18 17 -17 17 -6 6 12 21 8 10 21 12 -8 4 11 
11 11 -13 7 13 12 -21 14 -3 0 -18 22 18 -17 -15 1 14 15 -8 16 
6 16 11 -4 3 18 13 16 -6 5 16 4 -9 5 12 17 4 -7 -11 12 
12 3 15 -11 -8 20 -7 7 -7 22 5 9 -2 20 -8 5 14 13 15 19 
-9 2 13 -10 -10 9 18 1 12 -17 3 21 16 -12 -22 11 0 10 20 11 
2 -10 7 11 17 7 4 13 16 -1 13 13 13 -11 18 -22 -2 14 11 15 
14 11 5 -5 -12 -5 7 -6 4 3 0 3 19 17 4 8 -16 10 4 -7 
16 8 3 20 20 5 20 22 -20 17 15 16 6 10 2 4 11 13 -15 5 
0 0 19 12 -8 11 12 -1 19 -21 -1 4 17 12 -16 12 5 -1 5 17 
173
1
5 18
14 1
0
0
