20 20
20 -14 14 -11 20 18 10 20 1 5 10 -13 11 -16 8 11 4 1 16 4 
-14 17 -10 17 17 11 5 -13 0 18 17 -10 21 15 1 17 1 17 0 -9 
-11 -8 11 8 3 4 -8 -4 18 14 21 -10 6 -17 -2 -7 6 5 -10 20 
7 -10 -17 18 13 2 10 0 20 20 -9 4 6 12 -2 19 13 13 13 2 
16 10 21 20 -9 13 7 8 1 19 17 7 -3 16 8 -16 -3 12 12 2 
11 1 2 12 0 9 -4 -13 9 16 -6 -5 -3 3 -6 -7 12 18 9 20 
2 16 8 18 -17 8 10 17 6 17 16 -1 20 21 3 -5 8 -14 4 8 
13 9 15 12 -20 14 16 14 -6 8 5 11 12 8 15 15 10 -3 17 -11 
18 0 8 11 21 20 12 7 17 2 3 0 18 19 21 15 12 10 20 11 
21 3 5 -1 7 8 -16 3 14 6 14 5 19 16 9 -6 18 -3 21 12 
12 21 -3 18 -6 9 16 19 5 14 6 14 3 -16 8 7 -1 5 3 21 
11 20 10 12 15 21 19 18 0 3 2 17 7 12 20 21 11 8 0 18 
-11 17 -3 10 15 15 8 12 11 5 8 -6 14 16 14 -20 12 15 9 13 
8 4 -14 8 -5 3 21 20 -1 16 17 6 17 10 8 -17 18 8 16 2 
20 9 18 12 -7 -6 3 -3 -5 -6 16 9 -13 -4 9 0 12 2 1 11 
2 12 12 -3 -16 8 16 -3 7 17 19 1 8 7 13 -9 20 21 10 16 
2 13 13 13 19 -2 12 6 4 -9 20 20 0 10 2 13 18 -17 -10 7 
20 -10 5 6 -7 -2 -17 6 -10 21 14 18 -4 -8 4 3 8 11 -8 -11 
-9 0 17 1 17 1 15 21 -10 17 18 0 -13 5 11 17 17 -10 17 -14 
4 16 1 4 11 8 -16 11 -13 10 5 1 20 10 18 20 -11 14 -14 20 
50
1
5 9
14 10
0
0
