20 20
2 3 -16 9 18 17 11 15 6 9 17 6 11 3 12 11 12 19 11 -2 
17 4 -7 6 1 -19 -17 1 15 11 9 7 18 8 13 13 6 4 19 17 
4 19 6 1 19 9 18 9 12 7 15 17 -8 13 0 7 14 2 10 -12 
-14 10 3 9 -14 15 10 19 19 8 7 -16 -4 3 -18 19 12 18 4 3 
-7 6 -2 -8 13 12 16 -1 1 15 2 11 -9 6 -9 12 3 17 17 18 
-19 -6 8 12 11 15 13 13 18 -2 5 15 14 15 -17 11 3 7 10 3 
5 13 6 1 7 -4 0 -13 4 -6 -14 6 11 6 16 17 19 0 1 7 
18 2 -4 1 13 19 4 4 14 -17 15 14 -11 12 11 6 14 13 4 -5 
-18 3 10 -9 -8 3 8 5 13 12 8 13 1 13 6 7 -17 -5 16 16 
2 3 -1 14 10 14 2 11 9 16 2 0 18 17 3 -6 2 -19 -16 16 
16 -16 -19 2 -6 3 17 18 0 2 16 9 11 2 14 10 14 -1 3 2 
16 16 -5 -17 7 6 13 1 13 8 12 13 5 8 3 -8 -9 10 3 -18 
-5 4 13 14 6 11 12 -11 14 15 -17 14 4 4 19 13 1 -4 2 18 
7 1 0 19 17 16 6 11 6 -14 -6 4 -13 0 -4 7 1 6 13 5 
3 10 7 3 11 -17 15 14 15 5 -2 18 13 13 15 11 12 8 -6 -19 
18 17 17 3 12 -9 6 -9 11 2 15 1 -1 16 12 13 -8 -2 6 -7 
3 4 18 12 19 -18 3 -4 -16 7 8 19 19 10 15 -14 9 3 10 -14 
-12 10 2 14 7 0 13 -8 17 15 7 12 9 18 9 19 1 6 19 4 
17 19 4 6 13 13 8 18 7 9 11 15 1 -17 -19 1 6 -7 4 17 
-2 11 19 12 11 12 3 11 6 17 9 6 15 11 17 18 9 -16 3 2 
30
1
6 3
13 16
0
0
