20 20
4 -15 9 13 -5 9 2 5 -14 4 17 16 2 15 16 9 9 10 8 -1 
-11 -6 8 6 17 8 -17 14 16 9 4 -8 0 14 12 -14 -2 -14 15 2 
10 8 6 -5 16 10 9 -10 16 14 -7 5 -9 15 8 -15 -11 12 0 8 
7 4 6 11 11 15 17 15 6 -9 12 -17 7 -8 12 5 2 -5 12 11 
3 -1 8 14 4 5 7 -14 0 17 13 1 11 -1 -3 4 14 17 4 2 
6 3 2 9 -8 -10 5 -5 2 11 -15 6 16 16 3 13 4 11 -13 14 
6 -5 9 -15 6 4 7 15 9 -5 13 8 3 15 6 -7 14 12 6 5 
6 -17 4 15 10 11 -2 8 2 16 -15 0 -8 11 12 9 -13 15 17 4 
-2 -7 5 -2 17 16 -4 -9 15 4 -15 -13 -13 16 7 5 4 15 -7 5 
16 0 5 15 -5 -17 12 17 15 9 6 13 -2 9 3 -1 -12 16 10 14 
14 10 16 -12 -1 3 9 -2 13 6 9 15 17 12 -17 -5 15 5 0 16 
5 -7 15 4 5 7 16 -13 -13 -15 4 15 -9 -4 16 17 -2 5 -7 -2 
4 17 15 -13 9 12 11 -8 0 -15 16 2 8 -2 11 10 15 4 -17 6 
5 6 12 14 -7 6 15 3 8 13 -5 9 15 7 4 6 -15 9 -5 6 
14 -13 11 4 13 3 16 16 6 -15 11 2 -5 5 -10 -8 9 2 3 6 
2 4 17 14 4 -3 -1 11 1 13 17 0 -14 7 5 4 14 8 -1 3 
11 12 -5 2 5 12 -8 7 -17 12 -9 6 15 17 15 11 11 6 4 7 
8 0 12 -11 -15 8 15 -9 5 -7 14 16 -10 9 10 16 -5 6 8 10 
2 15 -14 -2 -14 12 14 0 -8 4 9 16 14 -17 8 17 6 8 -6 -11 
-1 8 10 9 9 16 15 2 16 17 4 -14 5 2 9 -5 13 9 -15 4 
70
1
4 0
15 19
0
0
