20 20
9 -5 5 -11 -11 5 2 6 10 -2 8 8 4 4 0 5 10 4 2 3 
2 8 2 2 10 4 10 3 5 0 4 9 3 2 1 11 0 2 11 7 
4 6 11 -1 3 4 5 11 7 5 8 0 9 -3 -10 9 6 -6 -5 7 
4 11 11 -2 -11 10 11 8 -1 1 -4 -4 11 1 10 9 9 8 -3 1 
5 6 6 4 3 -2 4 7 11 2 7 11 9 2 7 3 1 9 5 -2 
4 -10 10 11 6 -3 7 8 -10 5 6 7 -3 10 1 -3 -1 9 3 6 
9 -6 -11 6 -9 3 1 4 9 8 11 4 3 4 8 1 2 -9 -6 -4 
11 -9 -8 8 -6 9 6 4 6 9 3 0 3 11 3 -7 2 3 -9 -6 
3 8 11 -5 0 4 6 2 11 -5 5 0 3 6 7 -11 11 -11 -3 4 
1 3 3 2 5 1 6 -1 4 6 11 -3 -9 6 6 9 -10 1 9 2 
2 9 1 -10 9 6 6 -9 -3 11 6 4 -1 6 1 5 2 3 3 1 
4 -3 -11 11 -11 7 6 3 0 5 -5 11 2 6 4 0 -5 11 8 3 
-6 -9 3 2 -7 3 11 3 0 3 9 6 4 6 9 -6 8 -8 -9 11 
-4 -6 -9 2 1 8 4 3 4 11 8 9 4 1 3 -9 6 -11 -6 9 
6 3 9 -1 -3 1 10 -3 7 6 5 -10 8 7 -3 6 11 10 -10 4 
-2 5 9 1 3 7 2 9 11 7 2 11 7 4 -2 3 4 6 6 5 
1 -3 8 9 9 10 1 11 -4 -4 1 -1 8 11 10 -11 -2 11 11 4 
7 -5 -6 6 9 -10 -3 9 0 8 5 7 11 5 4 3 -1 11 6 4 
7 11 2 0 11 1 2 3 9 4 0 5 3 10 4 10 2 2 8 2 
3 2 4 10 5 0 4 4 8 8 -2 10 6 2 5 -11 -11 5 -5 9 
61
1
13 3
6 16
0
0
