20 20
5 19 14 17 18 4 -16 -1 -4 0 -16 13 12 -4 8 8 25 6 -27 12 
16 -22 23 -25 27 21 10 5 22 8 11 25 2 18 19 20 17 27 25 13 
9 1 25 6 8 6 1 -20 -23 19 -25 16 10 0 4 26 13 5 22 24 
17 -20 18 3 -9 -17 24 16 -26 11 0 8 23 3 18 17 3 27 22 11 
26 -1 11 7 22 15 27 15 13 -11 16 6 22 -22 10 -15 2 22 -26 3 
-21 -26 12 21 4 27 21 10 24 22 12 -6 21 -1 23 25 3 23 17 19 
24 -16 19 16 10 -21 3 8 19 11 -19 23 8 2 -8 24 12 -22 24 6 
22 3 17 5 9 -9 -4 10 22 16 13 6 22 19 9 10 21 -26 -22 7 
9 15 8 17 4 -24 4 1 18 3 13 15 27 -18 2 -22 14 25 0 19 
-5 21 11 27 14 7 10 8 7 14 21 -20 22 15 9 17 -26 5 17 27 
27 17 5 -26 17 9 15 22 -20 21 14 7 8 10 7 14 27 11 21 -5 
19 0 25 14 -22 2 -18 27 15 13 3 18 1 4 -24 4 17 8 15 9 
7 -22 -26 21 10 9 19 22 6 13 16 22 10 -4 -9 9 5 17 3 22 
6 24 -22 12 24 -8 2 8 23 -19 11 19 8 3 -21 10 16 19 -16 24 
19 17 23 3 25 23 -1 21 -6 12 22 24 10 21 27 4 21 12 -26 -21 
3 -26 22 2 -15 10 -22 22 6 16 -11 13 15 27 15 22 7 11 -1 26 
11 22 27 3 17 18 3 23 8 0 11 -26 16 24 -17 -9 3 18 -20 17 
24 22 5 13 26 4 0 10 16 -25 19 -23 -20 1 6 8 6 25 1 9 
13 25 27 17 20 19 18 2 25 11 8 22 5 10 21 27 -25 23 -22 16 
12 -27 6 25 8 8 -4 12 13 -16 0 -4 -1 -16 4 18 17 14 19 5 
40
1
11 14
8 5
0
0
