20 20
-12 -8 5 3 11 10 -10 -11 2 4 2 5 12 5 -5 -9 -3 -6 -1 4 
9 10 10 -10 12 12 -5 -9 2 -2 -4 6 -7 1 2 4 -3 -9 11 -10 
-9 5 -12 -11 3 -6 12 12 0 9 11 10 8 -3 10 -3 -9 -12 5 -12 
2 3 7 -8 7 12 -4 4 5 1 1 12 10 3 -8 11 5 3 9 12 
3 7 11 1 5 0 3 5 3 12 9 -2 -12 -11 11 -1 10 -9 1 -10 
6 -9 -9 12 -5 9 7 3 9 12 11 2 7 10 -10 7 10 8 3 5 
3 2 3 6 -4 -9 1 -6 6 10 1 7 4 6 -8 8 -9 2 2 0 
-6 -3 -4 -7 -1 8 8 4 0 8 -4 12 -9 9 1 -11 0 9 12 6 
3 6 4 6 11 4 9 7 10 -11 11 -10 0 3 10 -7 10 0 -10 10 
6 10 10 1 9 0 -6 11 3 -2 -1 -12 5 -5 10 -2 4 6 5 8 
8 5 6 4 -2 10 -5 5 -12 -1 -2 3 11 -6 0 9 1 10 10 6 
10 -10 0 10 -7 10 3 0 -10 11 -11 10 7 9 4 11 6 4 6 3 
6 12 9 0 -11 1 9 -9 12 -4 8 0 4 8 8 -1 -7 -4 -3 -6 
0 2 2 -9 8 -8 6 4 7 1 10 6 -6 1 -9 -4 6 3 2 3 
5 3 8 10 7 -10 10 7 2 11 12 9 3 7 9 -5 12 -9 -9 6 
-10 1 -9 10 -1 11 -11 -12 -2 9 12 3 5 3 0 5 1 11 7 3 
12 9 3 5 11 -8 3 10 12 1 1 5 4 -4 12 7 -8 7 3 2 
-12 5 -12 -9 -3 10 -3 8 10 11 9 0 12 12 -6 3 -11 -12 5 -9 
-10 11 -9 -3 4 2 1 -7 6 -4 -2 2 -9 -5 12 12 -10 10 10 9 
4 -1 -6 -3 -9 -5 5 12 5 2 4 2 -11 -10 10 11 3 5 -8 -12 
111
1
1 14
18 5
0
0
