20 20
1 4 22 -24 15 20 14 12 19 12 6 23 5 -16 10 25 1 5 -3 11 
8 22 19 21 20 -7 19 13 19 18 6 -10 -20 -9 14 23 9 16 12 3 
13 20 20 24 -11 21 11 -10 4 7 1 4 14 21 11 24 10 11 22 -3 
21 14 6 4 21 9 -24 19 13 8 17 3 5 4 12 -21 0 19 16 -18 
23 26 19 -10 21 20 6 11 10 -25 6 25 10 -26 26 9 16 21 20 9 
7 11 0 -12 24 24 22 7 16 12 25 -10 26 0 8 8 6 -25 -12 -9 
-7 -16 21 12 18 -16 21 -13 1 11 11 -19 1 14 10 11 -26 -11 -4 -23 
8 1 17 8 15 -10 14 -4 18 11 22 26 2 25 -16 -20 6 -11 25 12 
23 12 -4 -13 15 -20 -12 19 7 -20 22 19 23 -2 10 9 -16 -21 17 26 
20 2 -3 -21 -1 -7 18 26 5 5 -5 -25 -11 17 3 18 1 23 3 -16 
-16 3 23 1 18 3 17 -11 -25 -5 5 5 26 18 -7 -1 -21 -3 2 20 
26 17 -21 -16 9 10 -2 23 19 22 -20 7 19 -12 -20 15 -13 -4 12 23 
12 25 -11 6 -20 -16 25 2 26 22 11 18 -4 14 -10 15 8 17 1 8 
-23 -4 -11 -26 11 10 14 1 -19 11 11 1 -13 21 -16 18 12 21 -16 -7 
-9 -12 -25 6 8 8 0 26 -10 25 12 16 7 22 24 24 -12 0 11 7 
9 20 21 16 9 26 -26 10 25 6 -25 10 11 6 20 21 -10 19 26 23 
-18 16 19 0 -21 12 4 5 3 17 8 13 19 -24 9 21 4 6 14 21 
-3 22 11 10 24 11 21 14 4 1 7 4 -10 11 21 -11 24 20 20 13 
3 12 16 9 23 14 -9 -20 -10 6 18 19 13 19 -7 20 21 19 22 8 
11 -3 5 1 25 10 -16 5 23 6 12 19 12 14 20 15 -24 22 4 1 
72
1
10 12
9 7
0
0
