20 20
16 7 -17 9 2 6 19 10 -23 6 23 -26 11 -6 3 -26 9 19 -23 11 
10 -28 17 1 4 -2 1 -26 24 7 -15 -12 -1 -8 -11 14 1 13 -5 11 
16 3 -25 13 -19 13 11 26 28 19 12 13 6 -23 5 11 -9 13 22 24 
8 28 3 24 19 18 22 10 -22 28 14 19 18 6 16 -3 -23 18 23 22 
28 -2 4 9 -3 11 13 5 -9 -8 -14 28 -10 -25 19 16 4 -25 -20 24 
3 -6 2 -18 18 21 -19 20 6 26 26 10 12 19 9 16 6 26 1 26 
13 20 3 -7 11 24 -28 6 12 -23 12 -11 12 2 1 17 -19 19 11 27 
12 2 -23 28 6 -20 23 27 2 9 -25 20 21 -21 1 13 16 6 13 2 
14 -1 10 14 -11 -19 2 -24 7 -25 -6 6 19 -27 -10 0 10 24 18 25 
8 5 16 11 17 -21 27 -25 -15 3 12 16 -20 23 3 7 10 8 20 -19 
-19 20 8 10 7 3 23 -20 16 12 3 -15 -25 27 -21 17 11 16 5 8 
25 18 24 10 0 -10 -27 19 6 -6 -25 7 -24 2 -19 -11 14 10 -1 14 
2 13 6 16 13 1 -21 21 20 -25 9 2 27 23 -20 6 28 -23 2 12 
27 11 19 -19 17 1 2 12 -11 12 -23 12 6 -28 24 11 -7 3 20 13 
26 1 26 6 16 9 19 12 10 26 26 6 20 -19 21 18 -18 2 -6 3 
24 -20 -25 4 16 19 -25 -10 28 -14 -8 -9 5 13 11 -3 9 4 -2 28 
22 23 18 -23 -3 16 6 18 19 14 28 -22 10 22 18 19 24 3 28 8 
24 22 13 -9 11 5 -23 6 13 12 19 28 26 11 13 -19 13 -25 3 16 
11 -5 13 1 14 -11 -8 -1 -12 -15 7 24 -26 1 -2 4 1 17 -28 10 
11 -23 19 9 -26 3 -6 11 -26 23 6 -23 10 19 6 2 9 -17 7 16 
36
1
3 10
16 9
0
0
