20 20
10 4 0 8 14 8 1 3 11 3 13 16 -14 10 11 1 12 0 -16 14 
4 10 -12 16 14 -7 -15 -7 13 7 16 13 11 8 17 6 -4 5 15 13 
-4 14 1 4 3 13 7 5 7 11 8 -8 1 2 14 2 3 6 -2 2 
15 0 13 8 -2 -14 1 13 8 -10 8 4 10 16 7 13 7 2 9 -15 
15 3 13 7 8 11 10 3 13 10 4 -15 10 12 15 2 1 12 13 12 
9 -2 13 17 17 1 1 14 -15 7 5 1 -14 4 15 5 10 13 1 13 
-10 4 -14 14 3 17 9 17 17 12 3 15 16 2 -13 10 11 0 -8 13 
-1 10 -7 -3 17 7 14 1 11 -14 10 -13 16 5 -15 1 8 14 -10 4 
7 13 -9 15 12 -1 0 1 -16 8 -13 6 16 17 13 8 4 4 -8 -1 
-8 17 1 11 -10 4 6 1 16 -10 10 8 6 -16 5 2 4 14 4 -13 
-13 4 14 4 2 5 -16 6 8 10 -10 16 1 6 4 -10 11 1 17 -8 
-1 -8 4 4 8 13 17 16 6 -13 8 -16 1 0 -1 12 15 -9 13 7 
4 -10 14 8 1 -15 5 16 -13 10 -14 11 1 14 7 17 -3 -7 10 -1 
13 -8 0 11 10 -13 2 16 15 3 12 17 17 9 17 3 14 -14 4 -10 
13 1 13 10 5 15 4 -14 1 5 7 -15 14 1 1 17 17 13 -2 9 
12 13 12 1 2 15 12 10 -15 4 10 13 3 10 11 8 7 13 3 15 
-15 9 2 7 13 7 16 10 4 8 -10 8 13 1 -14 -2 8 13 0 15 
2 -2 6 3 2 14 2 1 -8 8 11 7 5 7 13 3 4 1 14 -4 
13 15 5 -4 6 17 8 11 13 16 7 13 -7 -15 -7 14 16 -12 10 4 
14 -16 0 12 1 11 10 -14 16 13 3 11 3 1 8 14 8 0 4 10 
52
1
8 13
11 6
0
0
