20 20
1 9 -6 2 -5 -4 -4 -22 28 25 -11 -28 3 12 -27 -19 3 11 -13 -24 
0 -23 2 3 -15 9 -27 1 16 24 0 -11 20 13 -10 -20 7 4 27 1 
4 9 24 19 25 4 -19 -6 -24 10 14 8 22 14 9 26 7 -13 -8 15 
5 25 -25 -12 21 25 19 8 9 2 -28 21 11 6 23 6 25 -21 -9 10 
-22 -8 20 -19 10 25 -17 23 25 2 17 23 21 24 24 15 26 14 20 18 
11 13 5 16 14 6 -6 1 2 28 -6 15 14 13 -18 7 6 8 16 21 
3 25 1 19 -28 5 8 15 19 1 -22 19 -1 4 27 12 27 7 -10 7 
17 -8 14 5 19 6 13 -7 -14 10 26 11 12 8 2 21 -6 -24 7 4 
24 6 0 0 10 -26 14 11 -8 14 14 -16 23 -21 8 6 27 27 -3 13 
6 25 23 17 15 14 26 -16 13 20 2 7 27 19 16 -28 5 26 23 17 
17 23 26 5 -28 16 19 27 7 2 20 13 -16 26 14 15 17 23 25 6 
13 -3 27 27 6 8 -21 23 -16 14 14 -8 11 14 -26 10 0 0 6 24 
4 7 -24 -6 21 2 8 12 11 26 10 -14 -7 13 6 19 5 14 -8 17 
7 -10 7 27 12 27 4 -1 19 -22 1 19 15 8 5 -28 19 1 25 3 
21 16 8 6 7 -18 13 14 15 -6 28 2 1 -6 6 14 16 5 13 11 
18 20 14 26 15 24 24 21 23 17 2 25 23 -17 25 10 -19 20 -8 -22 
10 -9 -21 25 6 23 6 11 21 -28 2 9 8 19 25 21 -12 -25 25 5 
15 -8 -13 7 26 9 14 22 8 14 10 -24 -6 -19 4 25 19 24 9 4 
1 27 4 7 -20 -10 13 20 -11 0 24 16 1 -27 9 -15 3 2 -23 0 
-24 -13 11 3 -19 -27 12 3 -28 -11 25 28 -22 -4 -4 -5 2 -6 9 1 
85
1
15 11
4 8
0
0
