20 20
1 -6 16 13 12 18 6 5 -15 5 -13 5 14 11 18 13 5 13 16 19 
17 -16 20 -18 9 3 -8 1 19 -12 -14 20 2 -4 1 16 4 2 -19 17 
19 -6 12 17 1 13 0 -13 21 9 18 -14 19 9 17 9 -7 -10 -6 3 
-4 20 12 5 2 -21 15 12 9 6 9 1 15 0 14 -5 15 -1 -19 -3 
-14 6 11 5 8 3 5 2 -15 3 11 19 4 4 5 0 -12 -14 -9 13 
17 -13 2 8 7 -1 20 16 7 18 -2 3 -14 2 9 19 -17 17 -15 18 
-9 -17 -13 12 2 4 4 6 -7 -13 -16 21 7 14 -8 15 -21 16 13 2 
8 3 -5 -9 7 18 2 15 5 13 7 -21 9 5 -14 17 11 19 9 13 
14 -21 11 9 15 20 -17 14 -10 17 -11 1 18 4 -5 19 5 12 8 9 
6 8 -19 0 9 6 21 0 7 2 21 20 2 5 1 -9 15 14 -10 7 
7 -10 14 15 -9 1 5 2 20 21 2 7 0 21 6 9 0 -19 8 6 
9 8 12 5 19 -5 4 18 1 -11 17 -10 14 -17 20 15 9 11 -21 14 
13 9 19 11 17 -14 5 9 -21 7 13 5 15 2 18 7 -9 -5 3 8 
2 13 16 -21 15 -8 14 7 21 -16 -13 -7 6 4 4 2 12 -13 -17 -9 
18 -15 17 -17 19 9 2 -14 3 -2 18 7 16 20 -1 7 8 2 -13 17 
13 -9 -14 -12 0 5 4 4 19 11 3 -15 2 5 3 8 5 11 6 -14 
-3 -19 -1 15 -5 14 0 15 1 9 6 9 12 15 -21 2 5 12 20 -4 
3 -6 -10 -7 9 17 9 19 -14 18 9 21 -13 0 13 1 17 12 -6 19 
17 -19 2 4 16 1 -4 2 20 -14 -12 19 1 -8 3 9 -18 20 -16 17 
19 16 13 5 13 18 11 14 5 -13 5 -15 5 6 18 12 13 16 -6 1 
55
1
11 17
8 2
0
0
