20 20
-9 15 16 2 -14 6 15 11 11 20 8 -8 -19 -20 13 16 -10 19 3 11 
14 3 8 12 6 -2 2 5 -7 -19 -12 7 15 3 -9 -2 -9 6 16 -20 
20 3 17 15 18 4 2 4 -1 3 15 -20 -13 6 17 -11 14 1 18 3 
-15 10 -10 7 1 -15 3 3 -9 20 9 -16 -18 -1 19 15 2 16 12 4 
12 12 14 15 8 13 15 18 14 18 12 14 4 9 12 12 13 10 5 11 
19 -20 15 -16 13 4 4 -13 1 10 10 -20 -2 6 -16 6 -8 11 11 -19 
3 11 16 17 -2 4 9 13 4 18 20 13 13 -8 14 9 -9 14 11 19 
19 -14 18 20 7 7 -9 12 18 -16 1 11 2 6 6 1 7 16 8 4 
11 -4 13 12 17 15 -17 11 18 -14 -1 3 19 -2 2 -7 17 4 15 -16 
-11 19 14 4 16 17 10 10 15 -14 -10 5 -12 6 -4 -20 -1 0 16 12 
12 16 0 -1 -20 -4 6 -12 5 -10 -14 15 10 10 17 16 4 14 19 -11 
-16 15 4 17 -7 2 -2 19 3 -1 -14 18 11 -17 15 17 12 13 -4 11 
4 8 16 7 1 6 6 2 11 1 -16 18 12 -9 7 7 20 18 -14 19 
19 11 14 -9 9 14 -8 13 13 20 18 4 13 9 4 -2 17 16 11 3 
-19 11 11 -8 6 -16 6 -2 -20 10 10 1 -13 4 4 13 -16 15 -20 19 
11 5 10 13 12 12 9 4 14 12 18 14 18 15 13 8 15 14 12 12 
4 12 16 2 15 19 -1 -18 -16 9 20 -9 3 3 -15 1 7 -10 10 -15 
3 18 1 14 -11 17 6 -13 -20 15 3 -1 4 2 4 18 15 17 3 20 
-20 16 6 -9 -2 -9 3 15 7 -12 -19 -7 5 2 -2 6 12 8 3 14 
11 3 19 -10 16 13 -20 -19 -8 8 20 11 11 15 6 -14 2 16 15 -9 
182
1
16 17
3 2
0
0
