20 20
10 25 18 -19 16 27 -7 25 -15 14 26 9 15 9 13 -18 14 -7 -12 9 
-1 27 5 26 -22 20 11 6 -5 -20 7 16 18 -12 -24 -2 -6 10 17 10 
-13 16 -3 26 27 -13 21 5 16 -21 20 1 19 9 7 -9 -26 16 -18 10 
13 10 19 8 17 14 14 17 4 17 22 26 9 27 26 9 27 5 1 7 
10 19 -18 -23 22 -2 9 -8 18 12 24 13 -24 -15 -11 25 5 24 18 5 
5 25 12 11 26 -14 26 27 -8 -19 -10 23 18 24 21 19 9 -22 3 -17 
-13 14 -24 20 11 -2 18 8 13 21 15 16 21 17 18 20 23 -3 -11 -16 
10 -24 22 21 -10 -20 16 -9 -18 24 8 -15 6 24 1 -24 6 26 13 14 
27 -14 -13 -22 -25 14 7 1 -4 9 17 -19 4 9 6 0 -19 10 -11 -1 
18 25 5 1 16 24 27 6 -27 -12 3 -11 5 12 3 5 26 7 -27 -27 
-27 -27 7 26 5 3 12 5 -11 3 -12 -27 6 27 24 16 1 5 25 18 
-1 -11 10 -19 0 6 9 4 -19 17 9 -4 1 7 14 -25 -22 -13 -14 27 
14 13 26 6 -24 1 24 6 -15 8 24 -18 -9 16 -20 -10 21 22 -24 10 
-16 -11 -3 23 20 18 17 21 16 15 21 13 8 18 -2 11 20 -24 14 -13 
-17 3 -22 9 19 21 24 18 23 -10 -19 -8 27 26 -14 26 11 12 25 5 
5 18 24 5 25 -11 -15 -24 13 24 12 18 -8 9 -2 22 -23 -18 19 10 
7 1 5 27 9 26 27 9 26 22 17 4 17 14 14 17 8 19 10 13 
10 -18 16 -26 -9 7 9 19 1 20 -21 16 5 21 -13 27 26 -3 16 -13 
10 17 10 -6 -2 -24 -12 18 16 7 -20 -5 6 11 20 -22 26 5 27 -1 
9 -12 -7 14 -18 13 9 15 9 26 14 -15 25 -7 27 16 -19 18 25 10 
30
1
16 10
3 9
0
0
