20 20
14 5 -8 13 11 2 6 -4 8 11 -12 0 8 10 11 12 13 6 5 8 
0 1 -10 3 9 0 -12 16 1 7 8 14 4 12 9 0 11 16 -15 1 
8 4 -13 15 -15 0 7 10 14 15 16 9 7 5 7 0 1 15 -4 -4 
-9 14 -16 2 -4 16 2 15 12 -11 1 8 13 14 1 6 8 5 9 7 
5 11 10 16 9 4 6 -16 -6 6 6 4 12 9 11 11 0 13 0 5 
7 11 -2 3 6 9 1 16 4 9 8 2 11 -6 -16 -14 1 9 3 12 
13 14 2 5 -7 15 -12 14 -3 16 12 15 16 6 6 14 3 9 -13 -5 
1 -6 -9 5 3 14 4 6 -5 3 -2 1 2 -14 11 9 0 8 16 6 
-9 3 12 6 9 14 1 11 14 10 8 -6 14 11 4 14 6 3 5 1 
13 8 2 7 16 11 1 -4 3 8 8 0 7 12 14 5 14 9 3 -3 
-3 3 9 14 5 14 12 7 0 8 8 3 -4 1 11 16 7 2 8 13 
1 5 3 6 14 4 11 14 -6 8 10 14 11 1 14 9 6 12 3 -9 
6 16 8 0 9 11 -14 2 1 -2 3 -5 6 4 14 3 5 -9 -6 1 
-5 -13 9 3 14 6 6 16 15 12 16 -3 14 -12 15 -7 5 2 14 13 
12 3 9 1 -14 -16 -6 11 2 8 9 4 16 1 9 6 3 -2 11 7 
5 0 13 0 11 11 9 12 4 6 6 -6 -16 6 4 9 16 10 11 5 
7 9 5 8 6 1 14 13 8 1 -11 12 15 2 16 -4 2 -16 14 -9 
-4 -4 15 1 0 7 5 7 9 16 15 14 10 7 0 -15 15 -13 4 8 
1 -15 16 11 0 9 12 4 14 8 7 1 16 -12 0 9 3 -10 1 0 
8 5 6 13 12 11 10 8 0 -12 11 8 -4 6 2 11 13 -8 5 14 
97
1
4 2
15 17
0
0
