20 20
3 8 11 5 1 5 3 2 4 4 5 3 5 4 3 5 2 11 7 6 
11 8 9 -8 8 11 8 8 10 9 -4 -8 7 -3 -9 2 3 6 7 -9 
-10 10 4 4 5 9 1 -10 3 10 8 2 -6 -4 4 10 3 -5 0 7 
11 8 3 -6 8 3 10 8 -4 11 -6 5 9 2 10 7 -4 4 3 0 
7 2 2 6 2 8 1 -6 5 -7 9 -4 4 0 2 4 5 11 8 11 
-4 5 8 1 9 8 -1 -1 6 1 3 1 2 7 10 1 9 7 0 9 
-9 1 3 1 2 -5 0 11 8 11 9 -7 0 5 1 8 3 8 4 8 
9 -2 1 7 4 10 2 3 6 7 -11 10 5 -8 -7 0 -2 7 11 7 
-4 5 10 2 11 10 4 -10 4 -6 7 9 1 11 11 -7 -4 2 -8 -9 
2 6 8 -11 -9 11 1 0 7 3 1 -11 6 10 4 2 7 -1 0 8 
8 0 -1 7 2 4 10 6 -11 1 3 7 0 1 11 -9 -11 8 6 2 
-9 -8 2 -4 -7 11 11 1 9 7 -6 4 -10 4 10 11 2 10 5 -4 
7 11 7 -2 0 -7 -8 5 10 -11 7 6 3 2 10 4 7 1 -2 9 
8 4 8 3 8 1 5 0 -7 9 11 8 11 0 -5 2 1 3 1 -9 
9 0 7 9 1 10 7 2 1 3 1 6 -1 -1 8 9 1 8 5 -4 
11 8 11 5 4 2 0 4 -4 9 -7 5 -6 1 8 2 6 2 2 7 
0 3 4 -4 7 10 2 9 5 -6 11 -4 8 10 3 8 -6 3 8 11 
7 0 -5 3 10 4 -4 -6 2 8 10 3 -10 1 9 5 4 4 10 -10 
-9 7 6 3 2 -9 -3 7 -8 -4 9 10 8 8 11 8 -8 9 8 11 
6 7 11 2 5 3 4 5 3 5 4 4 2 3 5 1 5 11 8 3 
146
1
1 2
18 17
0
0
