20 20
20 2 22 9 16 2 -5 15 0 -2 13 5 5 10 -12 9 15 -2 7 -1 
13 -7 8 -6 -14 19 -7 -15 15 -3 6 8 0 22 4 -13 11 12 -19 21 
3 17 4 8 -14 11 15 0 7 3 17 8 20 8 -18 -12 17 12 2 1 
15 10 -15 -12 -6 8 -17 11 14 -11 2 12 -4 16 -16 -14 -1 0 4 9 
9 -4 -5 21 9 -4 15 7 15 19 12 -3 9 10 -20 19 -3 12 20 -15 
6 19 5 12 18 16 8 5 2 2 22 -21 10 17 -9 7 -20 6 11 22 
-14 14 -7 -13 22 -1 18 14 -22 4 -21 7 7 -5 9 5 13 9 2 -16 
17 21 0 20 22 7 18 0 21 10 15 6 17 2 5 10 -5 4 6 1 
17 15 12 16 -19 13 6 -18 -1 2 10 7 20 -5 8 10 17 7 3 14 
-8 15 -6 16 4 18 12 -4 15 3 12 19 22 10 -2 7 15 3 -16 12 
12 -16 3 15 7 -2 10 22 19 12 3 15 -4 12 18 4 16 -6 15 -8 
14 3 7 17 10 8 -5 20 7 10 2 -1 -18 6 13 -19 16 12 15 17 
1 6 4 -5 10 5 2 17 6 15 10 21 0 18 7 22 20 0 21 17 
-16 2 9 13 5 9 -5 7 7 -21 4 -22 14 18 -1 22 -13 -7 14 -14 
22 11 6 -20 7 -9 17 10 -21 22 2 2 5 8 16 18 12 5 19 6 
-15 20 12 -3 19 -20 10 9 -3 12 19 15 7 15 -4 9 21 -5 -4 9 
9 4 0 -1 -14 -16 16 -4 12 2 -11 14 11 -17 8 -6 -12 -15 10 15 
1 2 12 17 -12 -18 8 20 8 17 3 7 0 15 11 -14 8 4 17 3 
21 -19 12 11 -13 4 22 0 8 6 -3 15 -15 -7 19 -14 -6 8 -7 13 
-1 7 -2 15 9 -12 10 5 5 13 -2 0 15 -5 2 16 9 22 2 20 
95
1
15 5
4 14
0
0
