20 20
6 -11 9 -18 12 9 10 11 -16 19 18 17 15 6 14 10 4 1 19 12 
6 4 11 -11 11 16 18 8 -7 18 -1 6 12 17 19 6 13 2 10 11 
17 19 4 2 13 9 2 -3 18 6 -17 -15 18 4 -9 18 8 -2 18 15 
17 8 -12 2 -2 -1 4 17 -6 9 12 8 8 12 10 9 3 13 3 8 
15 -12 -13 14 2 4 6 12 16 -6 4 0 9 3 -15 15 12 -1 -11 -19 
11 19 -17 2 9 4 19 9 0 6 -6 -9 -13 -18 13 16 2 -9 -19 16 
19 10 9 11 6 13 -1 13 2 14 16 -3 8 4 1 13 8 -9 1 13 
4 8 -10 -15 10 -6 15 12 18 5 9 11 -16 2 6 7 16 4 10 -4 
-12 19 -6 3 -18 6 7 7 6 11 -1 2 2 -13 10 17 10 -5 -9 5 
-2 3 9 -17 -7 2 14 17 17 18 8 11 16 13 11 2 -2 0 5 8 
8 5 0 -2 2 11 13 16 11 8 18 17 17 14 2 -7 -17 9 3 -2 
5 -9 -5 10 17 10 -13 2 2 -1 11 6 7 7 6 -18 3 -6 19 -12 
-4 10 4 16 7 6 2 -16 11 9 5 18 12 15 -6 10 -15 -10 8 4 
13 1 -9 8 13 1 4 8 -3 16 14 2 13 -1 13 6 11 9 10 19 
16 -19 -9 2 16 13 -18 -13 -9 -6 6 0 9 19 4 9 2 -17 19 11 
-19 -11 -1 12 15 -15 3 9 0 4 -6 16 12 6 4 2 14 -13 -12 15 
8 3 13 3 9 10 12 8 8 12 9 -6 17 4 -1 -2 2 -12 8 17 
15 18 -2 8 18 -9 4 18 -15 -17 6 18 -3 2 9 13 2 4 19 17 
11 10 2 13 6 19 17 12 6 -1 18 -7 8 18 16 11 -11 11 4 6 
12 19 1 4 10 14 6 15 17 18 19 -16 11 10 9 12 -18 9 -11 6 
36
1
6 10
13 9
0
0
