20 20
-18 25 7 -11 20 9 22 1 29 25 15 22 2 25 -20 15 18 14 3 0 
13 18 5 13 29 9 7 9 -13 1 23 -3 -19 -9 16 13 -30 19 8 8 
10 14 -1 28 16 0 23 25 -9 9 16 18 25 -20 16 -8 16 -22 19 3 
11 22 8 10 24 8 -16 9 -7 -14 28 13 -12 5 10 29 -28 17 22 12 
1 19 18 1 9 -20 -15 14 14 18 23 -13 -12 14 23 -26 11 5 28 -9 
-6 30 9 24 30 -8 5 5 -19 27 10 25 11 20 -27 -24 21 18 29 5 
11 5 15 -15 3 -16 24 25 19 17 24 -5 3 15 29 20 4 23 24 -23 
12 0 15 26 2 22 -15 20 6 24 12 12 -27 11 5 15 29 14 3 9 
-11 26 -7 22 13 13 15 6 28 19 15 -19 7 21 17 21 21 -18 -28 15 
23 -18 -5 20 2 23 11 18 -28 12 -16 -18 28 15 7 20 13 30 3 -8 
-8 3 30 13 20 7 15 28 -18 -16 12 -28 18 11 23 2 20 -5 -18 23 
15 -28 -18 21 21 17 21 7 -19 15 19 28 6 15 13 13 22 -7 26 -11 
9 3 14 29 15 5 11 -27 12 12 24 6 20 -15 22 2 26 15 0 12 
-23 24 23 4 20 29 15 3 -5 24 17 19 25 24 -16 3 -15 15 5 11 
5 29 18 21 -24 -27 20 11 25 10 27 -19 5 5 -8 30 24 9 30 -6 
-9 28 5 11 -26 23 14 -12 -13 23 18 14 14 -15 -20 9 1 18 19 1 
12 22 17 -28 29 10 5 -12 13 28 -14 -7 9 -16 8 24 10 8 22 11 
3 19 -22 16 -8 16 -20 25 18 16 9 -9 25 23 0 16 28 -1 14 10 
8 8 19 -30 13 16 -9 -19 -3 23 1 -13 9 7 9 29 13 5 18 13 
0 3 14 18 15 -20 25 2 22 15 25 29 1 22 9 20 -11 7 25 -18 
91
1
3 5
16 14
0
0
