20 20
1 3 -9 3 5 7 9 -10 2 12 6 12 13 2 12 -12 9 3 -3 1 
11 -13 1 -11 1 -6 -6 -13 4 -13 -2 5 3 8 11 8 12 -7 7 -5 
11 -11 6 -6 -5 9 -11 2 -4 12 -2 8 11 -1 -4 3 8 9 10 3 
6 1 -6 11 6 4 2 4 10 6 -4 7 5 13 4 9 2 -10 11 13 
3 13 1 2 9 1 8 8 2 -9 5 -2 7 8 -3 -7 4 -8 -10 0 
-12 8 -12 13 -8 -11 3 10 -10 9 0 11 1 3 6 8 0 -10 5 9 
3 1 5 -5 4 7 -11 11 9 10 -13 8 8 4 5 -7 3 6 -6 13 
6 10 -11 4 3 13 10 -9 7 1 -5 8 6 8 1 1 -5 -10 9 13 
-5 5 -13 12 6 9 12 2 8 6 -11 9 -5 7 2 4 -7 11 6 -4 
1 1 2 8 1 -8 11 -11 -7 -6 -9 12 4 6 -5 8 -2 4 3 0 
0 3 4 -2 8 -5 6 4 12 -9 -6 -7 -11 11 -8 1 8 2 1 1 
-4 6 11 -7 4 2 7 -5 9 -11 6 8 2 12 9 6 12 -13 5 -5 
13 9 -10 -5 1 1 8 6 8 -5 1 7 -9 10 13 3 4 -11 10 6 
13 -6 6 3 -7 5 4 8 8 -13 10 9 11 -11 7 4 -5 5 1 3 
9 5 -10 0 8 6 3 1 11 0 9 -10 10 3 -11 -8 13 -12 8 -12 
0 -10 -8 4 -7 -3 8 7 -2 5 -9 2 8 8 1 9 2 1 13 3 
13 11 -10 2 9 4 13 5 7 -4 6 10 4 2 4 6 11 -6 1 6 
3 10 9 8 3 -4 -1 11 8 -2 12 -4 2 -11 9 -5 -6 6 -11 11 
-5 7 -7 12 8 11 8 3 5 -2 -13 4 -13 -6 -6 1 -11 1 -13 11 
1 -3 3 9 -12 12 2 13 12 6 12 2 -10 9 7 5 3 -9 3 1 
88
1
8 19
11 0
0
0
