20 20
7 8 5 -3 10 2 10 9 10 9 3 10 4 6 7 8 8 4 2 8 
9 1 9 8 8 3 -2 5 1 -8 4 8 -6 3 9 1 6 2 -2 10 
3 7 8 6 9 -5 -1 7 -9 -8 9 4 4 4 10 0 8 4 6 2 
5 -4 2 -2 6 10 9 3 -3 7 2 5 3 9 2 1 -5 -7 -2 1 
2 10 7 7 9 7 -6 8 8 2 6 -5 7 2 4 -1 10 2 5 2 
-2 6 -8 3 7 -4 8 0 8 -5 3 1 9 9 1 5 -1 10 5 8 
7 -5 7 9 -3 9 5 7 2 6 0 2 -5 8 5 6 -6 -8 -10 4 
-8 -2 4 8 0 -6 -3 6 -3 1 1 -9 8 5 0 3 -5 -1 1 0 
3 6 3 9 2 -4 3 -7 9 -4 3 4 7 3 7 5 6 7 1 8 
1 4 3 5 0 1 6 8 10 0 2 1 -1 2 0 -3 -10 -9 9 5 
5 9 -9 -10 -3 0 2 -1 1 2 0 10 8 6 1 0 5 3 4 1 
8 1 7 6 5 7 3 7 4 3 -4 9 -7 3 -4 2 9 3 6 3 
0 1 -1 -5 3 0 5 8 -9 1 1 -3 6 -3 -6 0 8 4 -2 -8 
4 -10 -8 -6 6 5 8 -5 2 0 6 2 7 5 9 -3 9 7 -5 7 
8 5 10 -1 5 1 9 9 1 3 -5 8 0 8 -4 7 3 -8 6 -2 
2 5 2 10 -1 4 2 7 -5 6 2 8 8 -6 7 9 7 7 10 2 
1 -2 -7 -5 1 2 9 3 5 2 7 -3 3 9 10 6 -2 2 -4 5 
2 6 4 8 0 10 4 4 4 9 -8 -9 7 -1 -5 9 6 8 7 3 
10 -2 2 6 1 9 3 -6 8 4 -8 1 5 -2 3 8 8 9 1 9 
8 2 4 8 8 7 6 4 10 3 9 10 9 10 2 10 -3 5 8 7 
182
1
5 13
14 6
0
0
