20 20
18 -11 5 17 10 8 -15 16 10 -13 4 -18 4 14 -9 -9 1 10 -15 2 
2 13 10 -16 13 -11 13 2 11 13 8 2 9 8 9 2 17 2 -1 9 
15 3 7 12 3 9 16 18 13 -2 -18 2 18 4 16 17 1 3 5 1 
17 7 6 5 -12 -17 -8 3 1 10 6 2 18 -18 16 18 17 1 0 14 
13 17 -4 7 17 -15 15 0 7 11 6 3 14 -6 16 1 10 6 9 3 
12 -18 4 -11 17 9 -10 17 7 11 0 6 18 3 11 6 4 18 8 18 
7 5 12 13 18 18 14 17 2 18 3 16 1 11 7 17 -6 0 12 10 
8 -14 18 1 18 -3 9 -3 -18 -6 14 3 10 15 4 -9 4 18 15 -5 
11 -10 12 13 9 5 9 11 -14 6 0 8 7 17 1 17 11 -13 -4 4 
8 0 16 0 -10 17 2 6 8 14 -6 13 17 6 -16 9 -7 14 13 15 
15 13 14 -7 9 -16 6 17 13 -6 14 8 6 2 17 -10 0 16 0 8 
4 -4 -13 11 17 1 17 7 8 0 6 -14 11 9 5 9 13 12 -10 11 
-5 15 18 4 -9 4 15 10 3 14 -6 -18 -3 9 -3 18 1 18 -14 8 
10 12 0 -6 17 7 11 1 16 3 18 2 17 14 18 18 13 12 5 7 
18 8 18 4 6 11 3 18 6 0 11 7 17 -10 9 17 -11 4 -18 12 
3 9 6 10 1 16 -6 14 3 6 11 7 0 15 -15 17 7 -4 17 13 
14 0 1 17 18 16 -18 18 2 6 10 1 3 -8 -17 -12 5 6 7 17 
1 5 3 1 17 16 4 18 2 -18 -2 13 18 16 9 3 12 7 3 15 
9 -1 2 17 2 9 8 9 2 8 13 11 2 13 -11 13 -16 10 13 2 
2 -15 10 1 -9 -9 14 4 -18 4 -13 10 16 -15 8 10 17 5 -11 18 
152
1
9 7
10 12
0
0
