20 20
12 6 -3 -2 15 -15 -18 -16 14 1 21 10 10 4 7 -8 7 -2 20 19 
14 -10 4 2 22 24 2 -14 -23 -22 -8 17 15 15 12 22 4 24 21 10 
8 3 15 -24 8 6 12 7 5 8 9 14 12 -5 16 -24 20 12 -17 8 
-16 -5 -17 3 -9 15 7 6 4 9 -8 14 14 23 19 2 -10 -17 2 10 
-6 -24 17 -5 9 6 14 13 6 12 11 9 22 10 1 13 17 16 21 23 
7 15 2 -17 -21 -1 7 3 19 1 -2 14 19 15 3 -20 8 1 -1 11 
21 -21 -16 9 -5 17 12 20 19 24 20 8 22 18 14 10 19 8 -12 19 
24 16 3 8 22 1 22 23 0 24 16 6 -9 23 -13 9 -24 -9 23 19 
19 18 10 24 21 1 -2 -24 24 1 5 -7 14 4 23 -2 -2 -17 14 17 
4 12 -14 20 23 12 -10 10 10 -18 15 0 -18 -18 2 20 8 16 23 8 
8 23 16 8 20 2 -18 -18 0 15 -18 10 10 -10 12 23 20 -14 12 4 
17 14 -17 -2 -2 23 4 14 -7 5 1 24 -24 -2 1 21 24 10 18 19 
19 23 -9 -24 9 -13 23 -9 6 16 24 0 23 22 1 22 8 3 16 24 
19 -12 8 19 10 14 18 22 8 20 24 19 20 12 17 -5 9 -16 -21 21 
11 -1 1 8 -20 3 15 19 14 -2 1 19 3 7 -1 -21 -17 2 15 7 
23 21 16 17 13 1 10 22 9 11 12 6 13 14 6 9 -5 17 -24 -6 
10 2 -17 -10 2 19 23 14 14 -8 9 4 6 7 15 -9 3 -17 -5 -16 
8 -17 12 20 -24 16 -5 12 14 9 8 5 7 12 6 8 -24 15 3 8 
10 21 24 4 22 12 15 15 17 -8 -22 -23 -14 2 24 22 2 4 -10 14 
19 20 -2 7 -8 7 4 10 10 21 1 14 -16 -18 -15 15 -2 -3 6 12 
47
1
6 0
13 19
0
0
