20 20
3 2 5 -3 0 1 10 3 -10 6 4 1 -9 9 -4 -4 9 3 -4 3 
10 4 -9 9 4 10 -6 -10 5 -7 0 6 -4 2 5 1 2 10 10 8 
1 4 6 8 -10 -3 4 9 6 4 1 -1 9 2 -6 10 7 4 8 8 
5 -7 3 10 7 4 5 7 5 0 -10 1 -10 6 4 8 -4 -9 2 7 
3 4 1 6 6 3 0 4 7 6 8 0 1 10 5 8 7 7 -6 4 
0 2 2 3 3 4 2 4 0 9 7 8 4 9 8 -8 4 3 2 -9 
4 7 4 5 -10 2 -9 7 4 2 -10 3 7 10 6 -4 2 10 7 2 
6 5 5 1 3 1 7 6 -4 2 1 2 9 7 7 8 10 4 -1 -7 
-7 -8 4 -10 1 1 9 6 5 5 9 6 -8 6 1 2 8 1 10 10 
1 3 0 6 4 9 4 -8 7 -5 1 7 -3 -3 4 7 3 -10 6 1 
1 6 -10 3 7 4 -3 -3 7 1 -5 7 -8 4 9 4 6 0 3 1 
10 10 1 8 2 1 6 -8 6 9 5 5 6 9 1 1 -10 4 -8 -7 
-7 -1 4 10 8 7 7 9 2 1 2 -4 6 7 1 3 1 5 5 6 
2 7 10 2 -4 6 10 7 3 -10 2 4 7 -9 2 -10 5 4 7 4 
-9 2 3 4 -8 8 9 4 8 7 9 0 4 2 4 3 3 2 2 0 
4 -6 7 7 8 5 10 1 0 8 6 7 4 0 3 6 6 1 4 3 
7 2 -9 -4 8 4 6 -10 1 -10 0 5 7 5 4 7 10 3 -7 5 
8 8 4 7 10 -6 2 9 -1 1 4 6 9 4 -3 -10 8 6 4 1 
8 10 10 2 1 5 2 -4 6 0 -7 5 -10 -6 10 4 9 -9 4 10 
3 -4 3 9 -4 -4 9 -9 1 4 6 -10 3 10 1 0 -3 5 2 3 
105
1
8 9
11 10
0
0
