20 20
5 16 -13 16 1 12 12 11 15 -1 5 16 3 -6 0 1 -8 10 1 -13 
-14 16 15 5 5 14 16 6 12 12 13 10 12 -9 10 10 9 3 -4 14 
4 8 4 3 8 8 9 -5 16 12 13 16 -16 7 -1 2 16 -9 15 14 
8 6 -4 -5 5 9 10 -2 16 -9 16 -4 14 -8 2 -1 -7 15 4 -16 
-10 1 -9 2 8 0 2 7 3 15 1 10 10 -1 -8 3 -15 10 -7 -2 
14 1 10 13 1 12 4 1 -9 -1 2 8 14 11 -7 -7 13 7 15 0 
11 5 15 -14 -15 7 -1 16 12 12 -5 6 14 8 -13 10 -15 -5 6 11 
-6 2 14 11 11 5 8 -9 -10 2 -15 -16 0 13 7 2 10 -15 3 1 
-3 7 -10 7 5 9 3 -13 16 10 10 7 6 0 4 3 6 4 9 6 
10 15 0 5 -13 0 -10 -6 14 8 10 3 6 5 -10 16 5 4 10 2 
2 10 4 5 16 -10 5 6 3 10 8 14 -6 -10 0 -13 5 0 15 10 
6 9 4 6 3 4 0 6 7 10 10 16 -13 3 9 5 7 -10 7 -3 
1 3 -15 10 2 7 13 0 -16 -15 2 -10 -9 8 5 11 11 14 2 -6 
11 6 -5 -15 10 -13 8 14 6 -5 12 12 16 -1 7 -15 -14 15 5 11 
0 15 7 13 -7 -7 11 14 8 2 -1 -9 1 4 12 1 13 10 1 14 
-2 -7 10 -15 3 -8 -1 10 10 1 15 3 7 2 0 8 2 -9 1 -10 
-16 4 15 -7 -1 2 -8 14 -4 16 -9 16 -2 10 9 5 -5 -4 6 8 
14 15 -9 16 2 -1 7 -16 16 13 12 16 -5 9 8 8 3 4 8 4 
14 -4 3 9 10 10 -9 12 10 13 12 12 6 16 14 5 5 15 16 -14 
-13 1 10 -8 1 0 -6 3 16 5 -1 15 11 12 12 1 16 -13 16 5 
149
1
18 5
1 14
0
0
