20 20
-26 -23 25 23 -8 7 -20 1 23 7 20 4 21 5 5 27 8 10 -28 9 
14 24 6 -21 26 28 28 -17 -1 21 22 -20 -22 27 27 24 20 16 20 -16 
27 17 5 11 -18 18 21 20 6 -4 -11 26 28 14 20 -3 9 -14 12 -13 
10 21 20 15 5 19 18 10 28 14 12 -8 -27 14 -19 20 8 4 -21 -21 
-24 27 18 1 -4 15 26 2 24 26 13 27 26 2 14 3 19 23 19 -19 
21 17 -21 -7 -8 -7 28 -27 1 10 13 12 -5 16 15 -16 10 -7 -2 26 
-10 22 -23 -19 27 8 22 10 8 18 20 9 24 -5 15 24 -22 6 18 23 
22 23 25 5 3 6 19 14 26 -15 22 16 -23 18 15 12 0 22 13 25 
18 7 -4 -22 5 -4 26 -13 23 -14 20 -19 16 5 21 8 -2 25 22 19 
28 27 8 3 -18 15 1 12 6 5 -24 28 22 -23 7 13 2 18 11 -22 
-22 11 18 2 13 7 -23 22 28 -24 5 6 12 1 15 -18 3 8 27 28 
19 22 25 -2 8 21 5 16 -19 20 -14 23 -13 26 -4 5 -22 -4 7 18 
25 13 22 0 12 15 18 -23 16 22 -15 26 14 19 6 3 5 25 23 22 
23 18 6 -22 24 15 -5 24 9 20 18 8 10 22 8 27 -19 -23 22 -10 
26 -2 -7 10 -16 15 16 -5 12 13 10 1 -27 28 -7 -8 -7 -21 17 21 
-19 19 23 19 3 14 2 26 27 13 26 24 2 26 15 -4 1 18 27 -24 
-21 -21 4 8 20 -19 14 -27 -8 12 14 28 10 18 19 5 15 20 21 10 
-13 12 -14 9 -3 20 14 28 26 -11 -4 6 20 21 18 -18 11 5 17 27 
-16 20 16 20 24 27 27 -22 -20 22 21 -1 -17 28 28 26 -21 6 24 14 
9 -28 10 8 27 5 5 21 4 20 7 23 1 -20 7 -8 23 25 -23 -26 
74
1
8 12
11 7
0
0
