20 20
6 16 14 8 15 17 4 -13 8 11 12 -6 15 6 9 16 7 -17 1 -6 
13 14 -2 16 -18 18 9 8 -7 13 1 10 8 7 -17 8 17 6 -7 15 
18 8 12 12 11 8 -10 15 14 -8 13 -4 3 11 15 -14 16 -8 8 0 
12 -9 11 18 18 15 2 6 18 10 -3 9 10 11 1 -15 8 1 0 -1 
14 17 18 10 -9 15 3 13 12 11 3 2 7 11 1 6 8 11 8 -6 
-16 11 8 9 15 6 15 6 18 2 11 8 7 3 3 2 4 8 13 1 
16 3 15 11 13 11 7 9 18 14 8 18 9 14 -8 15 12 17 1 16 
-1 15 6 5 6 2 7 10 -5 0 17 -5 5 5 4 -3 5 12 13 1 
-6 7 17 -10 18 1 12 17 9 17 -2 10 16 4 -7 10 13 2 2 18 
6 14 16 18 -1 17 10 1 16 17 14 -18 11 9 5 -8 -11 14 0 -4 
-4 0 14 -11 -8 5 9 11 -18 14 17 16 1 10 17 -1 18 16 14 6 
18 2 2 13 10 -7 4 16 10 -2 17 9 17 12 1 18 -10 17 7 -6 
1 13 12 5 -3 4 5 5 -5 17 0 -5 10 7 2 6 5 6 15 -1 
16 1 17 12 15 -8 14 9 18 8 14 18 9 7 11 13 11 15 3 16 
1 13 8 4 2 3 3 7 8 11 2 18 6 15 6 15 9 8 11 -16 
-6 8 11 8 6 1 11 7 2 3 11 12 13 3 15 -9 10 18 17 14 
-1 0 1 8 -15 1 11 10 9 -3 10 18 6 2 15 18 18 11 -9 12 
0 8 -8 16 -14 15 11 3 -4 13 -8 14 15 -10 8 11 12 12 8 18 
15 -7 6 17 8 -17 7 8 10 1 13 -7 8 9 18 -18 16 -2 14 13 
-6 1 -17 7 16 9 6 15 -6 12 11 8 -13 4 17 15 8 14 16 6 
68
1
11 12
8 7
0
0
