20 20
4 16 -10 13 25 16 5 19 -21 -17 2 -3 -25 24 26 23 -16 4 5 13 
19 -21 -3 26 18 15 14 8 21 3 10 2 18 12 -10 5 10 -17 -20 20 
10 -8 25 12 23 11 -5 -8 6 12 21 -13 -22 18 -18 13 18 8 2 25 
13 3 24 8 3 8 17 2 19 13 24 13 20 2 6 4 22 0 -5 14 
12 12 7 20 10 14 -23 13 12 -7 26 11 4 19 24 25 11 20 14 -4 
-6 8 15 11 24 -22 3 20 4 22 -10 3 -19 6 -10 19 21 -16 2 14 
18 18 7 -19 26 2 7 17 1 1 18 9 8 11 22 12 10 19 12 24 
-25 0 22 9 -18 20 15 9 10 2 23 19 7 13 3 23 2 11 14 23 
-18 23 -4 24 22 11 0 8 4 -19 -16 5 -7 3 22 8 6 3 20 -18 
3 16 10 3 -4 1 -10 16 3 -25 14 19 -10 -5 9 14 -22 17 5 11 
11 5 17 -22 14 9 -5 -10 19 14 -25 3 16 -10 1 -4 3 10 16 3 
-18 20 3 6 8 22 3 -7 5 -16 -19 4 8 0 11 22 24 -4 23 -18 
23 14 11 2 23 3 13 7 19 23 2 10 9 15 20 -18 9 22 0 -25 
24 12 19 10 12 22 11 8 9 18 1 1 17 7 2 26 -19 7 18 18 
14 2 -16 21 19 -10 6 -19 3 -10 22 4 20 3 -22 24 11 15 8 -6 
-4 14 20 11 25 24 19 4 11 26 -7 12 13 -23 14 10 20 7 12 12 
14 -5 0 22 4 6 2 20 13 24 13 19 2 17 8 3 8 24 3 13 
25 2 8 18 13 -18 18 -22 -13 21 12 6 -8 -5 11 23 12 25 -8 10 
20 -20 -17 10 5 -10 12 18 2 10 3 21 8 14 15 18 26 -3 -21 19 
13 5 4 -16 23 26 24 -25 -3 2 -17 -21 19 5 16 25 13 -10 16 4 
142
1
5 6
14 13
0
0
