20 20
4 4 -3 3 2 7 8 4 -5 2 4 -7 -12 3 12 16 2 -11 2 10 
10 -15 13 3 1 15 1 -3 5 5 -16 5 0 15 -6 -11 1 13 2 -3 
3 14 -1 2 2 10 9 12 13 -15 1 1 -4 2 1 1 4 13 7 14 
1 -15 14 8 8 2 4 1 12 3 -5 1 5 12 6 16 0 -9 6 15 
-8 15 -1 -3 4 14 12 1 2 -4 16 4 13 8 3 -8 8 6 8 7 
4 12 9 13 5 5 -5 -8 9 2 6 6 7 1 -2 13 1 3 -7 12 
15 2 11 3 2 13 16 5 16 10 15 -15 9 -12 -14 7 9 -2 -8 10 
8 3 3 13 -3 7 7 -14 -10 -2 7 9 8 11 6 5 -8 -5 16 -5 
6 2 8 7 4 7 14 -10 12 7 6 14 3 2 12 -10 -16 7 10 16 
-6 6 2 9 3 9 4 -9 14 -12 -8 -7 -12 7 2 1 2 -5 1 6 
6 1 -5 2 1 2 7 -12 -7 -8 -12 14 -9 4 9 3 9 2 6 -6 
16 10 7 -16 -10 12 2 3 14 6 7 12 -10 14 7 4 7 8 2 6 
-5 16 -5 -8 5 6 11 8 9 7 -2 -10 -14 7 7 -3 13 3 3 8 
10 -8 -2 9 7 -14 -12 9 -15 15 10 16 5 16 13 2 3 11 2 15 
12 -7 3 1 13 -2 1 7 6 6 2 9 -8 -5 5 5 13 9 12 4 
7 8 6 8 -8 3 8 13 4 16 -4 2 1 12 14 4 -3 -1 15 -8 
15 6 -9 0 16 6 12 5 1 -5 3 12 1 4 2 8 8 14 -15 1 
14 7 13 4 1 1 2 -4 1 1 -15 13 12 9 10 2 2 -1 14 3 
-3 2 13 1 -11 -6 15 0 5 -16 5 5 -3 1 15 1 3 13 -15 10 
10 2 -11 2 16 12 3 -12 -7 4 2 -5 4 8 7 2 3 -3 4 4 
43
1
19 3
0 16
0
0
