20 20
22 4 18 18 17 15 15 -14 20 8 20 -1 1 11 -13 -23 11 22 7 6 
5 10 -14 7 15 10 12 17 -3 1 -5 20 18 -3 16 13 17 17 7 -22 
-15 -6 -6 -8 11 6 -21 21 1 1 10 15 -17 -21 9 22 21 7 -23 -18 
-6 9 1 -7 20 5 9 17 -9 -15 20 -6 4 2 5 -18 2 4 23 -17 
1 -17 19 21 13 5 10 -5 17 5 2 -19 3 19 -14 12 19 3 -13 6 
-4 19 -4 -8 16 13 -18 -1 12 3 9 -7 -2 -23 13 -21 -9 21 12 18 
9 10 12 1 19 11 15 12 22 8 6 10 -21 10 20 12 6 20 1 20 
-15 -14 22 -20 -3 11 7 21 15 -14 20 15 3 11 17 10 14 -11 -7 9 
9 21 12 5 1 14 14 22 -18 15 19 -8 17 2 20 -6 3 15 2 8 
15 -9 20 17 19 -4 15 13 23 13 5 19 23 18 -12 9 13 11 10 21 
21 10 11 13 9 -12 18 23 19 5 13 23 13 15 -4 19 17 20 -9 15 
8 2 15 3 -6 20 2 17 -8 19 15 -18 22 14 14 1 5 12 21 9 
9 -7 -11 14 10 17 11 3 15 20 -14 15 21 7 11 -3 -20 22 -14 -15 
20 1 20 6 12 20 10 -21 10 6 8 22 12 15 11 19 1 12 10 9 
18 12 21 -9 -21 13 -23 -2 -7 9 3 12 -1 -18 13 16 -8 -4 19 -4 
6 -13 3 19 12 -14 19 3 -19 2 5 17 -5 10 5 13 21 19 -17 1 
-17 23 4 2 -18 5 2 4 -6 20 -15 -9 17 9 5 20 -7 1 9 -6 
-18 -23 7 21 22 9 -21 -17 15 10 1 1 21 -21 6 11 -8 -6 -6 -15 
-22 7 17 17 13 16 -3 18 20 -5 1 -3 17 12 10 15 7 -14 10 5 
6 7 22 11 -23 -13 11 1 -1 20 8 20 -14 15 15 17 18 18 4 22 
102
1
4 17
15 2
0
0
