20 20
8 11 25 -2 5 24 13 -3 22 -1 22 -11 17 17 16 -10 11 -9 25 9 
22 3 -23 25 8 6 21 11 -19 11 3 23 18 4 3 11 11 17 22 12 
23 8 11 -11 -1 8 24 20 -17 11 18 14 13 22 -20 9 7 -20 13 13 
-21 -8 16 14 14 8 25 8 -14 -25 8 -17 3 24 13 17 1 3 8 17 
-13 21 1 10 15 23 -14 19 11 14 12 23 19 7 17 17 25 17 17 2 
13 8 -8 18 2 6 23 12 25 5 16 3 12 15 12 -25 3 -12 3 12 
18 -2 24 22 7 8 15 -23 8 6 6 11 0 9 24 9 -6 14 11 21 
-23 7 6 16 2 3 -13 18 -8 19 10 15 8 5 3 6 24 2 -18 3 
-10 8 18 -24 -1 16 7 17 -20 3 1 15 -18 7 5 3 7 3 11 23 
17 25 1 -18 -11 4 2 6 19 15 13 22 -4 18 7 3 -15 0 22 2 
2 22 0 -15 3 7 18 -4 22 13 15 19 6 2 4 -11 -18 1 25 17 
23 11 3 7 3 5 7 -18 15 1 3 -20 17 7 16 -1 -24 18 8 -10 
3 -18 2 24 6 3 5 8 15 10 19 -8 18 -13 3 2 16 6 7 -23 
21 11 14 -6 9 24 9 0 11 6 6 8 -23 15 8 7 22 24 -2 18 
12 3 -12 3 -25 12 15 12 3 16 5 25 12 23 6 2 18 -8 8 13 
2 17 17 25 17 17 7 19 23 12 14 11 19 -14 23 15 10 1 21 -13 
17 8 3 1 17 13 24 3 -17 8 -25 -14 8 25 8 14 14 16 -8 -21 
13 13 -20 7 9 -20 22 13 14 18 11 -17 20 24 8 -1 -11 11 8 23 
12 22 17 11 11 3 4 18 23 3 11 -19 11 21 6 8 25 -23 3 22 
9 25 -9 11 -10 16 17 17 -11 22 -1 22 -3 13 24 5 -2 25 11 8 
63
1
19 5
0 14
0
0
