20 20
21 -15 -22 0 -2 4 11 25 1 -14 24 27 6 22 3 -1 -18 27 12 16 
-22 3 25 7 4 20 -26 -5 21 23 3 19 5 23 8 27 22 18 22 27 
-18 9 19 -6 19 10 3 10 4 -25 3 17 0 19 18 15 15 27 22 22 
0 20 -16 -17 -13 -2 12 9 27 -14 25 10 12 19 13 24 9 -9 7 10 
15 21 10 -2 -16 -13 15 16 12 5 7 -3 5 26 -9 13 9 -5 21 5 
-4 -22 3 5 -7 -21 15 14 27 -12 3 14 9 -13 -13 -8 6 15 24 14 
17 -5 10 13 23 16 9 -8 1 18 -2 14 -1 -7 -7 23 -25 20 22 23 
14 -18 17 -23 20 25 -16 4 26 3 4 0 -13 18 22 6 8 13 23 7 
5 -1 -10 21 -9 7 14 22 27 26 24 9 -16 -8 21 24 -27 27 4 17 
26 19 -20 18 -26 13 -7 3 -7 14 17 14 9 -15 -27 -26 27 16 6 23 
23 6 16 27 -26 -27 -15 9 14 17 14 -7 3 -7 13 -26 18 -20 19 26 
17 4 27 -27 24 21 -8 -16 9 24 26 27 22 14 7 -9 21 -10 -1 5 
7 23 13 8 6 22 18 -13 0 4 3 26 4 -16 25 20 -23 17 -18 14 
23 22 20 -25 23 -7 -7 -1 14 -2 18 1 -8 9 16 23 13 10 -5 17 
14 24 15 6 -8 -13 -13 9 14 3 -12 27 14 15 -21 -7 5 3 -22 -4 
5 21 -5 9 13 -9 26 5 -3 7 5 12 16 15 -13 -16 -2 10 21 15 
10 7 -9 9 24 13 19 12 10 25 -14 27 9 12 -2 -13 -17 -16 20 0 
22 22 27 15 15 18 19 0 17 3 -25 4 10 3 10 19 -6 19 9 -18 
27 22 18 22 27 8 23 5 19 3 23 21 -5 -26 20 4 7 25 3 -22 
16 12 27 -18 -1 3 22 6 27 24 -14 1 25 11 4 -2 0 -22 -15 21 
62
1
17 5
2 14
0
0
