20 20
13 -16 6 2 24 23 -9 -24 21 8 18 18 24 4 -16 17 13 14 -21 23 
-18 26 15 9 4 -9 -8 1 9 1 14 -17 18 6 16 17 11 14 2 23 
16 18 1 -23 -21 -26 16 20 -22 18 7 -13 10 14 -27 17 19 21 19 12 
22 24 22 28 4 27 0 10 -18 -12 7 21 11 16 21 20 7 2 4 -24 
2 22 0 17 25 -23 5 -19 -17 21 20 9 3 4 11 25 3 -6 11 -12 
25 20 11 7 23 -22 -6 25 24 9 1 4 8 28 -19 -12 1 20 11 3 
1 -13 18 13 -23 8 28 5 23 12 6 -5 21 26 -22 4 0 0 -27 5 
5 22 1 4 13 22 27 19 18 25 21 0 -4 3 2 -24 5 18 -25 9 
23 -13 -7 -10 3 25 14 22 -5 2 4 -22 -28 9 13 2 6 25 25 17 
24 7 27 0 15 1 26 -17 -5 -27 25 -4 21 -9 -23 13 18 7 20 14 
14 20 7 18 13 -23 -9 21 -4 25 -27 -5 -17 26 1 15 0 27 7 24 
17 25 25 6 2 13 9 -28 -22 4 2 -5 22 14 25 3 -10 -7 -13 23 
9 -25 18 5 -24 2 3 -4 0 21 25 18 19 27 22 13 4 1 22 5 
5 -27 0 0 4 -22 26 21 -5 6 12 23 5 28 8 -23 13 18 -13 1 
3 11 20 1 -12 -19 28 8 4 1 9 24 25 -6 -22 23 7 11 20 25 
-12 11 -6 3 25 11 4 3 9 20 21 -17 -19 5 -23 25 17 0 22 2 
-24 4 2 7 20 21 16 11 21 7 -12 -18 10 0 27 4 28 22 24 22 
12 19 21 19 17 -27 14 10 -13 7 18 -22 20 16 -26 -21 -23 1 18 16 
23 2 14 11 17 16 6 18 -17 14 1 9 1 -8 -9 4 9 15 26 -18 
23 -21 14 13 17 -16 4 24 18 18 8 21 -24 -9 23 24 2 6 -16 13 
187
1
17 1
2 18
0
0
