20 20
5 6 18 12 1 17 9 -6 17 8 7 15 2 0 -18 -14 4 18 -15 -4 
6 14 14 -8 12 10 5 6 16 13 2 13 -18 5 15 14 16 18 -11 13 
16 12 4 10 -13 2 8 14 17 10 6 17 -13 8 12 8 -2 18 6 4 
-11 0 2 8 7 1 3 15 2 0 7 -17 15 18 0 -17 16 5 1 16 
18 6 9 18 8 7 18 -7 8 6 -15 13 15 -4 6 8 -17 12 12 10 
3 18 -10 15 9 -3 13 -14 17 -18 8 -11 5 14 0 2 9 11 -1 4 
3 9 5 6 6 16 7 5 6 1 -14 2 -5 18 8 -12 4 -6 9 18 
2 -17 3 -16 -18 -1 11 11 9 15 -12 1 12 16 4 12 1 12 2 11 
13 3 13 6 6 2 12 8 3 1 4 13 12 12 13 -13 6 4 -3 -7 
-7 17 -13 -16 14 15 7 10 -8 0 10 16 6 17 18 16 18 13 16 -5 
-5 16 13 18 16 18 17 6 16 10 0 -8 10 7 15 14 -16 -13 17 -7 
-7 -3 4 6 -13 13 12 12 13 4 1 3 8 12 2 6 6 13 3 13 
11 2 12 1 12 4 16 12 1 -12 15 9 11 11 -1 -18 -16 3 -17 2 
18 9 -6 4 -12 8 18 -5 2 -14 1 6 5 7 16 6 6 5 9 3 
4 -1 11 9 2 0 14 5 -11 8 -18 17 -14 13 -3 9 15 -10 18 3 
10 12 12 -17 8 6 -4 15 13 -15 6 8 -7 18 7 8 18 9 6 18 
16 1 5 16 -17 0 18 15 -17 7 0 2 15 3 1 7 8 2 0 -11 
4 6 18 -2 8 12 8 -13 17 6 10 17 14 8 2 -13 10 4 12 16 
13 -11 18 16 14 15 5 -18 13 2 13 16 6 5 10 12 -8 14 14 6 
-4 -15 18 4 -14 -18 0 2 15 7 8 17 -6 9 17 1 12 18 6 5 
72
1
1 12
18 7
0
0
