20 20
12 20 -16 13 13 8 18 -3 7 4 21 2 13 9 12 9 11 -14 1 -5 
14 2 -10 11 12 18 -22 14 6 18 3 20 1 10 -8 11 5 19 21 3 
16 2 8 -22 22 -5 20 -14 6 -12 19 -8 18 -8 12 22 9 -18 -3 -12 
-6 -4 -21 -17 12 -6 -13 6 4 3 7 20 -1 13 7 -21 -16 20 17 -3 
21 10 -6 22 -8 6 21 19 -1 22 15 3 22 6 -20 12 11 19 -16 15 
21 18 -14 -15 -18 -13 13 8 -2 -10 -3 10 18 -11 -4 -5 4 13 8 -2 
-17 19 12 4 20 14 -3 -8 9 22 7 15 22 12 -6 20 -18 15 22 14 
0 -10 10 22 13 5 -20 14 3 -3 -8 -13 18 2 -3 7 4 15 17 -13 
8 20 -15 7 16 -13 18 5 2 4 -7 1 4 7 16 5 14 -9 -22 15 
2 11 12 14 -5 -4 18 -6 20 2 8 13 5 2 0 -21 14 2 -20 1 
1 -20 2 14 -21 0 2 5 13 8 2 20 -6 18 -4 -5 14 12 11 2 
15 -22 -9 14 5 16 7 4 1 -7 4 2 5 18 -13 16 7 -15 20 8 
-13 17 15 4 7 -3 2 18 -13 -8 -3 3 14 -20 5 13 22 10 -10 0 
14 22 15 -18 20 -6 12 22 15 7 22 9 -8 -3 14 20 4 12 19 -17 
-2 8 13 4 -5 -4 -11 18 10 -3 -10 -2 8 13 -13 -18 -15 -14 18 21 
15 -16 19 11 12 -20 6 22 3 15 22 -1 19 21 6 -8 22 -6 10 21 
-3 17 20 -16 -21 7 13 -1 20 7 3 4 6 -13 -6 12 -17 -21 -4 -6 
-12 -3 -18 9 22 12 -8 18 -8 19 -12 6 -14 20 -5 22 -22 8 2 16 
3 21 19 5 11 -8 10 1 20 3 18 6 14 -22 18 12 11 -10 2 14 
-5 1 -14 11 9 12 9 13 2 21 4 7 -3 18 8 13 13 -16 20 12 
192
1
5 1
14 18
0
0
