20 20
10 1 12 -15 -8 16 5 -13 6 2 11 -7 2 9 -9 10 -15 13 7 13 
5 -1 12 -14 7 11 9 10 12 15 2 12 1 -8 16 14 4 2 -10 11 
5 16 8 6 9 4 16 15 -4 10 14 8 5 0 4 13 5 16 5 -1 
5 1 11 14 8 1 0 16 8 8 6 10 2 10 14 12 15 15 5 7 
9 5 12 14 12 16 11 6 -3 1 16 16 3 3 14 7 8 2 3 2 
-12 4 -7 -8 11 15 11 0 11 -6 11 2 -15 1 7 14 3 5 0 -9 
3 7 10 2 -3 7 12 13 11 14 -10 -6 8 11 0 14 1 6 16 10 
5 16 11 11 16 12 5 9 7 7 2 1 16 12 5 8 9 -9 -8 15 
4 5 5 -5 2 12 14 -13 10 -12 15 -9 16 11 15 10 2 10 -4 8 
2 7 11 4 -10 12 11 16 3 -14 -12 0 1 14 5 10 4 3 8 14 
14 8 3 4 10 5 14 1 0 -12 -14 3 16 11 12 -10 4 11 7 2 
8 -4 10 2 10 15 11 16 -9 15 -12 10 -13 14 12 2 -5 5 5 4 
15 -8 -9 9 8 5 12 16 1 2 7 7 9 5 12 16 11 11 16 5 
10 16 6 1 14 0 11 8 -6 -10 14 11 13 12 7 -3 2 10 7 3 
-9 0 5 3 14 7 1 -15 2 11 -6 11 0 11 15 11 -8 -7 4 -12 
2 3 2 8 7 14 3 3 16 16 1 -3 6 11 16 12 14 12 5 9 
7 5 15 15 12 14 10 2 10 6 8 8 16 0 1 8 14 11 1 5 
-1 5 16 5 13 4 0 5 8 14 10 -4 15 16 4 9 6 8 16 5 
11 -10 2 4 14 16 -8 1 12 2 15 12 10 9 11 7 -14 12 -1 5 
13 7 13 -15 10 -9 9 2 -7 11 2 6 -13 5 16 -8 -15 12 1 10 
123
1
4 15
15 4
0
0
