20 20
-25 27 7 16 13 24 0 1 13 16 5 2 7 13 0 5 27 -17 15 2 
5 20 -19 -5 16 6 25 11 -16 5 26 3 -17 -26 19 -3 2 14 11 17 
11 -16 10 5 -22 7 20 -14 -21 -1 18 8 -10 -13 4 23 11 20 0 19 
1 14 -8 -25 10 15 9 5 10 14 0 -5 23 14 8 5 23 25 -9 25 
-9 -4 8 25 16 -26 -18 14 19 -7 21 24 -23 15 10 -15 23 23 11 20 
12 -9 14 0 26 -1 -18 2 3 9 -22 10 11 26 23 13 0 3 12 13 
3 17 6 -17 14 -10 -5 21 -1 -11 18 10 24 19 5 15 -6 10 -7 21 
-26 8 16 15 11 22 -20 12 21 -12 7 -20 1 1 0 20 4 22 -24 1 
27 -17 5 23 18 27 -23 6 -5 4 8 2 21 25 -22 -23 8 25 13 -20 
-18 2 4 25 -27 1 12 15 24 -16 -24 6 -3 20 11 15 -13 1 -24 -5 
-5 -24 1 -13 15 11 20 -3 6 -24 -16 24 15 12 1 -27 25 4 2 -18 
-20 13 25 8 -23 -22 25 21 2 8 4 -5 6 -23 27 18 23 5 -17 27 
1 -24 22 4 20 0 1 1 -20 7 -12 21 12 -20 22 11 15 16 8 -26 
21 -7 10 -6 15 5 19 24 10 18 -11 -1 21 -5 -10 14 -17 6 17 3 
13 12 3 0 13 23 26 11 10 -22 9 3 2 -18 -1 26 0 14 -9 12 
20 11 23 23 -15 10 15 -23 24 21 -7 19 14 -18 -26 16 25 8 -4 -9 
25 -9 25 23 5 8 14 23 -5 0 14 10 5 9 15 10 -25 -8 14 1 
19 0 20 11 23 4 -13 -10 8 18 -1 -21 -14 20 7 -22 5 10 -16 11 
17 11 14 2 -3 19 -26 -17 3 26 5 -16 11 25 6 16 -5 -19 20 5 
2 15 -17 27 5 0 13 7 2 5 16 13 1 0 24 13 16 7 27 -25 
60
1
4 7
15 12
0
0
