20 20
21 20 2 -11 2 12 -19 17 -24 -6 -18 -3 14 11 -5 22 10 12 16 25 
-15 -11 25 -2 -15 17 9 2 13 23 -10 10 21 -16 -5 16 20 9 -16 3 
-10 11 -7 26 -20 -5 14 22 -12 -17 22 21 10 10 2 3 10 -6 -12 16 
22 6 3 15 18 13 8 -2 21 0 -21 5 25 12 21 9 17 -26 0 23 
15 -8 15 -14 -19 21 18 -8 16 13 1 20 23 18 24 -16 -16 -19 15 8 
-18 -19 14 -15 -4 10 -11 7 -12 15 1 -12 14 -16 -12 26 22 8 23 3 
23 18 6 8 17 19 2 23 14 20 13 -1 16 15 2 6 23 17 11 -10 
12 20 3 13 20 -4 -24 4 13 -25 0 -8 -7 22 -18 -19 20 14 3 14 
12 -3 2 -19 19 2 2 -9 6 11 -15 10 -23 9 26 22 0 22 11 25 
16 -9 -25 16 -20 18 24 15 2 21 14 26 22 -24 2 22 24 11 8 25 
25 8 11 24 22 2 -24 22 26 14 21 2 15 24 18 -20 16 -25 -9 16 
25 11 22 0 22 26 9 -23 10 -15 11 6 -9 2 2 19 -19 2 -3 12 
14 3 14 20 -19 -18 22 -7 -8 0 -25 13 4 -24 -4 20 13 3 20 12 
-10 11 17 23 6 2 15 16 -1 13 20 14 23 2 19 17 8 6 18 23 
3 23 8 22 26 -12 -16 14 -12 1 15 -12 7 -11 10 -4 -15 14 -19 -18 
8 15 -19 -16 -16 24 18 23 20 1 13 16 -8 18 21 -19 -14 15 -8 15 
23 0 -26 17 9 21 12 25 5 -21 0 21 -2 8 13 18 15 3 6 22 
16 -12 -6 10 3 2 10 10 21 22 -17 -12 22 14 -5 -20 26 -7 11 -10 
3 -16 9 20 16 -5 -16 21 10 -10 23 13 2 9 17 -15 -2 25 -11 -15 
25 16 12 10 22 -5 11 14 -3 -18 -6 -24 17 -19 12 2 -11 2 20 21 
200
1
6 0
13 19
0
0
