20 20
2 12 -1 16 9 -15 12 15 2 5 6 14 8 -10 1 -13 4 1 13 -5 
12 15 3 15 9 1 -1 16 16 -15 7 10 3 12 11 1 12 -11 2 3 
14 -12 15 5 5 -2 -13 -14 -8 10 0 8 4 15 5 -12 8 -8 8 -11 
8 13 -3 8 3 -12 2 13 7 14 4 6 -4 -4 2 13 4 15 5 -13 
-3 -13 9 15 7 -5 10 9 1 -7 3 5 9 14 -1 6 13 12 15 13 
-12 2 -9 3 -5 12 8 10 14 16 -4 -7 6 6 2 -4 9 6 13 -6 
-1 8 -5 15 14 4 -5 13 16 10 1 13 3 12 9 0 15 -6 -2 3 
8 14 13 -4 -15 -7 2 3 -7 2 6 -8 5 13 3 6 -1 1 3 13 
8 5 4 13 14 2 -11 5 -9 7 7 -14 16 -8 1 -7 1 8 3 7 
9 -10 4 10 -10 3 12 14 6 12 -14 5 10 1 5 4 8 5 0 14 
14 0 5 8 4 5 1 10 5 -14 12 6 14 12 3 -10 10 4 -10 9 
7 3 8 1 -7 1 -8 16 -14 7 7 -9 5 -11 2 14 13 4 5 8 
13 3 1 -1 6 3 13 5 -8 6 2 -7 3 2 -7 -15 -4 13 14 8 
3 -2 -6 15 0 9 12 3 13 1 10 16 13 -5 4 14 15 -5 8 -1 
-6 13 6 9 -4 2 6 6 -7 -4 16 14 10 8 12 -5 3 -9 2 -12 
13 15 12 13 6 -1 14 9 5 3 -7 1 9 10 -5 7 15 9 -13 -3 
-13 5 15 4 13 2 -4 -4 6 4 14 7 13 2 -12 3 8 -3 13 8 
-11 8 -8 8 -12 5 15 4 8 0 10 -8 -14 -13 -2 5 5 15 -12 14 
3 2 -11 12 1 11 12 3 10 7 -15 16 16 -1 1 9 15 3 15 12 
-5 13 1 4 -13 1 -10 8 14 6 5 2 15 12 -15 9 16 -1 12 2 
70
1
10 12
9 7
0
0
