20 20
3 4 9 -8 3 3 -3 11 6 -2 2 -5 12 2 -3 6 5 -11 11 0 
9 1 8 -2 12 4 2 -7 4 2 -10 6 12 12 13 3 13 2 13 3 
-3 -1 12 1 12 4 -7 1 3 0 -11 3 3 6 0 -8 -4 -5 -6 1 
6 -4 5 6 -9 4 9 6 4 12 -13 8 6 4 -10 1 11 9 3 0 
-7 0 -10 5 0 11 6 6 12 -3 -13 8 0 4 2 10 6 -2 6 -7 
6 8 3 -2 1 6 1 11 -4 13 -2 3 -3 6 7 3 -4 4 1 5 
9 13 13 6 4 -13 -9 13 -3 10 9 5 3 11 12 1 -12 12 6 1 
2 2 1 4 0 6 1 -9 12 10 11 -2 4 0 13 3 9 11 4 13 
9 -1 2 5 5 2 5 9 12 4 7 6 -3 3 9 4 -6 13 -1 13 
3 6 8 10 10 1 13 -10 1 0 10 2 5 9 10 -8 0 10 5 -5 
-5 5 10 0 -8 10 9 5 2 10 0 1 -10 13 1 10 10 8 6 3 
13 -1 13 -6 4 9 3 -3 6 7 4 12 9 5 2 5 5 2 -1 9 
13 4 11 9 3 13 0 4 -2 11 10 12 -9 1 6 0 4 1 2 2 
1 6 12 -12 1 12 11 3 5 9 10 -3 13 -9 -13 4 6 13 13 9 
5 1 4 -4 3 7 6 -3 3 -2 13 -4 11 1 6 1 -2 3 8 6 
-7 6 -2 6 10 2 4 0 8 -13 -3 12 6 6 11 0 5 -10 0 -7 
0 3 9 11 1 -10 4 6 8 -13 12 4 6 9 4 -9 6 5 -4 6 
1 -6 -5 -4 -8 0 6 3 3 -11 0 3 1 -7 4 12 1 12 -1 -3 
3 13 2 13 3 13 12 12 6 -10 2 4 -7 2 4 12 -2 8 1 9 
0 11 -11 5 6 -3 2 12 -5 2 -2 6 11 -3 3 3 -8 9 4 3 
86
1
10 6
9 13
0
0
