20 20
10 11 14 9 4 10 5 -2 -12 -5 8 12 -7 8 -3 15 5 11 7 4 
9 -14 -14 -10 6 6 6 5 -3 6 7 -3 -4 5 -8 10 10 5 13 0 
-4 -12 6 -1 -2 -15 -9 14 10 13 1 7 12 8 13 8 1 -9 -14 8 
-8 10 13 -12 4 -4 3 -11 1 13 4 11 15 15 9 15 -9 13 12 15 
11 12 -15 11 -5 13 5 14 6 7 14 7 12 2 14 1 -10 3 15 0 
7 14 14 5 1 1 0 -11 -9 7 11 13 3 15 8 8 12 0 0 -7 
-8 10 10 0 2 7 7 0 15 -14 -9 4 -15 2 12 15 1 7 8 7 
6 10 9 9 14 9 8 1 7 14 5 6 7 -2 14 0 6 2 15 7 
2 3 4 2 -7 -10 5 2 -7 4 10 11 1 11 8 -2 8 4 0 -14 
15 0 1 1 1 -5 13 2 -6 15 -6 11 14 15 6 8 12 10 -11 2 
2 -11 10 12 8 6 15 14 11 -6 15 -6 2 13 -5 1 1 1 0 15 
-14 0 4 8 -2 8 11 1 11 10 4 -7 2 5 -10 -7 2 4 3 2 
7 15 2 6 0 14 -2 7 6 5 14 7 1 8 9 14 9 9 10 6 
7 8 7 1 15 12 2 -15 4 -9 -14 15 0 7 7 2 0 10 10 -8 
-7 0 0 12 8 8 15 3 13 11 7 -9 -11 0 1 1 5 14 14 7 
0 15 3 -10 1 14 2 12 7 14 7 6 14 5 13 -5 11 -15 12 11 
15 12 13 -9 15 9 15 15 11 4 13 1 -11 3 -4 4 -12 13 10 -8 
8 -14 -9 1 8 13 8 12 7 1 13 10 14 -9 -15 -2 -1 6 -12 -4 
0 13 5 10 10 -8 5 -4 -3 7 6 -3 5 6 6 6 -10 -14 -14 9 
4 7 11 5 15 -3 8 -7 12 8 -5 -12 -2 5 10 4 9 14 11 10 
177
1
13 18
6 1
0
0
