20 20
-2 7 21 6 15 21 17 -4 14 -10 2 16 20 -21 -8 8 22 -18 23 -15 
13 13 11 -11 -3 7 8 -23 25 9 -4 0 8 19 15 4 8 6 26 16 
3 21 -5 23 10 15 -12 -14 14 25 16 7 -18 12 16 21 8 -20 4 3 
7 17 5 -11 -17 -26 -7 -12 16 4 12 17 2 26 8 6 4 -16 4 -23 
14 16 -5 26 14 2 25 1 7 21 3 10 4 12 -11 -17 -7 12 25 23 
-10 23 17 6 3 -25 15 4 6 18 10 -9 -10 24 5 -17 15 18 19 16 
-3 25 22 14 24 -22 15 6 3 5 4 7 0 -8 -25 -3 7 23 19 23 
20 11 0 6 15 -24 15 2 22 18 -22 -22 10 17 5 17 26 12 -22 14 
-20 0 12 14 5 22 12 14 18 -3 23 4 15 4 3 26 16 20 -13 5 
-16 7 -12 -10 14 25 6 -17 -23 17 0 10 14 7 21 3 0 10 1 21 
21 1 10 0 3 21 7 14 10 0 17 -23 -17 6 25 14 -10 -12 7 -16 
5 -13 20 16 26 3 4 15 4 23 -3 18 14 12 22 5 14 12 0 -20 
14 -22 12 26 17 5 17 10 -22 -22 18 22 2 15 -24 15 6 0 11 20 
23 19 23 7 -3 -25 -8 0 7 4 5 3 6 15 -22 24 14 22 25 -3 
16 19 18 15 -17 5 24 -10 -9 10 18 6 4 15 -25 3 6 17 23 -10 
23 25 12 -7 -17 -11 12 4 10 3 21 7 1 25 2 14 26 -5 16 14 
-23 4 -16 4 6 8 26 2 17 12 4 16 -12 -7 -26 -17 -11 5 17 7 
3 4 -20 8 21 16 12 -18 7 16 25 14 -14 -12 15 10 23 -5 21 3 
16 26 6 8 4 15 19 8 0 -4 9 25 -23 8 7 -3 -11 11 13 13 
-15 23 -18 22 8 -8 -21 20 16 2 -10 14 -4 17 21 15 6 21 7 -2 
50
1
12 4
7 15
0
0
