20 20
8 18 18 17 2 0 -9 14 18 3 12 0 1 -16 -16 16 13 8 -14 -6 
-9 -7 1 4 -14 4 7 13 -5 6 15 9 15 17 -3 4 -13 8 12 8 
4 -12 9 15 4 11 9 15 13 -18 -6 -9 0 -5 -5 17 4 17 -17 -19 
8 15 10 -16 5 17 -4 13 1 12 0 13 19 14 13 17 3 -19 -15 11 
17 17 1 19 12 -11 5 14 0 6 -7 -8 -2 9 -8 9 5 -4 15 1 
8 16 12 8 9 17 17 9 13 -4 15 10 8 9 18 4 9 13 -11 16 
5 16 0 -11 8 19 9 13 5 11 13 17 7 0 1 11 10 18 5 18 
7 17 -3 10 1 18 10 -8 14 18 -1 -11 7 -15 9 14 17 16 2 18 
16 1 -16 19 17 13 -19 19 18 -3 11 6 0 -5 10 7 17 19 11 4 
7 6 16 -18 15 15 8 4 -6 7 14 -15 7 14 8 -10 11 1 2 8 
8 2 1 11 -10 8 14 7 -15 14 7 -6 4 8 15 15 -18 16 6 7 
4 11 19 17 7 10 -5 0 6 11 -3 18 19 -19 13 17 19 -16 1 16 
18 2 16 17 14 9 -15 7 -11 -1 18 14 -8 10 18 1 10 -3 17 7 
18 5 18 10 11 1 0 7 17 13 11 5 13 9 19 8 -11 0 16 5 
16 -11 13 9 4 18 9 8 10 15 -4 13 9 17 17 9 8 12 16 8 
1 15 -4 5 9 -8 9 -2 -8 -7 6 0 14 5 -11 12 19 1 17 17 
11 -15 -19 3 17 13 14 19 13 0 12 1 13 -4 17 5 -16 10 15 8 
-19 -17 17 4 17 -5 -5 0 -9 -6 -18 13 15 9 11 4 15 9 -12 4 
8 12 8 -13 4 -3 17 15 9 15 6 -5 13 7 4 -14 4 1 -7 -9 
-6 -14 8 13 16 -16 -16 1 0 12 3 18 14 -9 0 2 17 18 18 8 
136
1
16 4
3 15
0
0
