20 20
5 14 -5 7 -17 7 -16 12 13 12 4 10 11 1 -5 -3 2 10 -13 2 
15 12 11 10 3 8 6 -8 2 -4 -8 14 -17 9 2 -17 9 -1 7 -5 
5 2 2 -13 2 11 -3 -3 12 15 14 9 6 -11 4 11 6 7 2 7 
7 4 -11 5 7 0 -9 0 12 15 5 -3 2 7 8 13 -16 -14 8 -14 
16 11 -10 3 6 14 -3 11 -3 -5 8 1 -9 12 13 -1 7 2 3 -4 
1 -2 -1 2 -8 12 7 -6 -13 10 13 -10 2 -13 -12 0 -10 12 4 17 
-16 4 -1 -17 -3 17 12 13 3 17 0 5 -13 -3 12 10 4 -12 6 10 
11 -3 12 -10 -2 15 5 17 5 11 8 -5 16 13 6 -16 6 3 12 6 
10 4 9 0 13 11 3 1 -1 -6 4 15 11 -6 17 9 -17 -6 -14 9 
3 12 -14 2 12 3 -12 14 16 -17 17 10 16 1 8 -4 5 6 11 2 
2 11 6 5 -4 8 1 16 10 17 -17 16 14 -12 3 12 2 -14 12 3 
9 -14 -6 -17 9 17 -6 11 15 4 -6 -1 1 3 11 13 0 9 4 10 
6 12 3 6 -16 6 13 16 -5 8 11 5 17 5 15 -2 -10 12 -3 11 
10 6 -12 4 10 12 -3 -13 5 0 17 3 13 12 17 -3 -17 -1 4 -16 
17 4 12 -10 0 -12 -13 2 -10 13 10 -13 -6 7 12 -8 2 -1 -2 1 
-4 3 2 7 -1 13 12 -9 1 8 -5 -3 11 -3 14 6 3 -10 11 16 
-14 8 -14 -16 13 8 7 2 -3 5 15 12 0 -9 0 7 5 -11 4 7 
7 2 7 6 11 4 -11 6 9 14 15 12 -3 -3 11 2 -13 2 2 5 
-5 7 -1 9 -17 2 9 -17 14 -8 -4 2 -8 6 8 3 10 11 12 15 
2 -13 10 2 -3 -5 1 11 10 4 12 13 12 -16 7 -17 7 -5 14 5 
41
1
4 2
15 17
0
0
