20 20
1 4 1 15 20 3 18 12 14 19 7 2 11 26 0 -12 -6 1 2 20 
20 5 -15 9 2 -5 29 5 4 1 23 24 17 28 6 22 12 -25 27 14 
-9 13 -9 25 -24 20 29 15 21 14 18 18 25 16 11 15 17 17 5 10 
-27 26 -8 12 24 -29 10 -26 -7 29 9 18 22 27 15 9 24 20 9 29 
23 -3 21 -3 27 19 10 25 29 25 17 -23 16 11 -13 23 9 16 -27 22 
11 5 9 14 2 -13 23 3 -13 16 4 10 4 3 -18 10 -25 4 -17 5 
21 17 9 4 -7 15 7 19 17 21 25 29 28 11 25 -21 22 15 13 28 
-16 28 26 24 -3 6 18 -4 28 11 15 17 2 3 -24 0 12 -17 4 5 
26 17 -3 -12 29 14 16 -5 9 16 7 25 15 12 14 8 13 25 12 18 
16 26 -14 -7 -15 -28 11 24 19 27 13 13 14 23 29 13 29 2 20 0 
0 20 2 29 13 29 23 14 13 13 27 19 24 11 -28 -15 -7 -14 26 16 
18 12 25 13 8 14 12 15 25 7 16 9 -5 16 14 29 -12 -3 17 26 
5 4 -17 12 0 -24 3 2 17 15 11 28 -4 18 6 -3 24 26 28 -16 
28 13 15 22 -21 25 11 28 29 25 21 17 19 7 15 -7 4 9 17 21 
5 -17 4 -25 10 -18 3 4 10 4 16 -13 3 23 -13 2 14 9 5 11 
22 -27 16 9 23 -13 11 16 -23 17 25 29 25 10 19 27 -3 21 -3 23 
29 9 20 24 9 15 27 22 18 9 29 -7 -26 10 -29 24 12 -8 26 -27 
10 5 17 17 15 11 16 25 18 18 14 21 15 29 20 -24 25 -9 13 -9 
14 27 -25 12 22 6 28 17 24 23 1 4 5 29 -5 2 9 -15 5 20 
20 2 1 -6 -12 0 26 11 2 7 19 14 12 18 3 20 15 1 4 1 
52
1
19 1
0 18
0
0
