20 20
3 8 9 -11 3 14 3 12 6 2 14 10 11 3 -15 -2 11 18 -1 2 
17 11 5 17 6 -10 -8 2 -5 6 2 -10 17 12 13 -16 -2 6 5 -16 
17 -14 -7 17 -7 10 4 4 -2 2 2 8 -13 6 7 9 -15 8 -14 10 
2 7 10 4 2 6 6 7 2 4 12 1 13 -10 16 7 -13 -13 5 14 
15 15 7 -10 -11 12 -5 13 2 11 9 -5 3 -14 -12 18 5 14 -18 0 
1 17 3 13 -1 13 7 6 16 -3 -9 -10 17 13 7 -16 -7 4 -8 17 
17 5 16 10 -13 12 4 -1 14 -16 11 15 3 10 -3 9 11 -16 6 1 
-15 1 13 13 15 3 2 11 -16 -3 8 16 8 -15 12 -9 1 17 18 9 
4 -6 6 6 17 16 5 10 11 12 14 -10 -16 5 3 18 3 -8 13 -4 
-12 -11 6 4 7 -18 -8 5 -16 12 13 17 15 -5 16 0 11 3 -8 8 
8 -8 3 11 0 16 -5 15 17 13 12 -16 5 -8 -18 7 4 6 -11 -12 
-4 13 -8 3 18 3 5 -16 -10 14 12 11 10 5 16 17 6 6 -6 4 
9 18 17 1 -9 12 -15 8 16 8 -3 -16 11 2 3 15 13 13 1 -15 
1 6 -16 11 9 -3 10 3 15 11 -16 14 -1 4 12 -13 10 16 5 17 
17 -8 4 -7 -16 7 13 17 -10 -9 -3 16 6 7 13 -1 13 3 17 1 
0 -18 14 5 18 -12 -14 3 -5 9 11 2 13 -5 12 -11 -10 7 15 15 
14 5 -13 -13 7 16 -10 13 1 12 4 2 7 6 6 2 4 10 7 2 
10 -14 8 -15 9 7 6 -13 8 2 2 -2 4 4 10 -7 17 -7 -14 17 
-16 5 6 -2 -16 13 12 17 -10 2 6 -5 2 -8 -10 6 17 5 11 17 
2 -1 18 11 -2 -15 3 11 10 14 2 6 12 3 14 3 -11 9 8 3 
153
1
17 12
2 7
0
0
