20 20
2 10 24 21 7 -15 6 -10 12 3 -19 -5 -16 -3 -4 11 25 2 9 -17 
-22 8 11 20 -2 17 23 25 25 -7 6 19 -17 -24 10 6 -2 5 15 -2 
-6 6 7 12 9 1 6 11 26 -11 -14 1 -14 23 14 0 10 22 -19 12 
22 13 16 7 -19 15 -12 7 -8 5 1 -26 -8 1 17 -20 13 14 16 -14 
13 26 6 22 -11 8 -15 4 20 -8 0 11 25 21 12 20 11 4 -13 14 
-23 16 -7 -26 7 2 -26 5 9 8 5 12 17 17 20 -4 21 14 24 -18 
-15 4 13 -8 1 4 -9 5 14 21 4 -8 21 3 -9 5 11 26 24 21 
-4 13 11 22 20 12 22 12 -11 -23 5 13 3 14 -17 25 0 -8 -26 -20 
21 19 7 -24 -20 -6 12 6 14 1 2 -26 15 0 12 5 5 10 23 1 
-2 -9 -8 24 4 -24 -16 12 5 23 -2 -3 24 19 -19 17 2 26 26 25 
25 26 26 2 17 -19 19 24 -3 -2 23 5 12 -16 -24 4 24 -8 -9 -2 
1 23 10 5 5 12 0 15 -26 2 1 14 6 12 -6 -20 -24 7 19 21 
-20 -26 -8 0 25 -17 14 3 13 5 -23 -11 12 22 12 20 22 11 13 -4 
21 24 26 11 5 -9 3 21 -8 4 21 14 5 -9 4 1 -8 13 4 -15 
-18 24 14 21 -4 20 17 17 12 5 8 9 5 -26 2 7 -26 -7 16 -23 
14 -13 4 11 20 12 21 25 11 0 -8 20 4 -15 8 -11 22 6 26 13 
-14 16 14 13 -20 17 1 -8 -26 1 5 -8 7 -12 15 -19 7 16 13 22 
12 -19 22 10 0 14 23 -14 1 -14 -11 26 11 6 1 9 12 7 6 -6 
-2 15 5 -2 6 10 -24 -17 19 6 -7 25 25 23 17 -2 20 11 8 -22 
-17 9 2 25 11 -4 -3 -16 -5 -19 3 12 -10 6 -15 7 21 24 10 2 
58
1
6 7
13 12
0
0
