20 20
6 -2 -10 9 15 3 6 -17 15 13 2 1 8 17 9 -4 1 1 14 -16 
3 8 4 16 -11 15 -8 1 -10 14 -12 8 4 5 -2 1 5 16 -8 -5 
11 18 -5 -10 0 18 13 -9 15 -3 15 11 1 8 -15 3 6 19 -1 18 
8 7 2 15 11 13 7 6 16 4 14 -3 12 7 3 -13 19 -18 15 11 
12 -11 17 -19 -19 -15 15 9 2 9 18 -14 -13 19 7 8 13 1 -10 -7 
18 -8 6 -16 9 11 -15 19 3 1 7 5 1 -12 16 17 7 6 15 5 
10 10 12 -13 1 0 19 10 9 10 2 18 11 -17 -13 7 4 -19 17 18 
-15 15 -10 15 1 3 18 19 15 8 16 13 -17 -9 -16 11 7 1 13 -1 
9 14 -6 -19 0 -8 -16 18 -1 9 5 -14 6 2 3 15 -8 18 19 10 
11 16 -5 13 9 4 11 15 8 9 2 5 -5 -9 15 -17 18 8 -9 12 
12 -9 8 18 -17 15 -9 -5 5 2 9 8 15 11 4 9 13 -5 16 11 
10 19 18 -8 15 3 2 6 -14 5 9 -1 18 -16 -8 0 -19 -6 14 9 
-1 13 1 7 11 -16 -9 -17 13 16 8 15 19 18 3 1 15 -10 15 -15 
18 17 -19 4 7 -13 -17 11 18 2 10 9 10 19 0 1 -13 12 10 10 
5 15 6 7 17 16 -12 1 5 7 1 3 19 -15 11 9 -16 6 -8 18 
-7 -10 1 13 8 7 19 -13 -14 18 9 2 9 15 -15 -19 -19 17 -11 12 
11 15 -18 19 -13 3 7 12 -3 14 4 16 6 7 13 11 15 2 7 8 
18 -1 19 6 3 -15 8 1 11 15 -3 15 -9 13 18 0 -10 -5 18 11 
-5 -8 16 5 1 -2 5 4 8 -12 14 -10 1 -8 15 -11 16 4 8 3 
-16 14 1 1 -4 9 17 8 1 2 13 15 -17 6 3 15 9 -10 -2 6 
141
1
12 8
7 11
0
0
