20 20
5 8 1 14 3 1 6 24 11 1 11 15 7 2 24 -17 -3 5 19 -10 
17 23 -2 -10 21 -20 -16 20 21 9 -11 13 23 5 15 13 11 9 18 24 
16 10 7 -3 12 21 7 6 8 14 16 24 25 -18 9 -23 4 -18 13 5 
8 -17 -1 -14 15 -24 19 10 1 -13 24 13 14 -13 -12 23 -19 -9 -19 15 
6 -1 10 16 -9 -7 22 8 18 5 5 16 25 20 10 10 -3 1 10 17 
12 6 3 21 11 -12 13 4 4 10 -22 1 25 3 15 25 -14 11 0 -15 
14 19 1 19 8 22 4 16 11 3 13 0 5 19 4 8 -23 4 16 -10 
11 -17 5 14 5 -17 3 25 3 -21 15 6 -9 22 6 16 -24 3 -3 23 
25 4 -1 -21 5 7 15 7 11 12 3 3 13 12 5 -19 14 14 24 2 
-18 10 -21 1 -8 4 18 1 14 19 17 6 22 -16 25 21 -16 0 20 16 
16 20 0 -16 21 25 -16 22 6 17 19 14 1 18 4 -8 1 -21 10 -18 
2 24 14 14 -19 5 12 13 3 3 12 11 7 15 7 5 -21 -1 4 25 
23 -3 3 -24 16 6 22 -9 6 15 -21 3 25 3 -17 5 14 5 -17 11 
-10 16 4 -23 8 4 19 5 0 13 3 11 16 4 22 8 19 1 19 14 
-15 0 11 -14 25 15 3 25 1 -22 10 4 4 13 -12 11 21 3 6 12 
17 10 1 -3 10 10 20 25 16 5 5 18 8 22 -7 -9 16 10 -1 6 
15 -19 -9 -19 23 -12 -13 14 13 24 -13 1 10 19 -24 15 -14 -1 -17 8 
5 13 -18 4 -23 9 -18 25 24 16 14 8 6 7 21 12 -3 7 10 16 
24 18 9 11 13 15 5 23 13 -11 9 21 20 -16 -20 21 -10 -2 23 17 
-10 19 5 -3 -17 24 2 7 15 11 1 11 24 6 1 3 14 1 8 5 
167
1
15 16
4 3
0
0
