20 20
11 17 5 -7 7 -17 6 -4 -15 8 1 10 -4 -2 -17 4 4 5 15 -2 
1 5 11 16 5 8 -10 -11 7 6 -14 -11 17 -16 1 8 9 0 -13 0 
5 2 -14 -6 16 11 17 14 13 5 -9 10 -15 8 12 -13 10 16 12 12 
8 2 8 11 3 2 4 5 17 5 14 15 5 2 0 -2 14 15 -5 16 
-5 -15 1 9 6 4 7 2 17 9 8 -5 14 14 5 16 -2 -14 -5 0 
12 2 -2 4 -5 6 1 7 5 10 13 5 16 11 -5 1 9 -8 8 11 
15 13 7 10 3 12 13 7 4 12 7 8 0 9 11 1 16 15 5 2 
-3 -2 5 16 8 -13 7 3 6 0 -7 11 -13 4 3 16 8 0 8 -1 
-12 10 9 10 -15 2 8 17 -5 5 15 12 2 -3 4 -16 -11 1 5 17 
1 6 14 13 6 10 5 -6 9 -5 13 -1 6 -7 -17 -5 0 8 17 -7 
-7 17 8 0 -5 -17 -7 6 -1 13 -5 9 -6 5 10 6 13 14 6 1 
17 5 1 -11 -16 4 -3 2 12 15 5 -5 17 8 2 -15 10 9 10 -12 
-1 8 0 8 16 3 4 -13 11 -7 0 6 3 7 -13 8 16 5 -2 -3 
2 5 15 16 1 11 9 0 8 7 12 4 7 13 12 3 10 7 13 15 
11 8 -8 9 1 -5 11 16 5 13 10 5 7 1 6 -5 4 -2 2 12 
0 -5 -14 -2 16 5 14 14 -5 8 9 17 2 7 4 6 9 1 -15 -5 
16 -5 15 14 -2 0 2 5 15 14 5 17 5 4 2 3 11 8 2 8 
12 12 16 10 -13 12 8 -15 10 -9 5 13 14 17 11 16 -6 -14 2 5 
0 -13 0 9 8 1 -16 17 -11 -14 6 7 -11 -10 8 5 16 11 5 1 
-2 15 5 4 4 -17 -2 -4 10 1 8 -15 -4 6 -17 7 -7 5 17 11 
98
1
9 0
10 19
0
0
