20 20
9 16 14 17 12 -4 -1 10 1 -22 -7 4 20 7 8 -7 17 22 -20 11 
-10 18 3 -21 16 4 -23 10 24 21 8 16 1 5 4 5 19 -2 17 22 
19 0 -10 19 -16 -15 6 9 11 -21 3 20 8 -15 -23 0 15 19 -22 -3 
-12 8 4 4 8 18 -14 1 22 15 19 7 14 20 6 -16 24 -17 14 14 
4 7 5 22 -14 -24 17 2 20 7 13 5 19 22 19 3 16 14 8 5 
23 -6 -9 2 7 -19 -1 16 15 15 4 2 -17 6 20 12 -7 -8 1 13 
22 -9 18 -15 3 6 11 1 7 23 21 -24 16 -9 14 1 8 23 7 13 
5 1 10 2 18 3 4 -20 5 21 -4 8 22 14 -16 -22 9 15 22 19 
12 17 -17 10 7 24 21 -22 20 23 13 15 18 -5 2 19 -24 -2 4 8 
-10 24 20 10 5 -10 -22 1 5 24 -19 -15 11 9 22 6 18 8 -16 4 
4 -16 8 18 6 22 9 11 -15 -19 24 5 1 -22 -10 5 10 20 24 -10 
8 4 -2 -24 19 2 -5 18 15 13 23 20 -22 21 24 7 10 -17 17 12 
19 22 15 9 -22 -16 14 22 8 -4 21 5 -20 4 3 18 2 10 1 5 
13 7 23 8 1 14 -9 16 -24 21 23 7 1 11 6 3 -15 18 -9 22 
13 1 -8 -7 12 20 6 -17 2 4 15 15 16 -1 -19 7 2 -9 -6 23 
5 8 14 16 3 19 22 19 5 13 7 20 2 17 -24 -14 22 5 7 4 
14 14 -17 24 -16 6 20 14 7 19 15 22 1 -14 18 8 4 4 8 -12 
-3 -22 19 15 0 -23 -15 8 20 3 -21 11 9 6 -15 -16 19 -10 0 19 
22 17 -2 19 5 4 5 1 16 8 21 24 10 -23 4 16 -21 3 18 -10 
11 -20 22 17 -7 8 7 20 4 -7 -22 1 10 -1 -4 12 17 14 16 9 
160
1
12 17
7 2
0
0
