20 20
12 11 17 5 8 7 17 12 14 18 -13 11 20 19 -21 16 -20 14 -3 -6 
15 -9 19 -1 5 21 9 14 15 -11 19 -13 19 3 -21 4 22 -17 21 15 
-16 2 1 3 8 -11 12 -2 -2 -4 -10 14 12 15 17 -4 -20 2 2 -19 
13 -18 -15 -4 0 18 1 7 21 3 1 20 -8 6 7 -9 3 11 16 -8 
-6 -1 21 9 -16 15 15 -21 19 16 20 17 6 20 13 4 11 -21 20 10 
11 18 20 -8 9 22 -10 -4 -12 16 7 0 -18 6 3 3 -16 12 8 8 
-8 11 -15 5 19 20 -18 15 -6 -5 16 13 12 3 9 1 4 -16 17 12 
2 10 21 5 11 15 9 11 -9 14 -15 -12 -8 -5 -17 12 13 11 -18 5 
1 15 -11 -15 -20 9 15 21 -1 15 -11 6 6 -8 17 6 10 6 -2 22 
14 11 -10 11 10 0 15 8 -2 4 -7 -12 -13 7 19 -1 18 10 5 5 
5 5 10 18 -1 19 7 -13 -12 -7 4 -2 8 15 0 10 11 -10 11 14 
22 -2 6 10 6 17 -8 6 6 -11 15 -1 21 15 9 -20 -15 -11 15 1 
5 -18 11 13 12 -17 -5 -8 -12 -15 14 -9 11 9 15 11 5 21 10 2 
12 17 -16 4 1 9 3 12 13 16 -5 -6 15 -18 20 19 5 -15 11 -8 
8 8 12 -16 3 3 6 -18 0 7 16 -12 -4 -10 22 9 -8 20 18 11 
10 20 -21 11 4 13 20 6 17 20 16 19 -21 15 15 -16 9 21 -1 -6 
-8 16 11 3 -9 7 6 -8 20 1 3 21 7 1 18 0 -4 -15 -18 13 
-19 2 2 -20 -4 17 15 12 14 -10 -4 -2 -2 12 -11 8 3 1 2 -16 
15 21 -17 22 4 -21 3 19 -13 19 -11 15 14 9 21 5 -1 19 -9 15 
-6 -3 14 -20 16 -21 19 20 11 -13 18 14 12 17 7 8 5 17 11 12 
91
1
11 17
8 2
0
0
