20 20
2 3 9 11 9 9 6 -3 4 0 10 11 -11 10 -5 1 2 -2 8 6 
9 -7 -2 6 6 1 11 -3 -3 3 1 -2 4 5 7 9 5 3 -6 -8 
-1 6 5 9 -11 4 -4 2 -10 6 1 2 4 -1 2 5 -1 9 -10 6 
0 -7 -7 7 9 1 11 11 5 3 8 5 -6 2 7 1 0 7 7 11 
10 11 11 8 -2 -1 5 -7 3 4 2 3 0 2 2 -6 0 6 7 4 
-1 4 6 5 11 -4 3 -1 10 9 9 -5 8 3 6 4 11 8 10 11 
-5 2 1 -10 9 10 1 10 9 5 -3 2 7 3 11 1 -11 -11 -3 -8 
-5 2 -6 2 0 8 10 -8 -3 -8 1 -2 3 7 7 -1 3 -10 5 5 
10 8 9 8 2 10 9 8 7 3 4 5 1 11 10 3 8 -7 1 8 
4 -11 4 5 2 -4 6 10 9 6 11 4 9 4 -11 -2 -7 1 -2 10 
10 -2 1 -7 -2 -11 4 9 4 11 6 9 10 6 -4 2 5 4 -11 4 
8 1 -7 8 3 10 11 1 5 4 3 7 8 9 10 2 8 9 8 10 
5 5 -10 3 -1 7 7 3 -2 1 -8 -3 -8 10 8 0 2 -6 2 -5 
-8 -3 -11 -11 1 11 3 7 2 -3 5 9 10 1 10 9 -10 1 2 -5 
11 10 8 11 4 6 3 8 -5 9 9 10 -1 3 -4 11 5 6 4 -1 
4 7 6 0 -6 2 2 0 3 2 4 3 -7 5 -1 -2 8 11 11 10 
11 7 7 0 1 7 2 -6 5 8 3 5 11 11 1 9 7 -7 -7 0 
6 -10 9 -1 5 2 -1 4 2 1 6 -10 2 -4 4 -11 9 5 6 -1 
-8 -6 3 5 9 7 5 4 -2 1 3 -3 -3 11 1 6 6 -2 -7 9 
6 8 -2 2 1 -5 10 -11 11 10 0 4 -3 6 9 9 11 9 3 2 
69
1
0 17
19 2
0
0
