20 20
2 0 0 8 -1 0 5 19 13 13 20 5 1 16 4 22 5 -17 -5 -10 
7 22 -4 3 -8 13 -7 -22 12 21 -9 15 12 19 20 8 17 5 1 21 
-21 1 13 -1 -1 17 7 -20 16 14 19 -12 20 5 17 14 13 -21 0 14 
11 12 5 -9 3 6 21 6 4 7 9 8 12 2 5 22 13 9 -18 6 
22 15 12 -7 -3 -18 2 -19 14 -8 -13 11 7 -16 23 21 7 12 21 21 
-13 21 -12 21 5 8 -18 5 1 7 12 19 -6 2 11 -4 9 8 21 -9 
11 18 23 -18 2 22 13 7 -9 -11 23 -3 -5 1 21 -15 7 8 7 17 
-5 -22 21 6 -23 16 -9 6 5 22 3 17 0 10 -23 7 5 11 15 11 
-21 1 4 18 7 22 18 5 9 2 0 19 -11 -7 20 -9 0 13 15 -5 
16 16 15 0 20 11 22 3 3 23 6 6 -6 5 -6 11 16 20 13 5 
5 13 20 16 11 -6 5 -6 6 6 23 3 3 22 11 20 0 15 16 16 
-5 15 13 0 -9 20 -7 -11 19 0 2 9 5 18 22 7 18 4 1 -21 
11 15 11 5 7 -23 10 0 17 3 22 5 6 -9 16 -23 6 21 -22 -5 
17 7 8 7 -15 21 1 -5 -3 23 -11 -9 7 13 22 2 -18 23 18 11 
-9 21 8 9 -4 11 2 -6 19 12 7 1 5 -18 8 5 21 -12 21 -13 
21 21 12 7 21 23 -16 7 11 -13 -8 14 -19 2 -18 -3 -7 12 15 22 
6 -18 9 13 22 5 2 12 8 9 7 4 6 21 6 3 -9 5 12 11 
14 0 -21 13 14 17 5 20 -12 19 14 16 -20 7 17 -1 -1 13 1 -21 
21 1 5 17 8 20 19 12 15 -9 21 12 -22 -7 13 -8 3 -4 22 7 
-10 -5 -17 5 22 4 16 1 5 20 13 13 19 5 0 -1 8 0 0 2 
71
1
15 7
4 12
0
0
