20 20
10 17 7 -13 -14 11 0 12 15 13 16 11 -11 2 7 -6 14 6 -11 -10 
10 -17 9 16 -18 -17 0 -18 10 2 -5 15 -16 11 10 7 3 18 -12 -16 
16 19 -14 -4 1 -4 2 2 5 8 19 4 1 -10 10 16 17 3 18 19 
11 18 1 14 12 12 9 -10 -2 -7 2 12 19 12 -2 0 2 8 4 -15 
15 14 12 -11 -8 19 -6 1 10 19 14 7 19 12 19 4 -1 4 5 4 
-19 2 8 7 3 13 4 6 8 9 -1 11 4 2 5 6 13 0 -14 12 
3 2 17 17 -2 -11 5 2 18 7 -11 -10 -4 19 -14 -3 16 -15 6 -18 
9 -17 7 -12 2 11 2 15 9 13 -7 13 6 10 16 9 -16 -4 4 3 
11 4 11 -8 0 2 8 8 14 11 18 -14 -7 3 17 19 17 11 3 2 
-14 18 16 0 9 16 -17 10 6 16 6 -9 6 15 -10 12 -17 4 -19 1 
1 -19 4 -17 12 -10 15 6 -9 6 16 6 10 -17 16 9 0 16 18 -14 
2 3 11 17 19 17 3 -7 -14 18 11 14 8 8 2 0 -8 11 4 11 
3 4 -4 -16 9 16 10 6 13 -7 13 9 15 2 11 2 -12 7 -17 9 
-18 6 -15 16 -3 -14 19 -4 -10 -11 7 18 2 5 -11 -2 17 17 2 3 
12 -14 0 13 6 5 2 4 11 -1 9 8 6 4 13 3 7 8 2 -19 
4 5 4 -1 4 19 12 19 7 14 19 10 1 -6 19 -8 -11 12 14 15 
-15 4 8 2 0 -2 12 19 12 2 -7 -2 -10 9 12 12 14 1 18 11 
19 18 3 17 16 10 -10 1 4 19 8 5 2 2 -4 1 -4 -14 19 16 
-16 -12 18 3 7 10 11 -16 15 -5 2 10 -18 0 -17 -18 16 9 -17 10 
-10 -11 6 14 -6 7 2 -11 11 16 13 15 12 0 11 -14 -13 7 17 10 
125
1
11 9
8 10
0
0
