20 20
-8 -8 4 -5 10 8 1 10 18 -3 -3 21 2 -9 -8 11 -16 15 7 21 
-15 2 10 -5 10 -18 16 13 -6 3 -13 9 15 -13 7 1 1 1 18 12 
-11 13 5 1 -20 -12 7 15 14 17 -16 13 3 20 3 -16 5 16 10 12 
-11 20 11 5 5 7 19 -10 12 10 -12 9 19 7 5 -17 20 13 15 19 
-9 15 -13 -20 -14 15 -19 18 15 -10 3 3 -16 18 21 -5 16 16 13 15 
-14 17 20 -10 1 4 13 10 1 21 12 -19 10 12 1 8 20 20 8 19 
6 21 2 15 9 6 -9 2 3 1 1 1 2 1 7 21 6 -12 14 0 
18 -17 -9 14 4 -14 7 -11 3 5 4 -17 6 -13 -18 11 7 17 11 1 
-15 -19 14 -19 1 13 2 16 10 5 15 -13 -6 -3 3 12 -7 1 -7 19 
21 17 5 4 13 7 4 15 11 -20 17 20 6 -20 4 13 15 2 4 12 
12 4 2 15 13 4 -20 6 20 17 -20 11 15 4 7 13 4 5 17 21 
19 -7 1 -7 12 3 -3 -6 -13 15 5 10 16 2 13 1 -19 14 -19 -15 
1 11 17 7 11 -18 -13 6 -17 4 5 3 -11 7 -14 4 14 -9 -17 18 
0 14 -12 6 21 7 1 2 1 1 1 3 2 -9 6 9 15 2 21 6 
19 8 20 20 8 1 12 10 -19 12 21 1 10 13 4 1 -10 20 17 -14 
15 13 16 16 -5 21 18 -16 3 3 -10 15 18 -19 15 -14 -20 -13 15 -9 
19 15 13 20 -17 5 7 19 9 -12 10 12 -10 19 7 5 5 11 20 -11 
12 10 16 5 -16 3 20 3 13 -16 17 14 15 7 -12 -20 1 5 13 -11 
12 18 1 1 1 7 -13 15 9 -13 3 -6 13 16 -18 10 -5 10 2 -15 
21 7 15 -16 11 -8 -9 2 21 -3 -3 18 10 1 8 10 -5 4 -8 -8 
85
1
8 7
11 12
0
0
