20 20
11 2 4 -7 18 9 13 9 -19 6 9 1 -12 6 13 9 19 2 11 5 
-3 -16 7 8 6 4 7 -7 3 5 10 -4 14 13 2 16 0 15 17 17 
5 7 3 18 10 7 19 12 11 8 3 16 7 11 10 12 16 15 13 -6 
7 2 19 12 10 7 7 10 -16 12 6 1 3 18 -6 4 9 7 -8 8 
12 -8 -1 17 17 5 -9 -4 0 10 9 17 19 11 -16 -16 1 -12 19 -1 
11 6 15 9 -17 16 15 -19 16 -14 0 12 7 -9 19 5 -14 15 7 12 
15 -1 -14 17 8 7 10 16 7 3 1 -3 12 -15 17 15 3 2 2 9 
18 15 -3 -18 16 -7 13 14 5 -16 16 11 -18 16 -7 4 15 6 14 8 
11 6 16 7 11 1 6 1 9 -7 11 6 12 2 2 18 6 13 13 13 
9 6 15 14 8 -11 8 17 4 13 5 6 15 11 3 16 0 -5 9 17 
17 9 -5 0 16 3 11 15 6 5 13 4 17 8 -11 8 14 15 6 9 
13 13 13 6 18 2 2 12 6 11 -7 9 1 6 1 11 7 16 6 11 
8 14 6 15 4 -7 16 -18 11 16 -16 5 14 13 -7 16 -18 -3 15 18 
9 2 2 3 15 17 -15 12 -3 1 3 7 16 10 7 8 17 -14 -1 15 
12 7 15 -14 5 19 -9 7 12 0 -14 16 -19 15 16 -17 9 15 6 11 
-1 19 -12 1 -16 -16 11 19 17 9 10 0 -4 -9 5 17 17 -1 -8 12 
8 -8 7 9 4 -6 18 3 1 6 12 -16 10 7 7 10 12 19 2 7 
-6 13 15 16 12 10 11 7 16 3 8 11 12 19 7 10 18 3 7 5 
17 17 15 0 16 2 13 14 -4 10 5 3 -7 7 4 6 8 7 -16 -3 
5 11 2 19 9 13 6 -12 1 9 6 -19 9 13 9 18 -7 4 2 11 
69
1
5 9
14 10
0
0
