20 20
4 7 3 2 12 4 7 1 8 -4 0 2 2 -9 10 9 7 1 11 12 
-4 6 8 10 4 -3 13 -12 -2 11 -3 4 11 7 3 4 7 1 6 -12 
1 10 10 10 5 8 4 12 5 8 1 1 13 10 -5 12 -10 4 11 -11 
6 2 0 5 13 3 5 12 -9 11 -9 13 11 9 -8 11 1 -8 3 -8 
3 6 9 1 11 10 13 -9 -1 3 -2 2 -8 0 6 -5 -5 -2 13 12 
4 13 7 5 -3 0 12 13 -4 -7 11 7 7 3 5 5 8 9 1 12 
2 -5 10 7 6 8 1 12 6 13 -4 9 8 7 1 6 8 1 12 6 
-8 3 8 4 0 1 13 3 7 7 11 2 -1 2 -13 1 5 11 0 -6 
-6 0 -2 4 3 12 0 -13 -11 11 -2 1 1 8 -11 13 -8 6 1 9 
4 0 5 12 9 2 -10 3 -10 -6 3 6 12 3 1 5 3 7 -5 5 
5 -5 7 3 5 1 3 12 6 3 -6 -10 3 -10 2 9 12 5 0 4 
9 1 6 -8 13 -11 8 1 1 -2 11 -11 -13 0 12 3 4 -2 0 -6 
-6 0 11 5 1 -13 2 -1 2 11 7 7 3 13 1 0 4 8 3 -8 
6 12 1 8 6 1 7 8 9 -4 13 6 12 1 8 6 7 10 -5 2 
12 1 9 8 5 5 3 7 7 11 -7 -4 13 12 0 -3 5 7 13 4 
12 13 -2 -5 -5 6 0 -8 2 -2 3 -1 -9 13 10 11 1 9 6 3 
-8 3 -8 1 11 -8 9 11 13 -9 11 -9 12 5 3 13 5 0 2 6 
-11 11 4 -10 12 -5 10 13 1 1 8 5 12 4 8 5 10 10 10 1 
-12 6 1 7 4 3 7 11 4 -3 11 -2 -12 13 -3 4 10 8 6 -4 
12 11 1 7 9 10 -9 2 2 0 -4 8 1 7 4 12 2 3 7 4 
56
1
7 0
12 19
0
0
