20 20
1 -11 8 -9 -4 1 16 3 -17 5 3 -9 3 16 6 -2 -12 7 8 17 
1 12 8 2 -16 3 12 7 13 -12 13 13 -10 12 5 11 -12 12 1 -4 
13 -6 17 4 -1 10 4 2 5 13 -3 -4 3 -7 4 5 17 11 15 2 
9 10 7 -11 8 5 -8 2 -14 2 4 4 5 13 11 15 17 1 10 10 
3 -17 8 4 0 14 15 13 5 4 14 -11 14 6 5 1 9 15 -16 -17 
4 -3 10 13 12 -1 17 2 13 -5 17 0 13 4 8 -16 1 -7 -13 9 
17 -9 13 6 9 16 11 7 1 -14 15 5 4 13 -9 1 6 14 13 2 
5 17 11 13 -13 -6 6 -8 15 4 4 3 14 15 16 16 16 1 5 1 
10 3 15 10 -1 6 -3 1 0 11 -9 10 3 10 12 -15 2 15 14 15 
7 3 -11 -3 6 17 11 6 -5 13 -9 9 1 4 -1 13 -9 -10 15 -6 
-6 15 -10 -9 13 -1 4 1 9 -9 13 -5 6 11 17 6 -3 -11 3 7 
15 14 15 2 -15 12 10 3 10 -9 11 0 1 -3 6 -1 10 15 3 10 
1 5 1 16 16 16 15 14 3 4 4 15 -8 6 -6 -13 13 11 17 5 
2 13 14 6 1 -9 13 4 5 15 -14 1 7 11 16 9 6 13 -9 17 
9 -13 -7 1 -16 8 4 13 0 17 -5 13 2 17 -1 12 13 10 -3 4 
-17 -16 15 9 1 5 6 14 -11 14 4 5 13 15 14 0 4 8 -17 3 
10 10 1 17 15 11 13 5 4 4 2 -14 2 -8 5 8 -11 7 10 9 
2 15 11 17 5 4 -7 3 -4 -3 13 5 2 4 10 -1 4 17 -6 13 
-4 1 12 -12 11 5 12 -10 13 13 -12 13 7 12 3 -16 2 8 12 1 
17 8 7 -12 -2 6 16 3 -9 3 5 -17 3 16 1 -4 -9 8 -11 1 
94
1
17 15
2 4
0
0
