20 20
8 -15 -11 -7 3 1 5 -8 -16 11 6 17 18 14 -1 15 7 7 7 -7 
-1 -3 13 11 -3 4 3 3 8 -18 6 7 9 14 8 10 3 -21 19 15 
-13 9 -20 15 5 16 -21 16 18 21 15 0 -19 2 12 6 13 2 19 7 
7 14 7 12 13 4 -12 0 11 4 19 -12 -14 -13 13 8 16 6 -12 13 
13 -20 -9 5 11 13 -14 5 14 1 16 6 8 7 20 13 -11 -9 -8 4 
12 4 1 21 21 12 -15 -9 10 11 9 -1 7 1 -17 19 7 13 7 -13 
0 1 -16 -1 -1 16 9 16 8 20 21 -8 -5 2 -5 18 3 17 4 9 
11 -2 3 14 -16 -19 11 -17 9 6 5 8 2 0 21 -9 7 13 6 14 
-10 20 -3 4 2 -16 -15 -14 9 -19 6 18 3 3 2 21 10 9 4 15 
4 16 -17 20 19 21 14 -1 -2 10 -5 12 1 -8 21 13 0 -11 12 -21 
-21 12 -11 0 13 21 -8 1 12 -5 10 -2 -1 14 21 19 20 -17 16 4 
15 4 9 10 21 2 3 3 18 6 -19 9 -14 -15 -16 2 4 -3 20 -10 
14 6 13 7 -9 21 0 2 8 5 6 9 -17 11 -19 -16 14 3 -2 11 
9 4 17 3 18 -5 2 -5 -8 21 20 8 16 9 16 -1 -1 -16 1 0 
-13 7 13 7 19 -17 1 7 -1 9 11 10 -9 -15 12 21 21 1 4 12 
4 -8 -9 -11 13 20 7 8 6 16 1 14 5 -14 13 11 5 -9 -20 13 
13 -12 6 16 8 13 -13 -14 -12 19 4 11 0 -12 4 13 12 7 14 7 
7 19 2 13 6 12 2 -19 0 15 21 18 16 -21 16 5 15 -20 9 -13 
15 19 -21 3 10 8 14 9 7 6 -18 8 3 3 4 -3 11 13 -3 -1 
-7 7 7 7 15 -1 14 18 17 6 11 -16 -8 5 1 3 -7 -11 -15 8 
128
1
3 11
16 8
0
0
