20 20
-13 5 6 9 0 9 -7 3 12 7 3 6 3 12 2 4 0 11 8 -2 
2 10 3 -13 -4 11 12 8 13 0 9 7 13 0 1 2 2 8 4 4 
6 11 5 -4 12 -6 8 -12 -4 0 3 9 11 1 -13 5 10 5 3 8 
12 -10 -7 5 5 13 -6 3 5 -5 11 9 -2 -9 8 1 2 -3 4 8 
-4 2 1 13 12 2 8 12 11 0 11 -2 9 -6 11 12 7 12 5 1 
-12 -5 10 10 7 -6 -11 -3 -10 0 5 13 -12 2 -12 7 0 3 1 6 
3 7 -3 7 12 12 -1 -4 -8 8 12 8 10 8 2 4 -7 2 11 -10 
-10 6 3 5 5 -10 1 -9 11 -3 12 0 -5 0 10 10 5 0 12 12 
3 2 -5 9 9 1 9 6 4 6 12 13 7 2 -12 13 11 10 4 5 
11 13 10 -11 4 9 10 12 3 -10 0 10 3 9 5 12 1 0 13 -1 
-1 13 0 1 12 5 9 3 10 0 -10 3 12 10 9 4 -11 10 13 11 
5 4 10 11 13 -12 2 7 13 12 6 4 6 9 1 9 9 -5 2 3 
12 12 0 5 10 10 0 -5 0 12 -3 11 -9 1 -10 5 5 3 6 -10 
-10 11 2 -7 4 2 8 10 8 12 8 -8 -4 -1 12 12 7 -3 7 3 
6 1 3 0 7 -12 2 -12 13 5 0 -10 -3 -11 -6 7 10 10 -5 -12 
1 5 12 7 12 11 -6 9 -2 11 0 11 12 8 2 12 13 1 2 -4 
8 4 -3 2 1 8 -9 -2 9 11 -5 5 3 -6 13 5 5 -7 -10 12 
8 3 5 10 5 -13 1 11 9 3 0 -4 -12 8 -6 12 -4 5 11 6 
4 4 8 2 2 1 0 13 7 9 0 13 8 12 11 -4 -13 3 10 2 
-2 8 11 0 4 2 12 3 6 3 7 12 3 -7 9 0 9 6 5 -13 
54
1
18 19
1 0
0
0
