20 20
16 13 12 1 1 -5 16 7 -11 7 -4 10 -16 16 -16 -3 7 7 2 -5 
11 10 11 15 -12 12 14 4 -13 -2 12 -11 11 7 -1 -6 9 9 12 8 
-4 15 0 8 2 3 9 -8 6 2 4 11 12 0 16 1 1 16 -15 8 
9 4 -14 10 1 -8 -11 16 12 9 13 5 8 9 1 -5 13 8 7 5 
1 2 -6 1 -14 15 2 15 -12 7 7 14 4 6 -10 4 1 -10 15 9 
-2 14 8 1 -5 5 11 11 -3 -4 8 5 15 -12 3 9 -10 11 -3 9 
7 -15 1 -10 4 16 9 13 8 -3 0 4 14 16 12 16 2 -4 16 -5 
13 1 -14 3 9 14 7 -1 -7 13 -4 -4 -16 13 6 5 15 -4 9 -15 
10 2 0 9 8 4 4 13 3 8 10 -12 14 15 11 10 2 5 16 -9 
-5 -14 -15 5 11 15 6 5 15 13 -16 2 7 15 14 14 -1 16 -4 3 
3 -4 16 -1 14 14 15 7 2 -16 13 15 5 6 15 11 5 -15 -14 -5 
-9 16 5 2 10 11 15 14 -12 10 8 3 13 4 4 8 9 0 2 10 
-15 9 -4 15 5 6 13 -16 -4 -4 13 -7 -1 7 14 9 3 -14 1 13 
-5 16 -4 2 16 12 16 14 4 0 -3 8 13 9 16 4 -10 1 -15 7 
9 -3 11 -10 9 3 -12 15 5 8 -4 -3 11 11 5 -5 1 8 14 -2 
9 15 -10 1 4 -10 6 4 14 7 7 -12 15 2 15 -14 1 -6 2 1 
5 7 8 13 -5 1 9 8 5 13 9 12 16 -11 -8 1 10 -14 4 9 
8 -15 16 1 1 16 0 12 11 4 2 6 -8 9 3 2 8 0 15 -4 
8 12 9 9 -6 -1 7 11 -11 12 -2 -13 4 14 12 -12 15 11 10 11 
-5 2 7 7 -3 -16 16 -16 10 -4 7 -11 7 16 -5 1 1 12 13 16 
46
1
3 15
16 4
0
0
