20 20
-22 10 25 19 -14 14 -29 0 6 20 12 11 -21 17 2 18 -24 -7 1 27 
10 8 12 -2 20 4 24 14 -8 9 -26 1 26 -17 -9 13 3 22 12 15 
25 -22 24 -18 1 17 23 23 30 -27 18 30 -19 5 -25 26 -17 4 4 1 
-9 18 3 -10 13 9 7 -24 27 -25 12 25 11 2 15 17 3 14 -30 -2 
29 -22 10 -8 1 12 5 22 1 18 22 9 6 18 4 -6 6 24 -10 22 
18 13 18 7 5 -13 18 22 7 22 25 3 21 1 12 9 9 10 25 5 
13 -16 12 -26 -1 25 -23 19 -14 22 5 20 14 27 10 15 12 3 15 17 
-6 -26 29 -5 23 11 -1 26 13 0 -30 -22 -25 4 -16 6 19 23 26 -27 
-4 12 18 3 3 5 29 -10 26 -29 8 15 29 -5 2 21 7 8 7 22 
-1 19 -16 23 10 10 28 8 4 -16 -9 -25 7 14 28 -3 24 24 9 -24 
-24 9 24 24 -3 28 14 7 -25 -9 -16 4 8 28 10 10 23 -16 19 -1 
22 7 8 7 21 2 -5 29 15 8 -29 26 -10 29 5 3 3 18 12 -4 
-27 26 23 19 6 -16 4 -25 -22 -30 0 13 26 -1 11 23 -5 29 -26 -6 
17 15 3 12 15 10 27 14 20 5 22 -14 19 -23 25 -1 -26 12 -16 13 
5 25 10 9 9 12 1 21 3 25 22 7 22 18 -13 5 7 18 13 18 
22 -10 24 6 -6 4 18 6 9 22 18 1 22 5 12 1 -8 10 -22 29 
-2 -30 14 3 17 15 2 11 25 12 -25 27 -24 7 9 13 -10 3 18 -9 
1 4 4 -17 26 -25 5 -19 30 18 -27 30 23 23 17 1 -18 24 -22 25 
15 12 22 3 13 -9 -17 26 1 -26 9 -8 14 24 4 20 -2 12 8 10 
27 1 -7 -24 18 2 17 -21 11 12 20 6 0 -29 14 -14 19 25 10 -22 
35
1
2 18
17 1
0
0
