20 20
14 11 15 9 -12 4 5 20 5 10 24 21 17 -26 24 -17 -23 13 -2 3 
22 21 7 17 5 -2 24 6 -16 23 27 -7 7 14 22 27 -13 19 -14 -21 
10 5 -24 19 -13 -27 16 2 19 21 20 13 17 -22 -6 23 18 2 0 -7 
4 24 27 12 20 3 5 1 -14 27 -3 -11 8 -6 12 -21 10 18 1 -6 
0 -1 4 12 21 9 21 23 10 -2 -15 21 3 2 7 -25 -12 22 19 -11 
11 21 6 -26 8 2 14 15 2 7 12 -1 11 -17 10 13 9 17 14 16 
23 10 25 22 11 6 19 11 26 23 -20 1 24 21 3 2 24 4 -10 25 
8 -11 -9 21 -8 3 -27 0 4 -9 -18 15 8 17 4 4 -6 16 15 3 
16 5 27 13 13 9 25 19 21 -21 20 18 22 11 -5 -5 -17 14 12 20 
-26 9 -25 12 -24 3 9 6 20 -10 -13 20 14 3 0 23 10 26 -19 21 
21 -19 26 10 23 0 3 14 20 -13 -10 20 6 9 3 -24 12 -25 9 -26 
20 12 14 -17 -5 -5 11 22 18 20 -21 21 19 25 9 13 13 27 5 16 
3 15 16 -6 4 4 17 8 15 -18 -9 4 0 -27 3 -8 21 -9 -11 8 
25 -10 4 24 2 3 21 24 1 -20 23 26 11 19 6 11 22 25 10 23 
16 14 17 9 13 10 -17 11 -1 12 7 2 15 14 2 8 -26 6 21 11 
-11 19 22 -12 -25 7 2 3 21 -15 -2 10 23 21 9 21 12 4 -1 0 
-6 1 18 10 -21 12 -6 8 -11 -3 27 -14 1 5 3 20 12 27 24 4 
-7 0 2 18 23 -6 -22 17 13 20 21 19 2 16 -27 -13 19 -24 5 10 
-21 -14 19 -13 27 22 14 7 -7 27 23 -16 6 24 -2 5 17 7 21 22 
3 -2 13 -23 -17 24 -26 17 21 24 10 5 20 5 4 -12 9 15 11 14 
75
1
11 16
8 3
0
0
