20 20
1 0 9 20 16 4 -9 13 1 6 6 13 1 10 -10 -12 20 -19 2 10 
4 11 18 -22 16 7 -17 13 -20 7 7 9 -16 7 16 10 13 18 21 2 
0 -18 10 10 11 19 11 2 16 22 4 16 18 14 22 5 9 8 13 3 
20 1 18 10 -1 -7 1 11 -18 -18 -18 22 1 17 -1 17 20 6 -15 0 
-7 3 2 6 -4 -11 10 -5 0 -6 22 -12 -1 20 9 17 14 8 6 -19 
-16 21 -10 18 5 14 5 -2 -4 -15 20 19 6 -21 9 8 21 21 9 17 
19 20 5 12 14 16 -4 11 18 0 3 -17 5 15 -2 9 14 6 15 -21 
22 21 -19 -20 10 11 0 9 10 12 -20 -2 12 3 3 -12 1 14 18 4 
5 1 5 -22 19 16 5 -6 14 -17 22 12 22 12 16 9 21 3 15 2 
16 19 -12 11 20 -3 9 16 15 21 11 13 -15 5 -19 -16 -13 -22 -12 -9 
-9 -12 -22 -13 -16 -19 5 -15 13 11 21 15 16 9 -3 20 11 -12 19 16 
2 15 3 21 9 16 12 22 12 22 -17 14 -6 5 16 19 -22 5 1 5 
4 18 14 1 -12 3 3 12 -2 -20 12 10 9 0 11 10 -20 -19 21 22 
-21 15 6 14 9 -2 15 5 -17 3 0 18 11 -4 16 14 12 5 20 19 
17 9 21 21 8 9 -21 6 19 20 -15 -4 -2 5 14 5 18 -10 21 -16 
-19 6 8 14 17 9 20 -1 -12 22 -6 0 -5 10 -11 -4 6 2 3 -7 
0 -15 6 20 17 -1 17 1 22 -18 -18 -18 11 1 -7 -1 10 18 1 20 
3 13 8 9 5 22 14 18 16 4 22 16 2 11 19 11 10 10 -18 0 
2 21 18 13 10 16 7 -16 9 7 7 -20 13 -17 7 16 -22 18 11 4 
10 2 -19 20 -12 -10 10 1 13 6 6 1 13 -9 4 16 20 9 0 1 
109
1
17 18
2 1
0
0
