20 20
4 6 3 6 -11 -5 -2 7 11 -7 13 7 7 4 1 3 13 1 10 12 
6 5 4 -7 10 6 9 -1 -6 11 11 6 6 5 -3 5 -1 4 6 -6 
0 1 -3 12 13 9 -9 2 10 5 -7 4 0 -10 -12 8 4 -5 -1 0 
1 2 -2 1 3 9 6 -4 13 -6 -3 -13 -6 3 4 7 -13 1 4 -5 
4 2 9 9 -4 -10 -12 -2 -1 7 12 -4 -3 2 10 11 5 0 11 4 
5 4 8 -6 -12 2 12 11 2 -11 10 2 -3 -5 2 8 1 3 3 -13 
3 3 -8 8 5 13 12 -4 -4 7 -8 -9 1 8 3 6 -8 7 8 8 
9 1 -2 12 10 2 -9 9 8 6 -11 13 -13 1 6 6 -11 4 7 13 
11 0 2 3 6 7 10 4 0 -1 1 11 -8 4 12 1 2 4 10 13 
-3 2 11 -3 3 1 0 12 4 7 -8 1 -11 12 12 4 10 4 4 11 
11 4 4 10 4 12 12 -11 1 -8 7 4 12 0 1 3 -3 11 2 -3 
13 10 4 2 1 12 4 -8 11 1 -1 0 4 10 7 6 3 2 0 11 
13 7 4 -11 6 6 1 -13 13 -11 6 8 9 -9 2 10 12 -2 1 9 
8 8 7 -8 6 3 8 1 -9 -8 7 -4 -4 12 13 5 8 -8 3 3 
-13 3 3 1 8 2 -5 -3 2 10 -11 2 11 12 2 -12 -6 8 4 5 
4 11 0 5 11 10 2 -3 -4 12 7 -1 -2 -12 -10 -4 9 9 2 4 
-5 4 1 -13 7 4 3 -6 -13 -3 -6 13 -4 6 9 3 1 -2 2 1 
0 -1 -5 4 8 -12 -10 0 4 -7 5 10 2 -9 9 13 12 -3 1 0 
-6 6 4 -1 5 -3 5 6 6 11 11 -6 -1 9 6 10 -7 4 5 6 
12 10 1 13 3 1 4 7 7 13 -7 11 7 -2 -5 -11 6 3 6 4 
66
1
11 10
8 9
0
0
