20 20
1 -5 11 9 17 15 10 8 17 15 13 11 7 18 -3 1 18 5 14 9 
-13 9 3 -10 8 4 3 -5 11 12 4 4 18 1 12 -1 10 2 12 18 
10 15 -4 14 9 12 7 13 10 4 5 16 17 7 -6 1 -14 -2 8 6 
-13 6 -3 17 4 0 -11 12 7 12 -17 -18 -15 10 14 8 14 12 17 10 
11 -1 12 7 18 3 5 -5 4 -3 -10 -4 18 5 18 9 15 12 -16 6 
-5 16 0 -7 1 9 -7 6 -6 -13 0 17 6 5 17 -3 7 12 -15 -2 
8 6 2 18 4 -1 11 -8 7 10 -1 10 17 3 5 12 1 -1 9 1 
1 -6 11 0 -18 -16 9 7 12 10 4 14 13 13 15 9 13 1 -17 18 
-2 7 -1 7 2 3 18 15 1 12 8 -4 -8 11 13 11 5 -13 6 4 
17 14 0 6 14 16 0 -13 12 11 12 -6 4 12 15 8 8 4 18 13 
13 18 4 8 8 15 12 4 -6 12 11 12 -13 0 16 14 6 0 14 17 
4 6 -13 5 11 13 11 -8 -4 8 12 1 15 18 3 2 7 -1 7 -2 
18 -17 1 13 9 15 13 13 14 4 10 12 7 9 -16 -18 0 11 -6 1 
1 9 -1 1 12 5 3 17 10 -1 10 7 -8 11 -1 4 18 2 6 8 
-2 -15 12 7 -3 17 5 6 17 0 -13 -6 6 -7 9 1 -7 0 16 -5 
6 -16 12 15 9 18 5 18 -4 -10 -3 4 -5 5 3 18 7 12 -1 11 
10 17 12 14 8 14 10 -15 -18 -17 12 7 12 -11 0 4 17 -3 6 -13 
6 8 -2 -14 1 -6 7 17 16 5 4 10 13 7 12 9 14 -4 15 10 
18 12 2 10 -1 12 1 18 4 4 12 11 -5 3 4 8 -10 3 9 -13 
9 14 5 18 1 -3 18 7 11 13 15 17 8 10 15 17 9 11 -5 1 
147
1
7 8
12 11
0
0
