20 20
27 8 6 23 17 11 -18 7 -3 -9 3 10 6 27 0 15 21 -2 18 18 
11 -12 3 23 18 8 24 25 1 10 2 11 -1 -18 -12 6 12 16 24 16 
4 28 -6 4 1 25 7 27 23 26 12 29 8 -14 -24 13 5 20 28 17 
-20 4 21 -12 -6 -4 2 18 5 26 24 27 17 -14 22 -21 -28 1 28 19 
2 5 27 -10 17 -23 2 -27 14 9 -4 18 16 28 20 3 -18 13 -6 2 
13 -26 7 2 -1 14 3 25 14 16 28 9 29 -27 4 21 -7 23 16 28 
26 20 24 -14 3 19 -17 8 4 18 12 10 9 20 26 -27 9 -21 -19 -21 
6 -20 13 -9 10 1 5 24 16 -8 13 18 15 29 8 21 0 18 25 12 
28 -6 21 -13 4 -24 3 -18 14 17 24 -1 23 11 22 -29 12 1 29 21 
24 2 21 11 11 18 -11 18 28 12 2 14 28 5 -6 12 -13 1 -14 -13 
-13 -14 1 -13 12 -6 5 28 14 2 12 28 18 -11 18 11 11 21 2 24 
21 29 1 12 -29 22 11 23 -1 24 17 14 -18 3 -24 4 -13 21 -6 28 
12 25 18 0 21 8 29 15 18 13 -8 16 24 5 1 10 -9 13 -20 6 
-21 -19 -21 9 -27 26 20 9 10 12 18 4 8 -17 19 3 -14 24 20 26 
28 16 23 -7 21 4 -27 29 9 28 16 14 25 3 14 -1 2 7 -26 13 
2 -6 13 -18 3 20 28 16 18 -4 9 14 -27 2 -23 17 -10 27 5 2 
19 28 1 -28 -21 22 -14 17 27 24 26 5 18 2 -4 -6 -12 21 4 -20 
17 28 20 5 13 -24 -14 8 29 12 26 23 27 7 25 1 4 -6 28 4 
16 24 16 12 6 -12 -18 -1 11 2 10 1 25 24 8 18 23 3 -12 11 
18 18 -2 21 15 0 27 6 10 3 -9 -3 7 -18 11 17 23 6 8 27 
30
1
15 5
4 14
0
0
