20 20
5 -3 0 -1 4 -2 4 9 -7 4 8 1 1 0 4 6 12 1 -7 -4 
11 12 11 1 1 -10 -11 0 7 -12 7 -10 8 11 1 -8 -1 2 5 2 
1 12 -12 12 4 8 4 -4 9 3 0 9 1 9 -2 -12 0 -1 -3 1 
4 5 3 4 1 5 -11 5 5 3 0 -4 -2 -12 1 1 6 12 7 -11 
-9 3 12 9 8 12 -1 8 6 6 3 -9 4 10 7 11 12 -10 -4 -1 
3 5 -8 -9 -1 0 8 -7 1 7 11 -3 3 1 4 4 -2 4 3 4 
2 -11 5 11 -3 -10 1 10 -3 11 3 0 9 1 10 5 7 -12 3 2 
-11 2 7 8 -12 9 -11 4 5 1 -10 5 4 9 -12 3 0 5 1 7 
5 3 7 -3 2 6 12 -10 6 11 -9 -9 5 -12 5 -9 2 5 2 2 
4 1 5 0 1 2 -8 5 3 8 2 4 0 12 10 2 9 12 2 -1 
-1 2 12 9 2 10 12 0 4 2 8 3 5 -8 2 1 0 5 1 4 
2 2 5 2 -9 5 -12 5 -9 -9 11 6 -10 12 6 2 -3 7 3 5 
7 1 5 0 3 -12 9 4 5 -10 1 5 4 -11 9 -12 8 7 2 -11 
2 3 -12 7 5 10 1 9 0 3 11 -3 10 1 -10 -3 11 5 -11 2 
4 3 4 -2 4 4 1 3 -3 11 7 1 -7 8 0 -1 -9 -8 5 3 
-1 -4 -10 12 11 7 10 4 -9 3 6 6 8 -1 12 8 9 12 3 -9 
-11 7 12 6 1 1 -12 -2 -4 0 3 5 5 -11 5 1 4 3 5 4 
1 -3 -1 0 -12 -2 9 1 9 0 3 9 -4 4 8 4 12 -12 12 1 
2 5 2 -1 -8 1 11 8 -10 7 -12 7 0 -11 -10 1 1 11 12 11 
-4 -7 1 12 6 4 0 1 1 8 4 -7 9 4 -2 4 -1 0 -3 5 
142
1
5 16
14 3
0
0
