20 20
-4 10 -7 14 1 21 -17 10 22 13 23 18 15 8 15 12 23 13 -16 14 
12 21 21 -1 16 -2 0 10 12 17 9 -11 18 1 -9 11 1 22 15 13 
21 9 15 1 -5 19 -11 10 -12 11 11 2 19 21 -9 13 6 4 8 4 
15 18 5 11 -23 10 5 -7 18 -7 15 7 20 -4 -1 10 8 -17 18 11 
-22 -14 23 12 15 -2 21 11 11 19 23 5 19 11 -11 -14 10 12 10 14 
3 4 13 -17 10 -9 3 4 4 21 -16 6 21 -1 -3 -22 8 19 -4 14 
14 7 5 22 2 2 15 23 15 9 7 16 3 11 7 -11 -16 13 -13 23 
9 16 -8 3 0 -15 13 15 21 8 -22 -1 15 -17 6 -5 2 3 10 -2 
13 21 22 21 12 10 4 0 18 23 17 -3 19 4 -16 2 5 7 -14 -17 
18 -10 13 10 10 14 2 5 10 1 8 -9 6 12 5 10 14 10 -5 21 
21 -5 10 14 10 5 12 6 -9 8 1 10 5 2 14 10 10 13 -10 18 
-17 -14 7 5 2 -16 4 19 -3 17 23 18 0 4 10 12 21 22 21 13 
-2 10 3 2 -5 6 -17 15 -1 -22 8 21 15 13 -15 0 3 -8 16 9 
23 -13 13 -16 -11 7 11 3 16 7 9 15 23 15 2 2 22 5 7 14 
14 -4 19 8 -22 -3 -1 21 6 -16 21 4 4 3 -9 10 -17 13 4 3 
14 10 12 10 -14 -11 11 19 5 23 19 11 11 21 -2 15 12 23 -14 -22 
11 18 -17 8 10 -1 -4 20 7 15 -7 18 -7 5 10 -23 11 5 18 15 
4 8 4 6 13 -9 21 19 2 11 11 -12 10 -11 19 -5 1 15 9 21 
13 15 22 1 11 -9 1 18 -11 9 17 12 10 0 -2 16 -1 21 21 12 
14 -16 13 23 12 15 8 15 18 23 13 22 10 -17 21 1 14 -7 10 -4 
30
1
1 3
18 16
0
0
