20 20
14 18 -19 -4 -19 17 0 9 15 14 -13 16 15 -16 1 -18 12 18 18 5 
15 2 -19 8 5 14 19 9 -4 12 8 2 -9 19 18 3 13 12 15 1 
19 -18 16 4 18 4 17 9 18 -2 18 -4 13 -8 -9 1 8 6 -8 16 
-4 1 11 -11 -5 18 15 -17 7 9 -18 16 18 -13 10 13 8 18 -1 18 
11 7 5 19 9 -10 1 14 4 14 -8 4 10 -2 0 15 19 6 8 7 
17 -14 4 -13 0 2 18 15 5 -1 -9 -11 14 -13 15 -6 -2 2 -18 10 
-6 -18 14 1 11 0 17 -19 7 16 8 11 14 16 18 5 -18 12 19 19 
11 5 -4 13 -17 1 19 18 5 16 18 2 17 17 15 4 -9 9 -11 -7 
3 15 5 13 12 2 18 6 17 10 18 15 19 -16 0 16 2 -12 -17 18 
14 3 19 14 9 18 13 11 -9 3 6 12 18 -17 -3 2 9 13 15 18 
18 15 13 9 2 -3 -17 18 12 6 3 -9 11 13 18 9 14 19 3 14 
18 -17 -12 2 16 0 -16 19 15 18 10 17 6 18 2 12 13 5 15 3 
-7 -11 9 -9 4 15 17 17 2 18 16 5 18 19 1 -17 13 -4 5 11 
19 19 12 -18 5 18 16 14 11 8 16 7 -19 17 0 11 1 14 -18 -6 
10 -18 2 -2 -6 15 -13 14 -11 -9 -1 5 15 18 2 0 -13 4 -14 17 
7 8 6 19 15 0 -2 10 4 -8 14 4 14 1 -10 9 19 5 7 11 
18 -1 18 8 13 10 -13 18 16 -18 9 7 -17 15 18 -5 -11 11 1 -4 
16 -8 6 8 1 -9 -8 13 -4 18 -2 18 9 17 4 18 4 16 -18 19 
1 15 12 13 3 18 19 -9 2 8 12 -4 9 19 14 5 8 -19 2 15 
5 18 18 12 -18 1 -16 15 16 -13 14 15 9 0 17 -19 -4 -19 18 14 
136
1
9 15
10 4
0
0
