20 20
2 -4 4 17 15 -6 -16 18 6 10 1 4 4 -12 14 18 9 0 -19 2 
7 1 13 -17 10 -2 6 18 1 8 10 9 12 4 5 7 3 4 19 10 
-10 -1 -13 -13 12 15 5 3 17 -9 -2 -11 -3 9 5 8 4 6 17 -7 
14 4 15 10 18 1 0 -19 8 7 12 12 8 13 6 16 7 1 5 9 
13 -15 18 7 9 -1 11 3 4 0 5 8 -18 12 8 17 5 18 10 14 
-1 13 -9 14 15 -15 9 11 -7 3 18 13 13 18 7 14 2 -4 -5 2 
-7 0 1 -10 -10 10 5 -18 -1 12 -11 18 10 3 14 6 8 15 15 8 
5 4 12 14 -7 2 18 1 18 2 9 13 16 0 9 16 8 11 -2 -2 
7 11 18 1 10 13 3 14 -1 -5 10 17 12 11 15 2 1 -7 10 17 
5 -13 0 16 -2 8 1 3 6 -6 12 9 0 -7 6 13 -6 12 18 -3 
-3 18 12 -6 13 6 -7 0 9 12 -6 6 3 1 8 -2 16 0 -13 5 
17 10 -7 1 2 15 11 12 17 10 -5 -1 14 3 13 10 1 18 11 7 
-2 -2 11 8 16 9 0 16 13 9 2 18 1 18 2 -7 14 12 4 5 
8 15 15 8 6 14 3 10 18 -11 12 -1 -18 5 10 -10 -10 1 0 -7 
2 -5 -4 2 14 7 18 13 13 18 3 -7 11 9 -15 15 14 -9 13 -1 
14 10 18 5 17 8 12 -18 8 5 0 4 3 11 -1 9 7 18 -15 13 
9 5 1 7 16 6 13 8 12 12 7 8 -19 0 1 18 10 15 4 14 
-7 17 6 4 8 5 9 -3 -11 -2 -9 17 3 5 15 12 -13 -13 -1 -10 
10 19 4 3 7 5 4 12 9 10 8 1 18 6 -2 10 -17 13 1 7 
2 -19 0 9 18 14 -12 4 4 1 10 6 18 -16 -6 15 17 4 -4 2 
177
1
9 10
10 9
0
0
