20 20
1 7 7 11 3 1 8 3 2 -2 3 1 1 9 -3 -11 -4 11 -10 6 
7 3 -5 -7 8 5 10 9 -5 7 6 -1 1 2 10 7 8 2 3 3 
-7 6 -4 10 -9 9 2 9 0 4 8 0 8 9 1 11 8 9 9 2 
-4 7 -10 3 -9 11 5 -9 10 -1 8 9 7 2 8 6 10 4 3 5 
9 3 7 9 3 10 7 5 4 6 9 0 5 -3 1 8 5 10 10 5 
6 11 -2 8 4 7 2 -1 9 1 11 5 -2 -4 10 8 10 6 -11 -3 
9 0 2 2 7 11 -2 -10 1 6 2 -9 9 -7 1 3 7 4 5 -9 
4 3 5 3 -2 -3 -2 7 -8 0 1 2 -3 -9 -9 -9 2 -6 4 -4 
6 2 -11 5 5 4 1 8 1 -1 0 -7 3 -10 2 3 4 6 4 2 
6 0 4 5 1 10 3 2 -3 3 11 11 10 0 11 -1 11 11 2 9 
9 2 11 11 -1 11 0 10 11 11 3 -3 2 3 10 1 5 4 0 6 
2 4 6 4 3 2 -10 3 -7 0 -1 1 8 1 4 5 5 -11 2 6 
-4 4 -6 2 -9 -9 -9 -3 2 1 0 -8 7 -2 -3 -2 3 5 3 4 
-9 5 4 7 3 1 -7 9 -9 2 6 1 -10 -2 11 7 2 2 0 9 
-3 -11 6 10 8 10 -4 -2 5 11 1 9 -1 2 7 4 8 -2 11 6 
5 10 10 5 8 1 -3 5 0 9 6 4 5 7 10 3 9 7 3 9 
5 3 4 10 6 8 2 7 9 8 -1 10 -9 5 11 -9 3 -10 7 -4 
2 9 9 8 11 1 9 8 0 8 4 0 9 2 9 -9 10 -4 6 -7 
3 3 2 8 7 10 2 1 -1 6 7 -5 9 10 5 8 -7 -5 3 7 
6 -10 11 -4 -11 -3 9 1 1 3 -2 2 3 8 1 3 11 7 7 1 
88
1
4 13
15 6
0
0
