20 20
-3 1 4 -3 9 -2 2 3 9 -9 10 3 -7 -4 10 0 0 8 9 -2 
6 4 5 -1 2 11 -1 -7 -7 6 8 -10 -2 0 3 -10 2 10 0 10 
3 10 11 -1 7 -9 -10 6 -5 -8 -10 3 -5 8 -11 3 6 11 -2 11 
2 10 6 -6 1 7 8 11 -6 0 1 8 11 -3 7 2 3 4 10 5 
2 9 4 -3 2 -3 1 -3 -9 -8 -8 6 -3 1 4 2 10 -11 8 -11 
6 5 8 -4 8 4 5 2 -7 -4 0 11 -6 11 -9 3 2 1 -11 1 
8 8 9 3 3 -6 -7 5 4 7 -11 8 -8 6 -8 -10 2 11 6 9 
-7 5 10 6 -5 5 -3 6 -3 1 1 8 9 -7 5 -1 3 4 5 2 
4 3 6 -2 7 -6 4 -9 7 9 11 -7 2 2 8 -6 4 2 8 10 
11 7 10 -3 -3 11 6 0 7 4 1 -11 -2 1 -10 10 -7 6 9 6 
6 9 6 -7 10 -10 1 -2 -11 1 4 7 0 6 11 -3 -3 10 7 11 
10 8 2 4 -6 8 2 2 -7 11 9 7 -9 4 -6 7 -2 6 3 4 
2 5 4 3 -1 5 -7 9 8 1 1 -3 6 -3 5 -5 6 10 5 -7 
9 6 11 2 -10 -8 6 -8 8 -11 7 4 5 -7 -6 3 3 9 8 8 
1 -11 1 2 3 -9 11 -6 11 0 -4 -7 2 5 4 8 -4 8 5 6 
-11 8 -11 10 2 4 1 -3 6 -8 -8 -9 -3 1 -3 2 -3 4 9 2 
5 10 4 3 2 7 -3 11 8 1 0 -6 11 8 7 1 -6 6 10 2 
11 -2 11 6 3 -11 8 -5 3 -10 -8 -5 6 -10 -9 7 -1 11 10 3 
10 0 10 2 -10 3 0 -2 -10 8 6 -7 -7 -1 11 2 -1 5 4 6 
-2 9 8 0 0 10 -4 -7 3 10 -9 9 3 2 -2 9 -3 4 1 -3 
82
1
14 17
5 2
0
0
