20 20
15 -18 10 1 18 14 -18 6 -17 13 -4 7 4 17 15 12 -12 5 12 -8 
10 18 2 6 16 12 6 4 15 17 3 5 -8 18 9 15 17 9 2 5 
16 -5 9 -7 -12 -17 -18 4 18 -16 6 10 -1 18 16 16 14 14 6 5 
18 -2 -10 7 -6 1 2 6 9 3 4 1 -11 15 11 6 7 18 18 7 
2 -6 4 9 14 8 9 9 8 14 7 5 11 8 -9 -2 -4 -8 -1 6 
-7 -12 3 5 -7 15 1 14 1 -16 6 15 12 9 9 1 14 1 15 18 
7 4 -18 2 12 -10 15 17 5 15 -8 8 18 14 0 14 15 13 17 4 
14 14 7 15 13 0 11 -10 6 -8 9 -10 17 4 3 14 2 2 17 15 
9 3 2 7 13 0 17 4 17 10 -4 4 1 2 16 7 14 -8 7 -9 
18 11 14 3 -4 17 10 16 -17 -3 13 -1 0 -5 8 -8 13 -6 -1 -9 
-9 -1 -6 13 -8 8 -5 0 -1 13 -3 -17 16 10 17 -4 3 14 11 18 
-9 7 -8 14 7 16 2 1 4 -4 10 17 4 17 0 13 7 2 3 9 
15 17 2 2 14 3 4 17 -10 9 -8 6 -10 11 0 13 15 7 14 14 
4 17 13 15 14 0 14 18 8 -8 15 5 17 15 -10 12 2 -18 4 7 
18 15 1 14 1 9 9 12 15 6 -16 1 14 1 15 -7 5 3 -12 -7 
6 -1 -8 -4 -2 -9 8 11 5 7 14 8 9 9 8 14 9 4 -6 2 
7 18 18 7 6 11 15 -11 1 4 3 9 6 2 1 -6 7 -10 -2 18 
5 6 14 14 16 16 18 -1 10 6 -16 18 4 -18 -17 -12 -7 9 -5 16 
5 2 9 17 15 9 18 -8 5 3 17 15 4 6 12 16 6 2 18 10 
-8 12 5 -12 12 15 17 4 7 -4 13 -17 6 -18 14 18 1 10 -18 15 
76
1
5 7
14 12
0
0
