20 20
-3 -8 12 15 11 5 19 8 18 4 19 -15 6 -11 3 -11 3 15 12 3 
1 19 3 -15 4 2 16 6 17 18 19 18 15 -8 -18 3 -9 -14 11 -13 
17 5 10 16 1 -15 16 8 2 7 16 18 18 -2 1 8 6 9 18 14 
-19 8 -10 3 15 -2 4 -15 1 -17 17 18 -16 -5 -10 -10 15 8 -13 1 
2 -4 1 6 10 13 4 11 17 19 -6 19 -18 -15 1 4 7 11 5 13 
4 10 2 -18 17 18 -2 -17 19 6 12 17 -2 18 4 0 7 7 -7 -15 
16 19 -19 11 3 -18 8 2 -6 12 -11 14 3 6 17 9 2 -6 8 18 
-6 2 8 8 -5 17 11 18 4 16 10 5 13 17 -18 9 6 -18 11 16 
18 -11 6 -10 15 19 4 19 -12 0 -8 3 -2 6 6 -4 18 18 9 9 
12 12 4 -6 -16 -5 19 14 15 -16 8 6 12 18 3 5 -14 16 -3 9 
9 -3 16 -14 5 3 18 12 6 8 -16 15 14 19 -5 -16 -6 4 12 12 
9 9 18 18 -4 6 6 -2 3 -8 0 -12 19 4 19 15 -10 6 -11 18 
16 11 -18 6 9 -18 17 13 5 10 16 4 18 11 17 -5 8 8 2 -6 
18 8 -6 2 9 17 6 3 14 -11 12 -6 2 8 -18 3 11 -19 19 16 
-15 -7 7 7 0 4 18 -2 17 12 6 19 -17 -2 18 17 -18 2 10 4 
13 5 11 7 4 1 -15 -18 19 -6 19 17 11 4 13 10 6 1 -4 2 
1 -13 8 15 -10 -10 -5 -16 18 17 -17 1 -15 4 -2 15 3 -10 8 -19 
14 18 9 6 8 1 -2 18 18 16 7 2 8 16 -15 1 16 10 5 17 
-13 11 -14 -9 3 -18 -8 15 18 19 18 17 6 16 2 4 -15 3 19 1 
3 12 15 3 -11 3 -11 6 -15 19 4 18 8 19 5 11 15 12 -8 -3 
97
1
4 12
15 7
0
0
