20 20
12 1 11 9 -3 8 13 -7 12 5 12 12 -10 -2 8 7 10 3 0 -1 
5 4 2 8 1 -11 -9 9 8 0 9 12 -6 -10 12 10 1 0 5 -8 
-12 -4 10 13 9 -7 7 11 11 13 9 5 3 11 -9 4 -10 -5 11 -10 
1 5 4 -3 12 7 -3 -4 9 11 0 8 -2 12 11 -2 -10 -3 -10 0 
6 3 5 3 12 -12 -9 -8 3 -12 2 13 6 12 3 3 -4 0 -8 13 
6 -2 -8 13 -10 8 -9 -3 9 11 4 1 0 3 10 3 -5 4 4 4 
-5 -11 1 -7 0 13 5 10 2 -5 12 0 1 10 8 10 -12 7 2 10 
-9 -13 5 12 9 8 -2 7 6 0 13 -6 10 6 0 -9 10 -12 4 12 
12 -5 2 4 -8 -10 6 6 2 0 1 6 2 10 5 0 8 11 -9 6 
6 6 7 8 6 8 -13 11 0 4 2 11 10 -1 11 13 11 3 6 5 
5 6 3 11 13 11 -1 10 11 2 4 0 11 -13 8 6 8 7 6 6 
6 -9 11 8 0 5 10 2 6 1 0 2 6 6 -10 -8 4 2 -5 12 
12 4 -12 10 -9 0 6 10 -6 13 0 6 7 -2 8 9 12 5 -13 -9 
10 2 7 -12 10 8 10 1 0 12 -5 2 10 5 13 0 -7 1 -11 -5 
4 4 4 -5 3 10 3 0 1 4 11 9 -3 -9 8 -10 13 -8 -2 6 
13 -8 0 -4 3 3 12 6 13 2 -12 3 -8 -9 -12 12 3 5 3 6 
0 -10 -3 -10 -2 11 12 -2 8 0 11 9 -4 -3 7 12 -3 4 5 1 
-10 11 -5 -10 4 -9 11 3 5 9 13 11 11 7 -7 9 13 10 -4 -12 
-8 5 0 1 10 12 -10 -6 12 9 0 8 9 -9 -11 1 8 2 4 5 
-1 0 3 10 7 8 -2 -10 12 12 5 12 -7 13 8 -3 9 11 1 12 
78
1
11 8
8 11
0
0
