20 20
14 12 10 15 17 -10 -7 17 -19 4 12 20 1 11 -6 -3 -19 -17 -9 18 
15 7 7 18 14 -17 11 13 -2 20 -20 -4 9 10 17 15 13 -2 9 16 
3 3 5 -17 12 18 2 7 15 17 17 16 -6 8 12 -7 -16 9 16 3 
13 16 18 13 -2 11 12 9 18 -11 19 -19 -10 -11 13 6 -2 12 -2 -11 
16 2 -19 17 12 1 -7 -13 -10 15 -9 8 20 -18 14 9 15 6 5 17 
16 -18 4 6 8 5 0 -15 10 1 -17 19 10 -7 13 14 2 16 13 4 
2 8 7 11 -3 12 15 -10 8 -16 13 12 9 20 16 11 14 -15 11 6 
6 -7 0 19 4 1 4 13 -2 -14 13 -20 11 17 8 4 -3 13 9 20 
10 -8 15 5 -9 -4 8 0 11 5 7 7 -1 1 6 9 5 9 20 -13 
14 16 -14 1 12 -1 -2 0 -7 17 10 19 13 8 -2 -14 10 0 -4 -13 
-13 -4 0 10 -14 -2 8 13 19 10 17 -7 0 -2 -1 12 1 -14 16 14 
-13 20 9 5 9 6 1 -1 7 7 5 11 0 8 -4 -9 5 15 -8 10 
20 9 13 -3 4 8 17 11 -20 13 -14 -2 13 4 1 4 19 0 -7 6 
6 11 -15 14 11 16 20 9 12 13 -16 8 -10 15 12 -3 11 7 8 2 
4 13 16 2 14 13 -7 10 19 -17 1 10 -15 0 5 8 6 4 -18 16 
17 5 6 15 9 14 -18 20 8 -9 15 -10 -13 -7 1 12 17 -19 2 16 
-11 -2 12 -2 6 13 -11 -10 -19 19 -11 18 9 12 11 -2 13 18 16 13 
3 16 9 -16 -7 12 8 -6 16 17 17 15 7 2 18 12 -17 5 3 3 
16 9 -2 13 15 17 10 9 -4 -20 20 -2 13 11 -17 14 18 7 7 15 
18 -9 -17 -19 -3 -6 11 1 20 12 4 -19 17 -7 -10 17 15 10 12 14 
131
1
13 5
6 14
0
0
