20 20
9 2 19 9 17 15 23 19 26 4 9 15 17 10 24 28 11 15 4 14 
27 17 11 20 13 7 5 11 16 26 17 3 11 21 13 1 4 7 0 -24 
13 -7 19 21 12 25 -20 -21 5 26 28 10 6 25 10 14 3 21 -3 16 
13 3 26 1 3 -5 18 19 22 2 -17 26 -23 6 14 15 14 13 27 -11 
20 15 3 22 2 25 26 -7 12 1 -19 20 13 1 1 21 -27 -10 6 -1 
-18 14 21 13 27 19 -12 2 26 3 14 10 -14 -19 -11 -26 -8 -25 -16 19 
20 15 22 14 27 24 -14 18 7 5 27 6 8 2 26 4 -28 23 12 4 
-18 3 -19 6 28 15 10 2 20 7 27 5 21 -16 -6 18 -24 3 -18 -10 
7 20 -17 14 14 16 25 -2 8 1 27 28 -7 23 18 25 8 9 25 3 
22 10 20 28 17 21 16 20 24 14 -3 15 18 26 -11 -4 6 -21 27 25 
25 27 -21 6 -4 -11 26 18 15 -3 14 24 20 16 21 17 28 20 10 22 
3 25 9 8 25 18 23 -7 28 27 1 8 -2 25 16 14 14 -17 20 7 
-10 -18 3 -24 18 -6 -16 21 5 27 7 20 2 10 15 28 6 -19 3 -18 
4 12 23 -28 4 26 2 8 6 27 5 7 18 -14 24 27 14 22 15 20 
19 -16 -25 -8 -26 -11 -19 -14 10 14 3 26 2 -12 19 27 13 21 14 -18 
-1 6 -10 -27 21 1 1 13 20 -19 1 12 -7 26 25 2 22 3 15 20 
-11 27 13 14 15 14 6 -23 26 -17 2 22 19 18 -5 3 1 26 3 13 
16 -3 21 3 14 10 25 6 10 28 26 5 -21 -20 25 12 21 19 -7 13 
-24 0 7 4 1 13 21 11 3 17 26 16 11 5 7 13 20 11 17 27 
14 4 15 11 28 24 10 17 15 9 4 26 19 23 15 17 9 19 2 9 
64
1
3 18
16 1
0
0
