20 20
4 27 0 1 -13 7 23 -25 8 20 26 -18 25 -23 11 2 -10 0 13 -12 
14 -6 2 6 8 27 18 27 6 17 25 23 11 -13 2 -3 22 20 1 3 
16 22 14 3 -20 10 28 24 25 11 10 7 2 10 -13 -18 7 1 28 27 
28 -16 9 16 23 6 -17 19 0 25 13 17 14 17 22 23 1 0 -5 8 
27 -15 27 18 -12 -16 14 22 23 23 -9 9 -13 16 26 19 8 -18 -26 28 
25 10 9 7 1 18 16 22 14 8 -17 13 1 4 27 24 16 28 15 3 
-4 6 -10 -24 25 13 18 20 9 -20 24 20 24 23 14 28 27 2 22 1 
12 16 12 7 19 5 -28 26 7 -4 -19 1 -16 28 -21 25 -7 22 23 -8 
25 19 4 6 -20 10 8 -25 -1 27 12 -22 3 -28 12 24 12 -10 13 24 
2 15 -25 24 23 -5 7 12 19 21 -17 11 28 17 2 -13 24 24 6 26 
26 6 24 24 -13 2 17 28 11 -17 21 19 12 7 -5 23 24 -25 15 2 
24 13 -10 12 24 12 -28 3 -22 12 27 -1 -25 8 10 -20 6 4 19 25 
-8 23 22 -7 25 -21 28 -16 1 -19 -4 7 26 -28 5 19 7 12 16 12 
1 22 2 27 28 14 23 24 20 24 -20 9 20 18 13 25 -24 -10 6 -4 
3 15 28 16 24 27 4 1 13 -17 8 14 22 16 18 1 7 9 10 25 
28 -26 -18 8 19 26 16 -13 9 -9 23 23 22 14 -16 -12 18 27 -15 27 
8 -5 0 1 23 22 17 14 17 13 25 0 19 -17 6 23 16 9 -16 28 
27 28 1 7 -18 -13 10 2 7 10 11 25 24 28 10 -20 3 14 22 16 
3 1 20 22 -3 2 -13 11 23 25 17 6 27 18 27 8 6 2 -6 14 
-12 13 0 -10 2 11 -23 25 -18 26 20 8 -25 23 7 -13 1 0 27 4 
51
1
0 4
19 15
0
0
