20 20
18 12 20 8 20 25 -21 13 -12 2 11 23 17 1 -23 -10 -21 -12 -15 13 
18 -5 14 2 5 5 -14 19 22 11 20 3 19 1 22 23 4 24 12 2 
15 3 -9 -19 -10 4 13 -14 13 24 3 4 9 -5 18 3 13 -12 18 -21 
8 7 15 18 17 -9 6 -10 23 20 24 6 23 21 16 2 11 9 17 -15 
-6 -23 -10 0 22 13 20 -16 14 -5 -14 -18 -21 -4 14 -22 19 -5 9 7 
17 10 10 10 3 22 9 11 -2 -1 10 19 15 15 22 -11 12 22 18 3 
19 13 7 19 5 -20 3 25 9 25 -5 12 25 14 6 23 -20 -21 16 16 
17 2 -21 5 11 21 7 20 9 16 0 18 14 -23 25 25 -6 -12 1 18 
-17 3 12 16 21 1 -20 -7 18 9 25 0 22 22 4 20 -23 -20 0 0 
1 8 -8 22 15 14 -15 13 3 -22 22 11 5 17 -2 8 6 8 -24 -9 
-9 -24 8 6 8 -2 17 5 11 22 -22 3 13 -15 14 15 22 -8 8 1 
0 0 -20 -23 20 4 22 22 0 25 9 18 -7 -20 1 21 16 12 3 -17 
18 1 -12 -6 25 25 -23 14 18 0 16 9 20 7 21 11 5 -21 2 17 
16 16 -21 -20 23 6 14 25 12 -5 25 9 25 3 -20 5 19 7 13 19 
3 18 22 12 -11 22 15 15 19 10 -1 -2 11 9 22 3 10 10 10 17 
7 9 -5 19 -22 14 -4 -21 -18 -14 -5 14 -16 20 13 22 0 -10 -23 -6 
-15 17 9 11 2 16 21 23 6 24 20 23 -10 6 -9 17 18 15 7 8 
-21 18 -12 13 3 18 -5 9 4 3 24 13 -14 13 4 -10 -19 -9 3 15 
2 12 24 4 23 22 1 19 3 20 11 22 19 -14 5 5 2 14 -5 18 
13 -15 -12 -21 -10 -23 1 17 23 11 2 -12 13 -21 25 20 8 20 12 18 
92
1
5 16
14 3
0
0
