20 20
22 27 24 15 -27 10 6 26 22 12 -3 28 13 28 3 27 -20 17 -19 5 
-16 -19 1 13 13 24 -14 24 21 9 5 -16 15 12 -24 12 25 19 16 -4 
2 14 6 28 23 -16 1 20 -8 18 0 1 28 14 21 15 16 10 10 25 
19 14 -17 -18 -22 26 6 -3 5 7 -22 -24 22 -20 6 21 18 7 26 -11 
19 16 14 26 22 6 -23 8 21 27 23 7 15 26 28 -18 -14 25 7 0 
5 7 5 18 3 12 0 12 23 -1 0 1 22 1 -12 26 -4 1 22 27 
-23 25 0 -4 22 -1 9 25 8 10 26 22 17 4 20 26 3 -2 7 25 
18 18 6 5 2 15 6 5 14 5 27 -8 26 5 12 -26 8 0 3 9 
10 18 8 16 2 0 20 1 5 28 23 21 23 18 9 6 18 2 -21 16 
21 5 3 21 10 18 21 6 14 5 22 23 -17 25 -13 24 1 20 5 5 
5 5 20 1 24 -13 25 -17 23 22 5 14 6 21 18 10 21 3 5 21 
16 -21 2 18 6 9 18 23 21 23 28 5 1 20 0 2 16 8 18 10 
9 3 0 8 -26 12 5 26 -8 27 5 14 5 6 15 2 5 6 18 18 
25 7 -2 3 26 20 4 17 22 26 10 8 25 9 -1 22 -4 0 25 -23 
27 22 1 -4 26 -12 1 22 1 0 -1 23 12 0 12 3 18 5 7 5 
0 7 25 -14 -18 28 26 15 7 23 27 21 8 -23 6 22 26 14 16 19 
-11 26 7 18 21 6 -20 22 -24 -22 7 5 -3 6 26 -22 -18 -17 14 19 
25 10 10 16 15 21 14 28 1 0 18 -8 20 1 -16 23 28 6 14 2 
-4 16 19 25 12 -24 12 15 -16 5 9 21 24 -14 24 13 13 1 -19 -16 
5 -19 17 -20 27 3 28 13 28 -3 12 22 26 6 10 -27 15 24 27 22 
147
1
11 9
8 10
0
0
