20 20
-11 7 14 -1 13 17 12 15 -2 3 16 16 13 3 14 15 -4 2 10 -15 
12 -1 7 -10 18 6 16 -17 4 -8 4 -17 3 7 9 10 11 17 -3 4 
3 -8 6 -17 6 -16 -14 18 16 -10 2 18 9 10 8 -15 15 0 15 -17 
4 14 4 9 12 -9 1 -13 -5 0 18 1 0 -9 -11 11 15 14 4 8 
18 7 15 12 -5 9 -1 2 10 2 12 6 4 13 -8 -13 1 10 -14 5 
4 7 9 16 -17 2 10 -5 -13 15 -3 5 18 -10 0 -2 16 -8 9 14 
12 13 -6 16 4 13 13 12 -5 18 10 13 15 1 0 10 2 -8 18 15 
18 -9 14 17 -10 15 16 7 -3 4 5 7 12 6 13 10 -3 -6 12 13 
18 0 18 -10 12 13 18 18 5 3 10 11 1 6 0 9 0 5 8 11 
17 -16 12 -12 -1 13 -1 6 -3 14 -9 9 0 4 4 13 -16 7 15 -3 
-3 15 7 -16 13 4 4 0 9 -9 14 -3 6 -1 13 -1 -12 12 -16 17 
11 8 5 0 9 0 6 1 11 10 3 5 18 18 13 12 -10 18 0 18 
13 12 -6 -3 10 13 6 12 7 5 4 -3 7 16 15 -10 17 14 -9 18 
15 18 -8 2 10 0 1 15 13 10 18 -5 12 13 13 4 16 -6 13 12 
14 9 -8 16 -2 0 -10 18 5 -3 15 -13 -5 10 2 -17 16 9 7 4 
5 -14 10 1 -13 -8 13 4 6 12 2 10 2 -1 9 -5 12 15 7 18 
8 4 14 15 11 -11 -9 0 1 18 0 -5 -13 1 -9 12 9 4 14 4 
-17 15 0 15 -15 8 10 9 18 2 -10 16 18 -14 -16 6 -17 6 -8 3 
4 -3 17 11 10 9 7 3 -17 4 -8 4 -17 16 6 18 -10 7 -1 12 
-15 10 2 -4 15 14 3 13 16 16 3 -2 15 12 17 13 -1 14 7 -11 
197
1
9 6
10 13
0
0
