20 20
5 -7 5 7 -13 16 -3 7 12 -1 6 12 1 0 6 -8 4 12 2 -12 
0 -5 10 12 12 -7 5 5 9 12 0 4 16 12 10 -7 3 -15 0 -7 
-16 1 7 6 1 11 11 12 3 16 0 -7 12 16 2 0 10 2 1 0 
0 8 5 8 -3 1 -8 -1 14 12 -13 11 13 16 10 6 -15 12 6 -14 
-3 14 -2 0 4 13 15 1 15 -16 8 8 11 11 12 14 8 -3 -5 9 
11 14 14 -2 -3 2 -14 11 5 1 1 -3 14 16 9 11 4 2 12 8 
9 2 15 12 2 9 9 12 -2 11 1 6 8 12 15 11 -8 16 -6 -1 
11 4 14 10 16 13 -9 0 9 0 14 8 0 16 13 6 12 11 15 15 
-10 -4 0 6 5 10 12 -3 15 10 2 10 4 1 10 15 -2 4 15 10 
16 11 15 13 4 4 2 14 -10 16 13 6 3 -4 12 7 13 16 16 7 
7 16 16 13 7 12 -4 3 6 13 16 -10 14 2 4 4 13 15 11 16 
10 15 4 -2 15 10 1 4 10 2 10 15 -3 12 10 5 6 0 -4 -10 
15 15 11 12 6 13 16 0 8 14 0 9 0 -9 13 16 10 14 4 11 
-1 -6 16 -8 11 15 12 8 6 1 11 -2 12 9 9 2 12 15 2 9 
8 12 2 4 11 9 16 14 -3 1 1 5 11 -14 2 -3 -2 14 14 11 
9 -5 -3 8 14 12 11 11 8 8 -16 15 1 15 13 4 0 -2 14 -3 
-14 6 12 -15 6 10 16 13 11 -13 12 14 -1 -8 1 -3 8 5 8 0 
0 1 2 10 0 2 16 12 -7 0 16 3 12 11 11 1 6 7 1 -16 
-7 0 -15 3 -7 10 12 16 4 0 12 9 5 5 -7 12 12 10 -5 0 
-12 2 12 4 -8 6 0 1 12 6 -1 12 7 -3 16 -13 7 5 -7 5 
169
1
4 8
15 11
0
0
