20 20
13 5 1 11 -13 -9 2 15 0 7 11 -15 9 -10 6 3 -13 10 -4 7 
0 4 -4 3 11 1 7 12 -14 0 2 9 15 5 6 14 7 9 6 -5 
9 6 -3 5 -12 11 1 4 15 7 0 8 1 5 -2 15 -13 13 0 -9 
-2 -11 14 7 15 11 -7 6 8 -12 1 -6 -1 10 8 -1 -8 14 -2 -9 
9 14 12 -2 5 6 6 10 -11 15 5 15 11 6 9 11 8 8 3 7 
-2 -7 14 3 3 4 1 13 -10 3 11 -2 12 12 10 6 15 7 3 0 
13 14 15 8 6 6 -14 13 1 2 13 11 -15 0 15 1 11 0 11 3 
9 6 11 8 1 12 11 -15 1 1 12 11 -6 9 13 13 -12 -1 12 -10 
1 2 9 4 9 4 -2 12 -4 -3 15 4 -8 11 -6 -7 0 5 -9 2 
14 14 15 1 15 -1 1 13 1 5 12 7 -2 -6 14 -6 4 10 -12 -11 
-11 -12 10 4 -6 14 -6 -2 7 12 5 1 13 1 -1 15 1 15 14 14 
2 -9 5 0 -7 -6 11 -8 4 15 -3 -4 12 -2 4 9 4 9 2 1 
-10 12 -1 -12 13 13 9 -6 11 12 1 1 -15 11 12 1 8 11 6 9 
3 11 0 11 1 15 0 -15 11 13 2 1 13 -14 6 6 8 15 14 13 
0 3 7 15 6 10 12 12 -2 11 3 -10 13 1 4 3 3 14 -7 -2 
7 3 8 8 11 9 6 11 15 5 15 -11 10 6 6 5 -2 12 14 9 
-9 -2 14 -8 -1 8 10 -1 -6 1 -12 8 6 -7 11 15 7 14 -11 -2 
-9 0 13 -13 15 -2 5 1 8 0 7 15 4 1 11 -12 5 -3 6 9 
-5 6 9 7 14 6 5 15 9 2 0 -14 12 7 1 11 3 -4 4 0 
7 -4 10 -13 3 6 -10 9 -15 11 7 0 15 2 -9 -13 11 1 5 13 
98
1
6 12
13 7
0
0
