20 20
10 6 12 13 4 2 13 7 3 3 -6 10 -6 1 -12 3 12 -4 10 9 
13 6 -8 13 -10 -5 7 2 -8 12 11 11 10 5 13 1 13 7 9 6 
2 -3 9 2 13 -5 -13 3 13 10 -2 2 6 4 7 3 5 2 6 5 
8 -12 8 2 -3 1 12 0 0 -6 -11 11 12 8 -11 4 6 10 0 7 
-6 -3 -10 10 4 7 -9 1 3 4 2 3 4 0 5 3 -5 0 -12 6 
0 -1 -3 6 6 -2 -11 8 10 4 7 11 -8 12 7 8 13 7 -1 -10 
-9 -4 11 5 -10 -2 11 11 11 2 1 -11 -9 9 -9 -1 10 -2 1 7 
-6 12 -5 6 8 8 -11 10 10 3 5 -8 3 1 4 10 0 0 4 0 
2 4 -2 8 9 3 8 3 6 2 3 9 9 2 -6 6 -3 -1 5 8 
10 13 6 11 7 -8 11 -3 9 8 -9 9 5 8 8 -1 2 5 7 11 
11 7 5 2 -1 8 8 5 9 -9 8 9 -3 11 -8 7 11 6 13 10 
8 5 -1 -3 6 -6 2 9 9 3 2 6 3 8 3 9 8 -2 4 2 
0 4 0 0 10 4 1 3 -8 5 3 10 10 -11 8 8 6 -5 12 -6 
7 1 -2 10 -1 -9 9 -9 -11 1 2 11 11 11 -2 -10 5 11 -4 -9 
-10 -1 7 13 8 7 12 -8 11 7 4 10 8 -11 -2 6 6 -3 -1 0 
6 -12 0 -5 3 5 0 4 3 2 4 3 1 -9 7 4 10 -10 -3 -6 
7 0 10 6 4 -11 8 12 11 -11 -6 0 0 12 1 -3 2 8 -12 8 
5 6 2 5 3 7 4 6 2 -2 10 13 3 -13 -5 13 2 9 -3 2 
6 9 7 13 1 13 5 10 11 11 12 -8 2 7 -5 -10 13 -8 6 13 
9 10 -4 12 3 -12 1 -6 10 -6 3 3 7 13 2 4 13 12 6 10 
33
1
0 15
19 4
0
0
