20 20
4 10 10 -15 20 18 8 -12 11 7 3 -19 19 -11 15 -14 12 -8 0 19 
-17 2 5 4 18 -24 3 15 11 22 -11 20 22 8 -8 3 8 14 12 20 
-9 18 -17 -18 16 18 -17 0 24 0 21 -2 23 6 -19 -4 -16 23 5 9 
8 7 -24 23 17 -23 8 9 0 6 0 5 24 -23 -3 5 14 13 13 -19 
21 23 8 11 10 -2 11 22 5 -12 -14 14 -12 11 5 -14 -9 14 9 -3 
20 13 2 6 -13 -23 23 4 5 1 0 22 14 20 15 10 20 3 -23 16 
8 6 21 -4 6 9 11 2 -15 18 -22 21 -15 2 -14 6 18 -3 4 2 
21 12 21 -12 7 7 -20 17 -17 1 -5 9 -23 17 -18 21 19 6 -20 21 
13 21 24 17 -4 -7 -15 12 13 14 -9 20 -21 -13 13 10 11 -6 19 -24 
-19 -13 -10 -7 9 20 14 12 22 12 -9 -20 9 23 1 22 -14 6 5 -5 
-5 5 6 -14 22 1 23 9 -20 -9 12 22 12 14 20 9 -7 -10 -13 -19 
-24 19 -6 11 10 13 -13 -21 20 -9 14 13 12 -15 -7 -4 17 24 21 13 
21 -20 6 19 21 -18 17 -23 9 -5 1 -17 17 -20 7 7 -12 21 12 21 
2 4 -3 18 6 -14 2 -15 21 -22 18 -15 2 11 9 6 -4 21 6 8 
16 -23 3 20 10 15 20 14 22 0 1 5 4 23 -23 -13 6 2 13 20 
-3 9 14 -9 -14 5 11 -12 14 -14 -12 5 22 11 -2 10 11 8 23 21 
-19 13 13 14 5 -3 -23 24 5 0 6 0 9 8 -23 17 23 -24 7 8 
9 5 23 -16 -4 -19 6 23 -2 21 0 24 0 -17 18 16 -18 -17 18 -9 
20 12 14 8 3 -8 8 22 20 -11 22 11 15 3 -24 18 4 5 2 -17 
19 0 -8 12 -14 15 -11 19 -19 3 7 11 -12 8 18 20 -15 10 10 4 
35
1
15 14
4 5
0
0
