20 20
21 -25 5 22 13 -11 3 3 28 21 -10 8 15 15 9 2 25 19 -11 5 
2 11 10 26 10 14 10 -22 20 7 15 6 13 21 25 8 4 2 26 3 
9 15 20 8 -15 3 0 -5 -10 16 11 30 9 3 -29 14 10 11 5 9 
-21 -13 -26 -18 29 5 12 14 6 10 10 16 28 11 17 -25 20 30 4 15 
7 22 -20 15 -21 9 30 11 -21 -14 0 -4 28 11 -27 19 -21 17 -22 -29 
27 -10 26 11 -18 18 5 21 23 17 -3 12 1 24 10 -4 20 24 11 24 
15 17 30 11 18 -16 22 5 4 10 15 -21 30 17 12 16 -15 28 7 4 
-19 4 -15 15 -28 20 29 3 17 7 5 -13 5 14 2 -18 22 16 27 17 
11 -25 7 11 3 4 25 12 -6 10 -21 -27 10 -13 16 29 10 25 9 9 
-25 -1 7 17 1 9 -14 8 -4 5 20 30 1 1 29 3 -23 -23 24 28 
28 24 -23 -23 3 29 1 1 30 20 5 -4 8 -14 9 1 17 7 -1 -25 
9 9 25 10 29 16 -13 10 -27 -21 10 -6 12 25 4 3 11 7 -25 11 
17 27 16 22 -18 2 14 5 -13 5 7 17 3 29 20 -28 15 -15 4 -19 
4 7 28 -15 16 12 17 30 -21 15 10 4 5 22 -16 18 11 30 17 15 
24 11 24 20 -4 10 24 1 12 -3 17 23 21 5 18 -18 11 26 -10 27 
-29 -22 17 -21 19 -27 11 28 -4 0 -14 -21 11 30 9 -21 15 -20 22 7 
15 4 30 20 -25 17 11 28 16 10 10 6 14 12 5 29 -18 -26 -13 -21 
9 5 11 10 14 -29 3 9 30 11 16 -10 -5 0 3 -15 8 20 15 9 
3 26 2 4 8 25 21 13 6 15 7 20 -22 10 14 10 26 10 11 2 
5 -11 19 25 2 9 15 15 8 -10 21 28 3 3 -11 13 22 5 -25 21 
56
1
14 0
5 19
0
0
