20 20
5 24 5 10 -6 -3 25 20 -25 -9 26 5 -10 16 2 15 25 1 -26 26 
9 19 23 1 11 8 20 -12 -26 13 23 14 -13 18 20 26 17 -25 4 22 
-26 20 -15 -5 14 7 -19 23 4 10 -23 17 -11 20 25 25 24 9 23 22 
23 -17 22 8 19 26 12 11 23 11 15 11 -23 0 11 14 6 9 21 12 
8 24 5 18 -9 -24 -5 3 20 9 21 -1 20 20 21 25 13 10 24 3 
-1 15 14 25 13 5 12 5 23 0 14 23 -13 6 18 17 19 9 -10 0 
5 5 9 13 1 25 13 3 4 7 -14 10 18 -15 5 26 19 19 13 -14 
-12 -17 13 19 13 10 17 -16 23 14 26 -11 0 -17 20 11 18 25 23 25 
0 21 10 -14 19 1 -5 12 6 15 -23 23 -17 13 -7 11 12 8 6 6 
3 25 21 6 -17 -18 19 7 14 -9 11 22 19 -9 23 -21 8 -8 3 8 
8 3 -8 8 -21 23 -9 19 22 11 -9 14 7 19 -18 -17 6 21 25 3 
6 6 8 12 11 -7 13 -17 23 -23 15 6 12 -5 1 19 -14 10 21 0 
25 23 25 18 11 20 -17 0 -11 26 14 23 -16 17 10 13 19 13 -17 -12 
-14 13 19 19 26 5 -15 18 10 -14 7 4 3 13 25 1 13 9 5 5 
0 -10 9 19 17 18 6 -13 23 14 0 23 5 12 5 13 25 14 15 -1 
3 24 10 13 25 21 20 20 -1 21 9 20 3 -5 -24 -9 18 5 24 8 
12 21 9 6 14 11 0 -23 11 15 11 23 11 12 26 19 8 22 -17 23 
22 23 9 24 25 25 20 -11 17 -23 10 4 23 -19 7 14 -5 -15 20 -26 
22 4 -25 17 26 20 18 -13 14 23 13 -26 -12 20 8 11 1 23 19 9 
26 -26 1 25 15 2 16 -10 5 26 -9 -25 20 25 -3 -6 10 5 24 5 
63
1
13 9
6 10
0
0
