20 20
1 20 -15 -7 20 -11 -6 -7 13 15 9 1 11 9 4 11 15 9 0 23 
11 17 25 15 3 11 2 12 18 4 4 9 -20 21 14 2 -12 1 -1 0 
17 14 23 24 2 17 -4 7 14 24 -14 10 -5 -2 -20 -9 25 5 19 3 
12 -12 2 -5 10 7 8 22 8 10 23 1 -7 13 22 -20 3 2 20 -19 
19 2 6 -14 23 20 2 21 9 -11 23 1 23 12 12 16 -21 24 7 -24 
-6 -16 14 -15 -1 12 -6 18 20 19 16 17 23 22 3 -9 -20 -12 -13 12 
1 14 7 5 -20 17 9 6 5 -5 22 9 7 18 13 14 4 18 -22 1 
22 2 10 16 11 -7 25 22 -4 19 12 18 -23 5 -22 17 7 -9 21 -16 
16 12 -16 19 21 -20 19 17 20 10 0 17 10 14 -11 25 21 -15 -8 2 
18 15 19 16 -3 6 2 23 4 8 20 23 8 8 12 23 22 -12 19 4 
4 19 -12 22 23 12 8 8 23 20 8 4 23 2 6 -3 16 19 15 18 
2 -8 -15 21 25 -11 14 10 17 0 10 20 17 19 -20 21 19 -16 12 16 
-16 21 -9 7 17 -22 5 -23 18 12 19 -4 22 25 -7 11 16 10 2 22 
1 -22 18 4 14 13 18 7 9 22 -5 5 6 9 17 -20 5 7 14 1 
12 -13 -12 -20 -9 3 22 23 17 16 19 20 18 -6 12 -1 -15 14 -16 -6 
-24 7 24 -21 16 12 12 23 1 23 -11 9 21 2 20 23 -14 6 2 19 
-19 20 2 3 -20 22 13 -7 1 23 10 8 22 8 7 10 -5 2 -12 12 
3 19 5 25 -9 -20 -2 -5 10 -14 24 14 7 -4 17 2 24 23 14 17 
0 -1 1 -12 2 14 21 -20 9 4 4 18 12 2 11 3 15 25 17 11 
23 0 9 15 11 4 9 11 1 9 15 13 -7 -6 -11 20 -7 -15 20 1 
80
1
13 1
6 18
0
0
