20 20
5 11 7 11 3 -3 10 3 4 -7 10 13 3 14 7 12 13 13 11 -1 
1 14 4 14 -15 -5 -10 11 3 16 13 16 10 3 6 7 9 12 12 14 
-12 4 -15 11 -4 9 -8 -10 -10 -7 -8 1 12 5 5 14 9 14 10 11 
-10 -6 11 16 12 4 -12 -3 12 16 15 13 16 0 -1 6 6 -2 16 12 
12 8 8 1 4 -1 -10 14 5 10 10 9 2 -3 -5 7 6 12 8 -10 
9 12 7 4 -16 -5 15 14 14 9 7 4 14 7 3 12 11 1 5 2 
4 16 1 -14 11 14 9 12 -8 2 12 -9 10 15 1 15 0 1 4 5 
2 -16 11 12 13 7 8 1 1 6 8 -2 0 5 -4 3 -11 7 4 4 
6 15 1 -7 -15 -5 12 13 10 -11 3 -14 10 9 12 8 13 -8 4 -15 
13 6 -9 -1 14 6 -10 -12 11 16 7 0 10 14 1 -15 -3 13 0 10 
10 0 13 -3 -15 1 14 10 0 7 16 11 -12 -10 6 14 -1 -9 6 13 
-15 4 -8 13 8 12 9 10 -14 3 -11 10 13 12 -5 -15 -7 1 15 6 
4 4 7 -11 3 -4 5 0 -2 8 6 1 1 8 7 13 12 11 -16 2 
5 4 1 0 15 1 15 10 -9 12 2 -8 12 9 14 11 -14 1 16 4 
2 5 1 11 12 3 7 14 4 7 9 14 14 15 -5 -16 4 7 12 9 
-10 8 12 6 7 -5 -3 2 9 10 10 5 14 -10 -1 4 1 8 8 12 
12 16 -2 6 6 -1 0 16 13 15 16 12 -3 -12 4 12 16 11 -6 -10 
11 10 14 9 14 5 5 12 1 -8 -7 -10 -10 -8 9 -4 11 -15 4 -12 
14 12 12 9 7 6 3 10 16 13 16 3 11 -10 -5 -15 14 4 14 1 
-1 11 13 13 12 7 14 3 13 10 -7 4 3 10 -3 3 11 7 11 5 
86
1
1 8
18 11
0
0
