20 20
11 11 -7 9 3 10 1 18 15 -15 5 5 2 15 5 9 11 1 11 1 
14 1 16 -6 3 18 8 13 7 0 16 -3 16 9 17 14 -7 3 9 14 
10 -4 6 0 10 12 10 11 12 -13 6 -15 -17 5 -12 12 7 5 9 -8 
9 -15 -16 5 7 13 9 16 12 17 18 14 7 8 3 18 7 -11 -13 14 
5 5 3 6 -3 -15 1 0 16 7 6 2 16 9 11 -4 14 8 -14 11 
9 7 6 8 11 13 17 5 2 8 -4 17 13 18 13 13 7 -10 12 18 
13 -4 10 13 4 2 -9 17 -14 -18 -13 9 18 11 17 -13 4 14 1 -5 
6 18 10 -4 -14 7 15 10 1 4 -1 -9 10 -7 3 5 3 14 4 14 
-12 0 1 2 -7 -11 13 -1 15 -18 16 4 -4 -7 2 5 -17 1 16 17 
16 6 7 13 7 -3 0 10 9 2 1 15 -13 16 -13 3 17 15 13 3 
3 13 15 17 3 -13 16 -13 15 1 2 9 10 0 -3 7 13 7 6 16 
17 16 1 -17 5 2 -7 -4 4 16 -18 15 -1 13 -11 -7 2 1 0 -12 
14 4 14 3 5 3 -7 10 -9 -1 4 1 10 15 7 -14 -4 10 18 6 
-5 1 14 4 -13 17 11 18 9 -13 -18 -14 17 -9 2 4 13 10 -4 13 
18 12 -10 7 13 13 18 13 17 -4 8 2 5 17 13 11 8 6 7 9 
11 -14 8 14 -4 11 9 16 2 6 7 16 0 1 -15 -3 6 3 5 5 
14 -13 -11 7 18 3 8 7 14 18 17 12 16 9 13 7 5 -16 -15 9 
-8 9 5 7 12 -12 5 -17 -15 6 -13 12 11 10 12 10 0 6 -4 10 
14 9 3 -7 14 17 9 16 -3 16 0 7 13 8 18 3 -6 16 1 14 
1 11 1 11 9 5 15 2 5 5 -15 15 18 1 10 3 9 -7 11 11 
82
1
18 4
1 15
0
0
