20 20
10 10 -14 16 12 -9 22 11 1 -10 23 25 12 17 8 17 -12 10 -11 6 
5 4 12 1 -12 21 15 14 8 21 -2 12 8 -16 13 -5 18 20 23 1 
-12 9 2 5 3 16 -16 -20 10 16 18 -9 17 9 21 19 -15 11 19 11 
3 22 -14 2 -4 26 25 2 -12 14 2 -9 -2 2 -22 5 -10 10 4 5 
7 13 -24 24 -20 24 24 -12 -25 3 4 9 3 -13 -25 1 4 12 -15 -4 
7 -20 24 23 -13 18 8 16 16 21 -1 6 6 -13 21 10 10 12 0 -3 
1 5 0 -23 19 21 12 13 4 23 25 10 12 3 1 -8 16 21 -20 12 
-2 -7 1 25 -5 4 -26 11 14 11 11 1 22 -11 8 23 -16 11 14 20 
26 -18 3 18 9 26 -22 23 13 16 14 17 -18 14 -24 18 -5 8 -21 15 
12 -9 5 13 -1 21 8 22 14 1 18 6 2 -12 13 14 -18 18 -9 18 
18 -9 18 -18 14 13 -12 2 6 18 1 14 22 8 21 -1 13 5 -9 12 
15 -21 8 -5 18 -24 14 -18 17 14 16 13 23 -22 26 9 18 3 -18 26 
20 14 11 -16 23 8 -11 22 1 11 11 14 11 -26 4 -5 25 1 -7 -2 
12 -20 21 16 -8 1 3 12 10 25 23 4 13 12 21 19 -23 0 5 1 
-3 0 12 10 10 21 -13 6 6 -1 21 16 16 8 18 -13 23 24 -20 7 
-4 -15 12 4 1 -25 -13 3 9 4 3 -25 -12 24 24 -20 24 -24 13 7 
5 4 10 -10 5 -22 2 -2 -9 2 14 -12 2 25 26 -4 2 -14 22 3 
11 19 11 -15 19 21 9 17 -9 18 16 10 -20 -16 16 3 5 2 9 -12 
1 23 20 18 -5 13 -16 8 12 -2 21 8 14 15 21 -12 1 12 4 5 
6 -11 10 -12 17 8 17 12 25 23 -10 1 11 22 -9 12 16 -14 10 10 
129
1
0 14
19 5
0
0
