20 20
6 0 0 9 -6 13 12 -3 14 -13 2 11 9 1 6 12 2 6 -11 7 
-5 7 11 11 15 -3 13 9 9 5 2 -10 14 15 12 2 0 14 11 5 
11 11 11 5 6 11 -12 15 11 8 3 9 5 -14 -8 -3 -15 8 1 -9 
4 13 13 7 12 8 1 1 8 -15 13 8 5 -3 -12 2 11 -3 9 -11 
5 15 4 10 0 11 -1 10 15 12 12 11 -8 4 13 -4 4 4 9 -14 
3 14 -6 5 13 6 14 13 1 -15 7 9 -11 10 13 5 3 6 10 10 
4 1 7 14 14 5 -3 10 2 4 7 6 9 11 13 9 5 10 11 2 
-15 12 5 5 9 5 15 8 11 3 1 12 1 -15 12 1 -4 5 -3 -5 
3 7 13 11 13 -6 0 3 13 -12 -1 -12 4 4 7 -15 10 0 14 3 
2 2 12 12 13 12 -10 7 10 10 1 -14 12 -2 -6 2 0 7 14 0 
0 14 7 0 2 -6 -2 12 -14 1 10 10 7 -10 12 13 12 12 2 2 
3 14 0 10 -15 7 4 4 -12 -1 -12 13 3 0 -6 13 11 13 7 3 
-5 -3 5 -4 1 12 -15 1 12 1 3 11 8 15 5 9 5 5 12 -15 
2 11 10 5 9 13 11 9 6 7 4 2 10 -3 5 14 14 7 1 4 
10 10 6 3 5 13 10 -11 9 7 -15 1 13 14 6 13 5 -6 14 3 
-14 9 4 4 -4 13 4 -8 11 12 12 15 10 -1 11 0 10 4 15 5 
-11 9 -3 11 2 -12 -3 5 8 13 -15 8 1 1 8 12 7 13 13 4 
-9 1 8 -15 -3 -8 -14 5 9 3 8 11 15 -12 11 6 5 11 11 11 
5 11 14 0 2 12 15 14 -10 2 5 9 9 13 -3 15 11 11 7 -5 
7 -11 6 2 12 6 1 9 11 2 -13 14 -3 12 13 -6 9 0 0 6 
41
1
3 10
16 9
0
0
