20 20
-1 -22 3 -14 20 -6 12 9 -14 9 8 3 19 -6 19 7 -5 7 -2 8 
10 -5 -3 20 -10 -6 2 1 6 -22 4 22 16 16 19 -16 17 8 13 21 
2 -8 12 9 -8 5 5 -3 17 -21 1 22 -15 2 -16 21 10 20 12 17 
-12 -7 12 11 16 12 7 21 12 18 19 4 -10 17 1 12 -6 -9 7 12 
15 16 7 -12 6 15 15 16 6 16 -12 -18 18 17 7 -11 -22 18 11 -16 
-2 8 -8 -10 13 10 11 19 12 8 4 15 17 -17 14 -15 4 21 10 10 
18 19 -3 19 12 18 -9 -2 -6 3 -6 -21 8 19 5 3 12 15 10 13 
17 12 6 5 -20 2 -12 21 14 -12 16 5 15 9 11 21 -21 -14 3 2 
12 21 17 22 6 17 9 21 18 -5 8 10 22 1 17 21 20 6 13 -18 
7 6 -21 17 19 9 6 0 -22 15 12 21 15 -22 21 11 17 14 4 9 
9 4 14 17 11 21 -22 15 21 12 15 -22 0 6 9 19 17 -21 6 7 
-18 13 6 20 21 17 1 22 10 8 -5 18 21 9 17 6 22 17 21 12 
2 3 -14 -21 21 11 9 15 5 16 -12 14 21 -12 2 -20 5 6 12 17 
13 10 15 12 3 5 19 8 -21 -6 3 -6 -2 -9 18 12 19 -3 19 18 
10 10 21 4 -15 14 -17 17 15 4 8 12 19 11 10 13 -10 -8 8 -2 
-16 11 18 -22 -11 7 17 18 -18 -12 16 6 16 15 15 6 -12 7 16 15 
12 7 -9 -6 12 1 17 -10 4 19 18 12 21 7 12 16 11 12 -7 -12 
17 12 20 10 21 -16 2 -15 22 1 -21 17 -3 5 5 -8 9 12 -8 2 
21 13 8 17 -16 19 16 16 22 4 -22 6 1 2 -6 -10 20 -3 -5 10 
8 -2 7 -5 7 19 -6 19 3 8 9 -14 9 12 -6 20 -14 3 -22 -1 
98
1
19 9
0 10
0
0
