20 20
22 -2 2 16 -16 13 9 26 21 8 3 1 -2 25 26 23 -4 12 4 2 
18 11 -4 16 14 1 22 -4 20 -20 6 -7 18 12 27 6 17 25 -13 -14 
-17 20 23 8 -8 15 13 -15 15 13 2 13 20 27 -2 3 21 23 -20 23 
2 1 3 20 27 27 -11 -8 1 25 -5 14 -18 15 11 2 14 26 -27 27 
19 26 7 24 12 -24 24 11 12 -20 15 1 -9 13 13 14 -22 11 12 25 
27 21 -21 16 16 9 26 23 -14 -12 2 4 11 22 -21 14 -2 1 11 23 
-23 -9 22 22 -23 16 -17 26 10 -14 25 11 8 -13 16 -18 0 14 -1 2 
-6 26 -1 20 3 12 16 15 -5 -20 -3 -7 26 1 22 5 16 -7 20 -19 
26 3 19 20 18 14 21 15 5 19 -1 4 15 20 26 24 7 -7 3 7 
19 22 4 10 -27 1 1 10 21 -13 15 23 3 -21 -14 25 -18 -15 5 1 
1 5 -15 -18 25 -14 -21 3 23 15 -13 21 10 1 1 -27 10 4 22 19 
7 3 -7 7 24 26 20 15 4 -1 19 5 15 21 14 18 20 19 3 26 
-19 20 -7 16 5 22 1 26 -7 -3 -20 -5 15 16 12 3 20 -1 26 -6 
2 -1 14 0 -18 16 -13 8 11 25 -14 10 26 -17 16 -23 22 22 -9 -23 
23 11 1 -2 14 -21 22 11 4 2 -12 -14 23 26 9 16 16 -21 21 27 
25 12 11 -22 14 13 13 -9 1 15 -20 12 11 24 -24 12 24 7 26 19 
27 -27 26 14 2 11 15 -18 14 -5 25 1 -8 -11 27 27 20 3 1 2 
23 -20 23 21 3 -2 27 20 13 2 13 15 -15 13 15 -8 8 23 20 -17 
-14 -13 25 17 6 27 12 18 -7 6 -20 20 -4 22 1 14 16 -4 11 18 
2 4 12 -4 23 26 25 -2 1 3 8 21 26 9 13 -16 16 2 -2 22 
128
1
14 6
5 13
0
0
