20 20
4 -12 6 8 18 2 -10 4 11 10 6 3 -9 -8 -17 13 -18 13 -10 6 
14 6 14 5 7 -2 10 -3 8 14 4 11 6 4 13 6 -1 13 -11 -18 
-17 -5 6 -1 4 -4 15 -12 9 11 -17 16 2 8 18 8 14 1 16 8 
18 -1 2 3 2 5 -1 0 15 5 16 1 12 -11 11 5 14 1 -13 12 
-4 4 10 -9 5 14 17 14 -6 4 10 5 8 18 9 16 1 -18 6 10 
16 1 -8 3 12 4 11 11 2 15 3 15 5 16 10 3 3 9 6 11 
-15 11 15 -16 16 10 -8 -14 -6 -3 0 7 8 -13 1 9 -8 -8 -15 16 
11 13 5 1 -8 15 -14 5 -16 18 18 3 2 17 -11 11 -15 17 -14 3 
6 8 -6 -1 7 -11 3 11 6 6 11 -16 -12 -16 -3 10 4 -17 5 11 
7 -15 -12 16 -14 2 13 7 2 15 6 10 3 7 11 16 -8 3 14 -3 
-3 14 3 -8 16 11 7 3 10 6 15 2 7 13 2 -14 16 -12 -15 7 
11 5 -17 4 10 -3 -16 -12 -16 11 6 6 11 3 -11 7 -1 -6 8 6 
3 -14 17 -15 11 -11 17 2 3 18 18 -16 5 -14 15 -8 1 5 13 11 
16 -15 -8 -8 9 1 -13 8 7 0 -3 -6 -14 -8 10 16 -16 15 11 -15 
11 6 9 3 3 10 16 5 15 3 15 2 11 11 4 12 3 -8 1 16 
10 6 -18 1 16 9 18 8 5 10 4 -6 14 17 14 5 -9 10 4 -4 
12 -13 1 14 5 11 -11 12 1 16 5 15 0 -1 5 2 3 2 -1 18 
8 16 1 14 8 18 8 2 16 -17 11 9 -12 15 -4 4 -1 6 -5 -17 
-18 -11 13 -1 6 13 4 6 11 4 14 8 -3 10 -2 7 5 14 6 14 
6 -10 13 -18 13 -17 -8 -9 3 6 10 11 4 -10 2 18 8 6 -12 4 
68
1
11 14
8 5
0
0
