20 20
20 9 22 8 3 18 13 5 3 -6 -4 1 8 4 10 25 11 16 12 7 
19 -4 4 -19 6 15 -12 -10 -25 25 14 17 4 17 0 3 -15 7 14 24 
5 17 13 17 14 20 2 24 -15 4 25 20 17 2 -26 -11 18 18 -6 -23 
19 15 15 -11 8 20 16 5 9 0 13 -6 5 -24 -6 23 25 -15 19 10 
3 21 2 19 23 22 4 -23 17 -25 16 -11 -1 10 9 22 17 11 7 18 
15 15 15 1 17 24 4 -6 16 -18 3 19 5 -11 -26 -11 -25 13 4 -12 
11 -19 0 13 24 24 -13 15 17 21 10 21 12 14 -2 26 21 15 2 17 
-26 7 25 5 15 6 17 -11 11 12 -18 13 -14 -15 -22 1 4 1 15 13 
18 0 -9 1 2 24 8 -14 3 5 15 19 21 4 21 22 1 7 8 8 
21 11 21 9 -2 2 -10 -10 15 -1 10 24 15 9 -6 8 -16 18 0 11 
11 0 18 -16 8 -6 9 15 24 10 -1 15 -10 -10 2 -2 9 21 11 21 
8 8 7 1 22 21 4 21 19 15 5 3 -14 8 24 2 1 -9 0 18 
13 15 1 4 1 -22 -15 -14 13 -18 12 11 -11 17 6 15 5 25 7 -26 
17 2 15 21 26 -2 14 12 21 10 21 17 15 -13 24 24 13 0 -19 11 
-12 4 13 -25 -11 -26 -11 5 19 3 -18 16 -6 4 24 17 1 15 15 15 
18 7 11 17 22 9 10 -1 -11 16 -25 17 -23 4 22 23 19 2 21 3 
10 19 -15 25 23 -6 -24 5 -6 13 0 9 5 16 20 8 -11 15 15 19 
-23 -6 18 18 -11 -26 2 17 20 25 4 -15 24 2 20 14 17 13 17 5 
24 14 7 -15 3 0 17 4 17 14 25 -25 -10 -12 15 6 -19 4 -4 19 
7 12 16 11 25 10 4 8 1 -4 -6 3 5 13 18 3 8 22 9 20 
62
1
11 5
8 14
0
0
