20 20
5 -8 7 9 2 5 -1 0 -7 -7 1 13 7 1 2 0 -3 1 12 14 
8 0 -2 -13 -10 4 -2 -1 11 6 5 10 7 0 -2 -6 -10 -1 1 4 
9 -1 -8 1 2 -1 2 -13 -5 2 9 -10 3 11 4 1 6 7 4 8 
9 8 7 2 0 2 1 -9 13 -14 2 6 4 -1 11 4 9 3 7 14 
5 6 5 9 9 3 14 2 5 4 6 6 1 -14 6 6 14 1 -14 3 
12 13 -5 8 13 1 -14 7 3 3 -14 -10 2 14 7 -8 -11 9 13 -7 
-6 -9 5 6 1 -11 7 2 2 2 14 6 1 4 7 11 3 6 -12 11 
-10 7 9 3 -2 13 6 8 7 7 2 1 9 -9 10 -2 10 4 0 2 
8 -8 1 -9 9 0 7 0 -3 12 4 4 13 2 -10 -9 -8 -14 10 1 
-2 14 4 0 -1 1 13 2 12 9 10 3 12 8 2 -9 8 3 2 10 
10 2 3 8 -9 2 8 12 3 10 9 12 2 13 1 -1 0 4 14 -2 
1 10 -14 -8 -9 -10 2 13 4 4 12 -3 0 7 0 9 -9 1 -8 8 
2 0 4 10 -2 10 -9 9 1 2 7 7 8 6 13 -2 3 9 7 -10 
11 -12 6 3 11 7 4 1 6 14 2 2 2 7 -11 1 6 5 -9 -6 
-7 13 9 -11 -8 7 14 2 -10 -14 3 3 7 -14 1 13 8 -5 13 12 
3 -14 1 14 6 6 -14 1 6 6 4 5 2 14 3 9 9 5 6 5 
14 7 3 9 4 11 -1 4 6 2 -14 13 -9 1 2 0 2 7 8 9 
8 4 7 6 1 4 11 3 -10 9 2 -5 -13 2 -1 2 1 -8 -1 9 
4 1 -1 -10 -6 -2 0 7 10 5 6 11 -1 -2 4 -10 -13 -2 0 8 
14 12 1 -3 0 2 1 7 13 1 -7 -7 0 -1 5 2 9 7 -8 5 
77
1
15 4
4 15
0
0
