20 20
3 17 23 6 15 -13 11 21 14 -1 -6 3 11 12 22 12 0 3 -23 -10 
0 6 -4 -6 15 4 -18 1 -16 17 2 24 6 -23 22 10 17 15 15 -6 
23 -24 2 8 -12 15 -23 13 5 18 9 20 24 21 -12 -9 14 3 -20 22 
3 17 5 8 -12 17 12 20 11 -17 1 -11 24 7 -11 -1 -9 20 18 18 
17 16 15 1 13 3 11 12 1 8 10 16 19 1 6 5 -14 6 -20 16 
-23 22 11 5 12 2 11 22 -18 1 22 -24 14 14 18 10 23 -16 4 19 
-8 11 9 -24 4 10 7 -5 3 2 10 1 -21 9 -13 7 -6 21 -11 10 
6 13 -6 23 3 7 -7 3 10 -5 23 1 18 1 3 14 -9 -20 15 3 
-8 -15 -15 2 24 13 14 24 -20 11 21 11 6 8 16 23 6 17 3 20 
14 4 18 3 11 11 -16 -23 3 24 7 12 0 11 4 18 0 8 13 14 
14 13 8 0 18 4 11 0 12 7 24 3 -23 -16 11 11 3 18 4 14 
20 3 17 6 23 16 8 6 11 21 11 -20 24 14 13 24 2 -15 -15 -8 
3 15 -20 -9 14 3 1 18 1 23 -5 10 3 -7 7 3 23 -6 13 6 
10 -11 21 -6 7 -13 9 -21 1 10 2 3 -5 7 10 4 -24 9 11 -8 
19 4 -16 23 10 18 14 14 -24 22 1 -18 22 11 2 12 5 11 22 -23 
16 -20 6 -14 5 6 1 19 16 10 8 1 12 11 3 13 1 15 16 17 
18 18 20 -9 -1 -11 7 24 -11 1 -17 11 20 12 17 -12 8 5 17 3 
22 -20 3 14 -9 -12 21 24 20 9 18 5 13 -23 15 -12 8 2 -24 23 
-6 15 15 17 10 22 -23 6 24 2 17 -16 1 -18 4 15 -6 -4 6 0 
-10 -23 3 0 12 22 12 11 3 -6 -1 14 21 11 -13 15 6 23 17 3 
63
1
16 13
3 6
0
0
