20 20
5 -6 -18 16 15 -15 13 -25 0 -18 20 7 -12 25 1 -19 -9 8 -24 24 
-9 -23 6 15 -7 -20 24 16 7 13 3 20 3 13 2 7 13 19 21 19 
24 8 17 13 9 -12 -11 -3 -2 15 9 23 7 16 -17 -13 8 8 7 17 
13 6 21 -12 19 23 25 -25 8 7 2 0 20 -17 17 -16 22 15 0 2 
13 6 19 20 22 17 15 4 16 7 24 7 6 23 21 8 -13 -5 6 23 
9 9 -24 1 -6 21 -20 -12 12 -17 6 -12 9 18 -23 2 20 9 13 12 
11 -3 -24 16 6 23 -19 23 9 22 -3 19 -22 18 17 -6 13 14 12 -10 
17 6 2 21 20 17 10 -9 -20 -1 18 15 15 16 1 -22 -21 0 20 19 
20 21 13 -10 13 22 -7 -20 14 15 2 11 -16 18 7 -22 19 -12 11 5 
8 7 9 3 7 11 -14 -3 -21 -23 3 0 21 -12 9 13 24 -23 25 20 
20 25 -23 24 13 9 -12 21 0 3 -23 -21 -3 -14 11 7 3 9 7 8 
5 11 -12 19 -22 7 18 -16 11 2 15 14 -20 -7 22 13 -10 13 21 20 
19 20 0 -21 -22 1 16 15 15 18 -1 -20 -9 10 17 20 21 2 6 17 
-10 12 14 13 -6 17 18 -22 19 -3 22 9 23 -19 23 6 16 -24 -3 11 
12 13 9 20 2 -23 18 9 -12 6 -17 12 -12 -20 21 -6 1 -24 9 9 
23 6 -5 -13 8 21 23 6 7 24 7 16 4 15 17 22 20 19 6 13 
2 0 15 22 -16 17 -17 20 0 2 7 8 -25 25 23 19 -12 21 6 13 
17 7 8 8 -13 -17 16 7 23 9 15 -2 -3 -11 -12 9 13 17 8 24 
19 21 19 13 7 2 13 3 20 3 13 7 16 24 -20 -7 15 6 -23 -9 
24 -24 8 -9 -19 1 25 -12 7 20 -18 0 -25 13 -15 15 16 -18 -6 5 
61
1
0 15
19 4
0
0
