20 20
15 8 -6 17 13 2 3 -7 14 16 13 16 6 8 -12 17 8 17 -10 9 
5 7 2 13 17 -14 14 16 -13 12 3 9 13 -13 13 5 1 6 12 -15 
-15 -1 8 14 13 -8 -1 -2 11 3 9 14 7 11 4 1 11 13 14 2 
5 -15 -2 -13 2 7 7 12 11 2 -4 7 16 10 -16 12 -14 7 14 9 
0 -1 5 -13 9 16 13 17 16 9 -3 5 3 3 -14 0 5 -14 7 -10 
3 1 12 11 9 16 -13 5 6 10 17 16 -17 10 8 -3 0 5 17 -5 
12 16 12 11 -3 3 -16 3 -16 -1 1 -13 -11 -7 16 2 12 -13 -3 0 
4 9 17 8 -10 15 12 15 3 1 15 11 4 4 9 -13 0 15 -13 -17 
-3 8 5 10 11 14 4 13 11 13 16 -10 6 1 8 1 16 11 -10 10 
4 1 10 -1 13 7 0 12 3 12 -3 -14 14 14 1 7 7 14 12 15 
15 12 14 7 7 1 14 14 -14 -3 12 3 12 0 7 13 -1 10 1 4 
10 -10 11 16 1 8 1 6 -10 16 13 11 13 4 14 11 10 5 8 -3 
-17 -13 15 0 -13 9 4 4 11 15 1 3 15 12 15 -10 8 17 9 4 
0 -3 -13 12 2 16 -7 -11 -13 1 -1 -16 3 -16 3 -3 11 12 16 12 
-5 17 5 0 -3 8 10 -17 16 17 10 6 5 -13 16 9 11 12 1 3 
-10 7 -14 5 0 -14 3 3 5 -3 9 16 17 13 16 9 -13 5 -1 0 
9 14 7 -14 12 -16 10 16 7 -4 2 11 12 7 7 2 -13 -2 -15 5 
2 14 13 11 1 4 11 7 14 9 3 11 -2 -1 -8 13 14 8 -1 -15 
-15 12 6 1 5 13 -13 13 9 3 12 -13 16 14 -14 17 13 2 7 5 
9 -10 17 8 17 -12 8 6 16 13 16 14 -7 3 2 13 17 -6 8 15 
67
1
18 0
1 19
0
0
