20 20
3 -1 -5 -6 9 8 -1 5 2 5 1 7 5 -4 8 -12 2 4 8 3 
4 7 1 -12 12 5 12 8 5 6 12 8 11 4 6 10 -5 -5 -13 -9 
10 -3 -11 0 4 -10 7 12 5 0 8 13 2 11 12 13 -7 3 4 8 
12 -13 8 -3 13 4 8 -10 -6 -1 -3 2 -8 -10 -11 -12 3 12 8 1 
-2 -9 12 4 1 4 10 1 -3 4 12 -3 4 7 -6 -13 3 -7 11 10 
-3 5 2 -9 9 -10 3 10 2 -7 13 -4 13 2 6 8 -10 7 -7 7 
12 11 10 7 2 2 -12 3 5 0 6 12 7 4 12 -13 10 13 1 12 
5 9 1 -11 11 -4 9 12 13 0 -5 10 1 8 12 3 3 2 2 -12 
7 11 4 7 5 -10 11 7 12 2 -7 10 3 5 6 6 9 4 -12 -1 
1 7 -7 -4 7 -4 4 8 1 10 -11 -13 -2 5 10 6 -2 10 2 -13 
-13 2 10 -2 6 10 5 -2 -13 -11 10 1 8 4 -4 7 -4 -7 7 1 
-1 -12 4 9 6 6 5 3 10 -7 2 12 7 11 -10 5 7 4 11 7 
-12 2 2 3 3 12 8 1 10 -5 0 13 12 9 -4 11 -11 1 9 5 
12 1 13 10 -13 12 4 7 12 6 0 5 3 -12 2 2 7 10 11 12 
7 -7 7 -10 8 6 2 13 -4 13 -7 2 10 3 -10 9 -9 2 5 -3 
10 11 -7 3 -13 -6 7 4 -3 12 4 -3 1 10 4 1 4 12 -9 -2 
1 8 12 3 -12 -11 -10 -8 2 -3 -1 -6 -10 8 4 13 -3 8 -13 12 
8 4 3 -7 13 12 11 2 13 8 0 5 12 7 -10 4 0 -11 -3 10 
-9 -13 -5 -5 10 6 4 11 8 12 6 5 8 12 5 12 -12 1 7 4 
3 8 4 2 -12 8 -4 5 7 1 5 2 5 -1 8 9 -6 -5 -1 3 
68
1
13 10
6 9
0
0
