20 20
26 8 -5 -16 -3 22 -2 22 4 3 9 13 15 26 29 25 -2 3 19 4 
2 4 27 21 23 -12 -8 13 6 6 -22 -14 4 28 -22 15 25 11 26 -14 
2 19 -8 19 26 5 17 -23 9 24 -19 27 11 25 2 23 3 -20 18 6 
2 18 7 14 18 -18 -6 27 24 -4 25 -10 24 -21 15 21 23 25 18 -3 
8 25 2 18 20 25 22 -15 27 -4 -8 28 17 25 -24 -6 11 1 17 11 
-27 24 11 2 29 9 -22 -13 4 14 21 23 22 2 9 18 -1 4 -24 10 
-10 4 -28 4 -16 24 13 16 7 -21 2 21 18 5 16 18 16 13 26 15 
-28 22 -20 28 9 -20 14 10 23 -7 17 19 27 12 16 2 16 19 -7 17 
27 5 28 6 23 -26 28 -14 -25 11 20 10 0 11 24 -2 14 -11 6 29 
13 10 7 7 4 20 -20 -22 24 16 17 27 -6 -11 5 1 8 -7 4 12 
12 4 -7 8 1 5 -11 -6 27 17 16 24 -22 -20 20 4 7 7 10 13 
29 6 -11 14 -2 24 11 0 10 20 11 -25 -14 28 -26 23 6 28 5 27 
17 -7 19 16 2 16 12 27 19 17 -7 23 10 14 -20 9 28 -20 22 -28 
15 26 13 16 18 16 5 18 21 2 -21 7 16 13 24 -16 4 -28 4 -10 
10 -24 4 -1 18 9 2 22 23 21 14 4 -13 -22 9 29 2 11 24 -27 
11 17 1 11 -6 -24 25 17 28 -8 -4 27 -15 22 25 20 18 2 25 8 
-3 18 25 23 21 15 -21 24 -10 25 -4 24 27 -6 -18 18 14 7 18 2 
6 18 -20 3 23 2 25 11 27 -19 24 9 -23 17 5 26 19 -8 19 2 
-14 26 11 25 15 -22 28 4 -14 -22 6 6 13 -8 -12 23 21 27 4 2 
4 19 3 -2 25 29 26 15 13 9 3 4 22 -2 22 -3 -16 -5 8 26 
53
1
1 2
18 17
0
0
