20 20
14 9 -15 10 9 14 10 11 4 -6 8 15 8 -10 6 4 0 17 -2 13 
2 3 12 -16 -15 -2 8 2 -1 -16 16 10 11 1 6 8 0 15 15 -14 
13 -14 -10 15 -7 13 -14 8 3 -9 2 17 4 -13 0 5 -6 -17 17 3 
4 3 -9 2 -13 10 -11 17 17 9 12 14 8 15 13 2 6 12 15 -14 
11 1 12 16 9 2 -1 8 -1 11 15 13 16 11 9 11 -4 9 10 9 
10 5 0 12 4 9 5 -10 1 14 -5 4 4 11 17 16 -17 -8 0 2 
2 7 7 -9 6 3 6 12 5 10 16 1 12 13 13 3 -6 13 17 9 
10 -12 1 -15 14 8 1 8 4 -1 8 13 1 -2 16 -3 -12 15 11 8 
11 13 11 9 0 8 14 16 16 12 2 5 -5 13 9 10 7 12 16 10 
-6 -8 9 9 -1 15 -17 -17 -9 0 4 1 16 -2 15 -6 10 10 17 16 
16 17 10 10 -6 15 -2 16 1 4 0 -9 -17 -17 15 -1 9 9 -8 -6 
10 16 12 7 10 9 13 -5 5 2 12 16 16 14 8 0 9 11 13 11 
8 11 15 -12 -3 16 -2 1 13 8 -1 4 8 1 8 14 -15 1 -12 10 
9 17 13 -6 3 13 13 12 1 16 10 5 12 6 3 6 -9 7 7 2 
2 0 -8 -17 16 17 11 4 4 -5 14 1 -10 5 9 4 12 0 5 10 
9 10 9 -4 11 9 11 16 13 15 11 -1 8 -1 2 9 16 12 1 11 
-14 15 12 6 2 13 15 8 14 12 9 17 17 -11 10 -13 2 -9 3 4 
3 17 -17 -6 5 0 -13 4 17 2 -9 3 8 -14 13 -7 15 -10 -14 13 
-14 15 15 0 8 6 1 11 10 16 -16 -1 2 8 -2 -15 -16 12 3 2 
13 -2 17 0 4 6 -10 8 15 8 -6 4 11 10 14 9 10 -15 9 14 
188
1
3 17
16 2
0
0
