20 20
11 -4 3 -5 11 9 3 1 2 -5 11 0 5 10 9 -12 7 5 13 1 
3 1 10 10 -13 -12 5 13 8 9 -13 13 2 9 -2 8 1 3 7 5 
-10 4 3 -8 7 -5 3 1 2 2 -4 12 13 -5 -6 12 8 -1 -4 0 
1 13 -13 2 0 -2 5 7 -6 12 1 -5 6 13 8 9 3 9 11 9 
9 11 -9 6 -3 -13 10 10 1 13 10 -3 -4 12 6 5 -13 2 -6 8 
6 4 3 4 12 -7 1 5 4 13 13 7 2 -13 -8 10 13 6 11 6 
3 -9 4 7 13 5 1 -7 8 0 11 7 9 -11 -12 4 5 -7 -11 -4 
-12 0 5 5 12 2 10 -7 8 -2 2 -10 7 11 9 -10 11 3 8 5 
1 2 10 5 13 10 5 12 8 5 5 5 1 3 2 7 1 0 1 -4 
1 -10 -3 4 10 7 11 4 4 0 3 4 -7 5 7 9 -13 0 5 4 
4 5 0 -13 9 7 5 -7 4 3 0 4 4 11 7 10 4 -3 -10 1 
-4 1 0 1 7 2 3 1 5 5 5 8 12 5 10 13 5 10 2 1 
5 8 3 11 -10 9 11 7 -10 2 -2 8 -7 10 2 12 5 5 0 -12 
-4 -11 -7 5 4 -12 -11 9 7 11 0 8 -7 1 5 13 7 4 -9 3 
6 11 6 13 10 -8 -13 2 7 13 13 4 5 1 -7 12 4 3 4 6 
8 -6 2 -13 5 6 12 -4 -3 10 13 1 10 10 -13 -3 6 -9 11 9 
9 11 9 3 9 8 13 6 -5 1 12 -6 7 5 -2 0 2 -13 13 1 
0 -4 -1 8 12 -6 -5 13 12 -4 2 2 1 3 -5 7 -8 3 4 -10 
5 7 3 1 8 -2 9 2 13 -13 9 8 13 5 -12 -13 10 10 1 3 
1 13 5 7 -12 9 10 5 0 11 -5 2 1 3 9 11 -5 3 -4 11 
191
1
10 13
9 6
0
0
