20 20
6 -10 14 -13 -3 7 6 -4 -14 8 4 1 4 5 5 6 10 0 8 12 
6 9 13 1 -11 2 -8 -6 6 2 -6 7 -8 5 12 -10 5 5 11 6 
4 11 10 5 -4 11 0 7 -14 1 -6 13 8 4 11 -4 -6 -6 13 -10 
14 2 9 -13 3 5 12 13 5 11 10 10 14 -6 4 -14 5 8 6 4 
5 3 1 11 9 6 12 5 10 9 7 13 -8 13 2 6 -3 -6 -9 9 
4 13 -10 -12 12 11 4 1 11 4 7 -6 1 6 4 3 13 1 13 -8 
12 5 -5 8 1 -2 -13 9 -5 1 -3 13 -5 0 0 12 2 0 1 6 
0 10 -3 3 13 10 9 -9 9 5 5 11 14 11 3 8 11 3 10 13 
5 3 3 -5 -12 13 1 -12 13 7 0 11 -14 6 7 -5 6 4 -8 8 
5 -7 -3 12 -1 1 0 -6 8 13 -12 -14 9 10 8 12 6 3 9 9 
9 9 3 6 12 8 10 9 -14 -12 13 8 -6 0 1 -1 12 -3 -7 5 
8 -8 4 6 -5 7 6 -14 11 0 7 13 -12 1 13 -12 -5 3 3 5 
13 10 3 11 8 3 11 14 11 5 5 9 -9 9 10 13 3 -3 10 0 
6 1 0 2 12 0 0 -5 13 -3 1 -5 9 -13 -2 1 8 -5 5 12 
-8 13 1 13 3 4 6 1 -6 7 4 11 1 4 11 12 -12 -10 13 4 
9 -9 -6 -3 6 2 13 -8 13 7 9 10 5 12 6 9 11 1 3 5 
4 6 8 5 -14 4 -6 14 10 10 11 5 13 12 5 3 -13 9 2 14 
-10 13 -6 -6 -4 11 4 8 13 -6 1 -14 7 0 11 -4 5 10 11 4 
6 11 5 5 -10 12 5 -8 7 -6 2 6 -6 -8 2 -11 1 13 9 6 
12 8 0 10 6 5 5 4 1 4 8 -14 -4 6 7 -3 -13 14 -10 6 
39
1
3 1
16 18
0
0
