20 20
5 9 11 -6 -20 -5 24 4 -1 1 -5 1 17 0 3 0 11 3 8 20 
-16 8 4 3 17 4 -14 -16 -13 7 10 -24 22 24 10 -9 -25 -21 22 14 
14 24 8 5 -24 10 4 20 14 18 7 21 0 -12 24 -18 21 1 25 1 
1 3 25 -15 16 0 24 17 -2 15 20 -22 8 12 21 -21 1 23 -24 8 
3 -9 -24 5 13 -12 18 16 1 18 15 11 22 -24 -23 22 -9 22 -18 25 
19 14 11 8 19 22 12 -8 10 6 -12 -12 19 5 -11 -20 8 18 1 20 
24 25 22 14 15 15 23 6 25 -4 24 1 3 14 22 24 14 -21 -18 21 
-22 18 11 8 -15 21 23 24 10 15 8 -6 -17 3 18 24 -7 16 -6 13 
5 12 -25 22 24 17 19 18 24 9 -3 17 -16 -3 17 21 15 11 -12 -20 
2 15 -14 -6 22 6 9 24 22 19 16 -3 10 12 2 25 23 -14 16 -23 
-23 16 -14 23 25 2 12 10 -3 16 19 22 24 9 6 22 -6 -14 15 2 
-20 -12 11 15 21 17 -3 -16 17 -3 9 24 18 19 17 24 22 -25 12 5 
13 -6 16 -7 24 18 3 -17 -6 8 15 10 24 23 21 -15 8 11 18 -22 
21 -18 -21 14 24 22 14 3 1 24 -4 25 6 23 15 15 14 22 25 24 
20 1 18 8 -20 -11 5 19 -12 -12 6 10 -8 12 22 19 8 11 14 19 
25 -18 22 -9 22 -23 -24 22 11 15 18 1 16 18 -12 13 5 -24 -9 3 
8 -24 23 1 -21 21 12 8 -22 20 15 -2 17 24 0 16 -15 25 3 1 
1 25 1 21 -18 24 -12 0 21 7 18 14 20 4 10 -24 5 8 24 14 
14 22 -21 -25 -9 10 24 22 -24 10 7 -13 -16 -14 4 17 3 4 8 -16 
20 8 3 11 0 3 0 17 1 -5 1 -1 4 24 -5 -20 -6 11 9 5 
197
1
6 11
13 8
0
0
