20 20
6 5 10 -1 8 6 -1 5 7 7 10 1 -10 -2 5 5 4 1 -3 2 
7 3 -7 -5 0 3 3 2 -10 8 10 -4 0 -4 7 0 6 5 6 6 
-7 7 5 1 8 9 -1 5 4 7 -8 9 4 1 4 10 6 9 8 8 
8 5 1 8 -10 7 2 -7 1 4 -3 9 -8 9 -2 6 1 4 4 -6 
8 2 10 9 6 6 1 10 10 5 -2 6 -6 -10 6 4 3 3 3 8 
9 8 -1 -7 5 6 2 -1 8 2 8 -6 4 9 -3 3 8 2 10 9 
-8 7 8 5 4 9 -10 -6 4 7 2 9 3 7 10 5 4 -7 1 7 
2 7 3 9 2 9 6 4 -6 7 10 3 9 8 3 2 5 6 -4 7 
-2 8 4 10 4 -2 7 4 2 -1 2 -5 5 -2 7 -10 -5 4 3 -6 
9 -1 3 3 0 -9 9 6 9 7 10 -1 6 -6 10 5 3 3 -6 1 
1 -6 3 3 5 10 -6 6 -1 10 7 9 6 9 -9 0 3 3 -1 9 
-6 3 4 -5 -10 7 -2 5 -5 2 -1 2 4 7 -2 4 10 4 8 -2 
7 -4 6 5 2 3 8 9 3 10 7 -6 4 6 9 2 9 3 7 2 
7 1 -7 4 5 10 7 3 9 2 7 4 -6 -10 9 4 5 8 7 -8 
9 10 2 8 3 -3 9 4 -6 8 2 8 -1 2 6 5 -7 -1 8 9 
8 3 3 3 4 6 -10 -6 6 -2 5 10 10 1 6 6 9 10 2 8 
-6 4 4 1 6 -2 9 -8 9 -3 4 1 -7 2 7 -10 8 1 5 8 
8 8 9 6 10 4 1 4 9 -8 7 4 5 -1 9 8 1 5 7 -7 
6 6 5 6 0 7 -4 0 -4 10 8 -10 2 3 3 0 -5 -7 3 7 
2 -3 1 4 5 5 -2 -10 1 10 7 7 5 -1 6 8 -1 10 5 6 
75
1
1 17
18 2
0
0
