20 20
4 15 5 0 -23 18 19 16 13 -19 18 -13 -14 -21 -10 12 1 21 22 -9 
1 23 -19 19 12 -11 4 -8 23 -24 -3 -15 19 -4 17 16 12 -22 4 -8 
1 -24 2 13 -7 -13 -6 14 13 20 9 19 16 18 20 2 21 2 -13 -24 
13 9 20 -2 10 -12 20 -10 6 5 24 7 -17 9 14 21 1 13 -18 10 
1 1 22 18 2 22 18 20 -13 23 2 21 16 -5 18 6 -19 19 10 1 
6 22 9 1 -17 2 9 20 21 16 10 17 11 12 12 24 -21 20 12 -15 
3 -14 20 14 7 7 12 18 4 8 -16 -10 -18 16 -3 13 11 -5 13 21 
14 7 14 -20 -6 2 17 14 6 10 5 10 20 20 23 15 24 13 24 5 
20 -16 9 3 13 12 -1 7 21 -18 10 0 6 16 -11 19 -3 8 7 12 
-14 24 -24 19 2 -15 15 -16 13 -21 15 22 18 -15 -14 10 10 24 22 13 
13 22 24 10 10 -14 -15 18 22 15 -21 13 -16 15 -15 2 19 -24 24 -14 
12 7 8 -3 19 -11 16 6 0 10 -18 21 7 -1 12 13 3 9 -16 20 
5 24 13 24 15 23 20 20 10 5 10 6 14 17 2 -6 -20 14 7 14 
21 13 -5 11 13 -3 16 -18 -10 -16 8 4 18 12 7 7 14 20 -14 3 
-15 12 20 -21 24 12 12 11 17 10 16 21 20 9 2 -17 1 9 22 6 
1 10 19 -19 6 18 -5 16 21 2 23 -13 20 18 22 2 18 22 1 1 
10 -18 13 1 21 14 9 -17 7 24 5 6 -10 20 -12 10 -2 20 9 13 
-24 -13 2 21 2 20 18 16 19 9 20 13 14 -6 -13 -7 13 2 -24 1 
-8 4 -22 12 16 17 -4 19 -15 -3 -24 23 -8 4 -11 12 19 -19 23 1 
-9 22 21 1 12 -10 -21 -14 -13 18 -19 13 16 19 18 -23 0 5 15 4 
91
1
4 17
15 2
0
0
