20 20
1 17 15 6 8 3 5 -2 7 -16 -15 17 0 15 -6 4 1 9 11 10 
2 12 8 15 8 5 3 5 13 17 0 -4 12 3 -13 -3 13 7 10 -6 
-3 -2 -10 6 -8 15 6 10 -12 -14 -8 16 -16 -8 5 13 16 7 8 -14 
8 1 4 11 -15 -1 -13 4 12 11 13 7 8 17 8 17 8 4 2 0 
14 -13 11 -16 -16 9 16 -4 2 -12 -13 -2 0 6 -13 13 4 0 15 -2 
3 8 1 16 8 3 -2 -17 -10 12 -10 4 0 15 5 16 10 11 14 -3 
6 -4 -8 -4 2 16 10 7 13 7 -11 -4 6 14 4 14 17 13 14 7 
1 -15 14 10 12 -4 -5 4 -16 -10 -9 16 5 11 14 3 12 6 -15 -11 
4 13 -7 16 9 -10 12 6 -15 14 14 -12 0 -11 13 3 -14 14 1 -11 
13 7 13 -2 -6 2 13 2 5 15 11 9 9 0 -17 13 6 15 13 10 
10 13 15 6 13 -17 0 9 9 11 15 5 2 13 2 -6 -2 13 7 13 
-11 1 14 -14 3 13 -11 0 -12 14 14 -15 6 12 -10 9 16 -7 13 4 
-11 -15 6 12 3 14 11 5 16 -9 -10 -16 4 -5 -4 12 10 14 -15 1 
7 14 13 17 14 4 14 6 -4 -11 7 13 7 10 16 2 -4 -8 -4 6 
-3 14 11 10 16 5 15 0 4 -10 12 -10 -17 -2 3 8 16 1 8 3 
-2 15 0 4 13 -13 6 0 -2 -13 -12 2 -4 16 9 -16 -16 11 -13 14 
0 2 4 8 17 8 17 8 7 13 11 12 4 -13 -1 -15 11 4 1 8 
-14 8 7 16 13 5 -8 -16 16 -8 -14 -12 10 6 15 -8 6 -10 -2 -3 
-6 10 7 13 -3 -13 3 12 -4 0 17 13 5 3 5 8 15 8 12 2 
10 11 9 1 4 -6 15 0 17 -15 -16 7 -2 5 3 8 6 15 17 1 
62
1
3 14
16 5
0
0
