20 20
19 -17 21 3 10 21 12 6 12 21 0 -6 8 19 1 23 -20 18 9 22 
19 17 -4 -16 -21 -15 11 18 -23 -10 15 11 -12 16 8 18 19 8 -8 21 
-17 -5 16 7 12 18 6 -18 8 5 -8 -18 19 -15 -8 7 2 6 10 11 
22 7 16 -10 19 17 -3 15 11 -10 11 12 3 9 17 13 18 -21 17 23 
18 3 10 18 17 -1 4 15 17 0 18 16 -16 7 19 21 18 11 15 21 
16 18 12 3 23 3 21 11 16 5 16 12 1 7 14 1 -9 22 15 4 
-18 8 -15 13 7 -14 -16 10 -9 8 2 4 -14 13 8 -19 0 13 1 21 
-8 18 21 3 -4 11 23 21 14 13 -22 10 6 20 6 14 -1 14 3 22 
23 4 16 14 7 -9 18 2 2 4 1 20 3 1 17 -15 4 -10 -4 13 
0 20 4 2 -17 19 12 -20 -6 -5 -16 -7 -2 17 14 22 -21 -19 8 1 
1 8 -19 -21 22 14 17 -2 -7 -16 -5 -6 -20 12 19 -17 2 4 20 0 
13 -4 -10 4 -15 17 1 3 20 1 4 2 2 18 -9 7 14 16 4 23 
22 3 14 -1 14 6 20 6 10 -22 13 14 21 23 11 -4 3 21 18 -8 
21 1 13 0 -19 8 13 -14 4 2 8 -9 10 -16 -14 7 13 -15 8 -18 
4 15 22 -9 1 14 7 1 12 16 5 16 11 21 3 23 3 12 18 16 
21 15 11 18 21 19 7 -16 16 18 0 17 15 4 -1 17 18 10 3 18 
23 17 -21 18 13 17 9 3 12 11 -10 11 15 -3 17 19 -10 16 7 22 
11 10 6 2 7 -8 -15 19 -18 -8 5 8 -18 6 18 12 7 16 -5 -17 
21 -8 8 19 18 8 16 -12 11 15 -10 -23 18 11 -15 -21 -16 -4 17 19 
22 9 18 -20 23 1 19 8 -6 0 21 12 6 12 21 10 3 21 -17 19 
58
1
10 17
9 2
0
0
