20 20
-7 -20 5 14 5 -16 4 11 20 2 -15 10 11 19 15 21 -1 3 -5 1 
19 -17 12 13 4 14 19 2 0 2 11 16 -10 20 20 -11 -19 17 15 -18 
5 3 5 3 -5 9 18 16 14 11 5 15 19 11 -12 0 10 6 -20 2 
4 4 13 3 -14 -5 14 7 16 -7 -8 4 17 4 -21 21 -15 -7 7 2 
7 10 2 4 1 20 14 11 -8 3 7 19 20 20 -19 -20 6 5 17 20 
-17 12 12 -3 10 17 12 -16 0 -18 20 14 0 13 -15 -5 4 21 12 -19 
17 13 2 7 -20 4 -1 -17 20 13 -17 11 20 2 -12 -13 9 9 18 9 
15 7 17 -16 10 20 17 -12 16 0 9 -8 1 -2 16 18 17 -3 -11 10 
2 10 14 -14 5 14 17 -12 21 18 -19 -12 20 -3 1 -11 20 15 21 19 
2 -3 7 2 6 12 17 2 -18 19 9 -14 -1 -16 -14 17 12 14 14 8 
8 14 14 12 17 -14 -16 -1 -14 9 19 -18 2 17 12 6 2 7 -3 2 
19 21 15 20 -11 1 -3 20 -12 -19 18 21 -12 17 14 5 -14 14 10 2 
10 -11 -3 17 18 16 -2 1 -8 9 0 16 -12 17 20 10 -16 17 7 15 
9 18 9 9 -13 -12 2 20 11 -17 13 20 -17 -1 4 -20 7 2 13 17 
-19 12 21 4 -5 -15 13 0 14 20 -18 0 -16 12 17 10 -3 12 12 -17 
20 17 5 6 -20 -19 20 20 19 7 3 -8 11 14 20 1 4 2 10 7 
2 7 -7 -15 21 -21 4 17 4 -8 -7 16 7 14 -5 -14 3 13 4 4 
2 -20 6 10 0 -12 11 19 15 5 11 14 16 18 9 -5 3 5 3 5 
-18 15 17 -19 -11 20 20 -10 16 11 2 0 2 19 14 4 13 12 -17 19 
1 -5 3 -1 21 15 19 11 10 -15 2 20 11 4 -16 5 14 5 -20 -7 
113
1
3 11
16 8
0
0
