20 20
9 3 11 17 -7 -13 16 2 17 1 11 7 7 1 -3 7 11 -8 -6 4 
-4 -14 0 13 12 8 10 2 -13 11 4 10 0 9 7 -8 10 4 5 17 
15 15 10 2 13 18 16 16 13 7 -7 10 15 2 18 -15 1 4 -8 1 
3 9 -5 11 16 18 11 -6 -18 -16 -16 1 11 18 6 11 -10 -2 8 -16 
-19 11 12 18 -5 8 8 17 11 -16 3 10 9 -15 -17 18 -10 9 6 4 
3 1 10 17 -17 8 4 8 9 2 16 -12 15 2 0 11 4 11 5 16 
5 5 17 -11 4 6 0 13 2 12 12 19 9 2 -1 7 14 10 4 18 
17 -17 10 -8 3 10 2 19 3 4 -8 -2 2 13 6 15 7 15 -17 -4 
12 1 18 14 1 12 12 14 2 17 9 -1 0 1 -15 -12 11 0 4 -14 
-1 -9 9 6 17 15 -8 10 7 6 -2 16 12 8 7 -12 -8 9 9 7 
7 9 9 -8 -12 7 8 12 16 -2 6 7 10 -8 15 17 6 9 -9 -1 
-14 4 0 11 -12 -15 1 0 -1 9 17 2 14 12 12 1 14 18 1 12 
-4 -17 15 7 15 6 13 2 -2 -8 4 3 19 2 10 3 -8 10 -17 17 
18 4 10 14 7 -1 2 9 19 12 12 2 13 0 6 4 -11 17 5 5 
16 5 11 4 11 0 2 15 -12 16 2 9 8 4 8 -17 17 10 1 3 
4 6 9 -10 18 -17 -15 9 10 3 -16 11 17 8 8 -5 18 12 11 -19 
-16 8 -2 -10 11 6 18 11 1 -16 -16 -18 -6 11 18 16 11 -5 9 3 
1 -8 4 1 -15 18 2 15 10 -7 7 13 16 16 18 13 2 10 15 15 
17 5 4 10 -8 7 9 0 10 4 11 -13 2 10 8 12 13 0 -14 -4 
4 -6 -8 11 7 -3 1 7 7 11 1 17 2 16 -13 -7 17 11 3 9 
154
1
12 2
7 17
0
0
