20 20
11 2 6 10 11 10 10 1 2 7 7 4 4 -7 8 9 11 0 3 -5 
9 6 10 4 3 7 3 -2 11 5 1 9 8 6 -7 4 8 2 -2 5 
3 8 5 -5 10 4 -9 9 8 2 4 1 5 -5 -10 -8 7 11 8 1 
-6 6 -10 10 4 -3 7 -3 5 -4 6 6 -11 3 1 4 -2 11 6 4 
8 -7 11 11 11 -10 6 -3 -4 11 -6 -6 2 -11 9 7 -1 0 6 4 
0 9 -3 0 4 1 -3 -11 11 11 -5 8 5 -1 10 9 5 3 -3 9 
-7 1 -7 4 2 -11 1 3 -7 9 2 5 10 4 9 10 7 9 2 -8 
9 9 -11 9 1 3 8 9 -1 2 6 -3 2 -3 5 4 1 9 5 -6 
-8 7 7 -4 11 3 6 9 -6 0 10 -9 5 10 3 11 8 11 0 -10 
5 9 3 3 -11 -3 6 -2 11 4 -1 5 5 7 -8 7 -4 10 7 -10 
-10 7 10 -4 7 -8 7 5 5 -1 4 11 -2 6 -3 -11 3 3 9 5 
-10 0 11 8 11 3 10 5 -9 10 0 -6 9 6 3 11 -4 7 7 -8 
-6 5 9 1 4 5 -3 2 -3 6 2 -1 9 8 3 1 9 -11 9 9 
-8 2 9 7 10 9 4 10 5 2 9 -7 3 1 -11 2 4 -7 1 -7 
9 -3 3 5 9 10 -1 5 8 -5 11 11 -11 -3 1 4 0 -3 9 0 
4 6 0 -1 7 9 -11 2 -6 -6 11 -4 -3 6 -10 11 11 11 -7 8 
4 6 11 -2 4 1 3 -11 6 6 -4 5 -3 7 -3 4 10 -10 6 -6 
1 8 11 7 -8 -10 -5 5 1 4 2 8 9 -9 4 10 -5 5 8 3 
5 -2 2 8 4 -7 6 8 9 1 5 11 -2 3 7 3 4 10 6 9 
-5 3 0 11 9 8 -7 4 4 7 7 2 1 10 10 11 10 6 2 11 
142
1
3 10
16 9
0
0
