20 20
2 19 12 16 12 5 -2 20 20 2 7 13 21 15 6 10 14 4 18 14 
1 1 12 10 3 3 -3 20 1 -13 12 -1 3 20 11 5 10 6 -12 19 
6 21 7 9 0 9 19 12 1 18 14 7 10 20 21 21 18 16 19 15 
-7 14 12 -5 18 16 -11 8 -7 7 -2 -1 12 12 3 1 8 2 15 10 
14 -13 -10 -13 1 9 1 -20 5 12 -4 16 2 -8 -6 9 -7 14 10 12 
-7 10 -12 6 -13 17 15 -11 15 -12 2 -6 12 8 21 5 -3 21 -14 9 
12 17 2 14 -17 8 -5 1 7 4 -14 12 12 -3 0 -9 -17 3 5 -10 
1 -8 21 12 -5 19 20 1 -11 -21 -21 18 6 8 -11 15 12 21 19 19 
-20 -13 19 13 19 14 6 9 11 -21 15 6 14 5 21 10 14 -10 -4 -20 
8 7 6 17 12 18 -2 15 19 -8 0 8 3 13 20 8 -12 5 16 5 
5 16 5 -12 8 20 13 3 8 0 -8 19 15 -2 18 12 17 6 7 8 
-20 -4 -10 14 10 21 5 14 6 15 -21 11 9 6 14 19 13 19 -13 -20 
19 19 21 12 15 -11 8 6 18 -21 -21 -11 1 20 19 -5 12 21 -8 1 
-10 5 3 -17 -9 0 -3 12 12 -14 4 7 1 -5 8 -17 14 2 17 12 
9 -14 21 -3 5 21 8 12 -6 2 -12 15 -11 15 17 -13 6 -12 10 -7 
12 10 14 -7 9 -6 -8 2 16 -4 12 5 -20 1 9 1 -13 -10 -13 14 
10 15 2 8 1 3 12 12 -1 -2 7 -7 8 -11 16 18 -5 12 14 -7 
15 19 16 18 21 21 20 10 7 14 18 1 12 19 9 0 9 7 21 6 
19 -12 6 10 5 11 20 3 -1 12 -13 1 20 -3 3 3 10 12 1 1 
14 18 4 14 10 6 15 21 13 7 2 20 20 -2 5 12 16 12 19 2 
36
1
1 5
18 14
0
0
