20 20
17 0 -16 -7 19 19 -6 -1 12 -7 8 -9 2 20 19 15 2 3 3 12 
-3 9 15 3 4 -20 5 -2 16 14 9 13 -18 10 1 -12 9 17 5 -5 
19 11 8 18 13 20 15 -16 13 17 -1 -18 0 -12 17 -11 18 -18 3 -2 
5 0 6 8 -11 1 2 18 18 6 -13 14 16 8 17 16 -5 -6 2 18 
-11 12 12 15 2 -10 20 5 0 0 16 12 12 3 20 13 13 18 20 -13 
12 10 -5 -11 -6 8 4 6 -10 -8 -4 16 17 -10 5 18 -8 18 13 12 
-9 12 9 8 2 9 -16 19 7 4 1 6 -6 5 7 7 18 1 13 -5 
-3 19 15 5 11 15 10 -2 16 1 -1 9 1 2 7 12 8 18 4 -16 
-8 3 11 3 -12 6 11 -17 16 16 -5 1 2 2 10 -7 20 0 6 20 
0 -19 20 -14 -16 -5 2 15 16 8 14 17 20 10 17 0 14 -3 5 1 
1 5 -3 14 0 17 10 20 17 14 8 16 15 2 -5 -16 -14 20 -19 0 
20 6 0 20 -7 10 2 2 1 -5 16 16 -17 11 6 -12 3 11 3 -8 
-16 4 18 8 12 7 2 1 9 -1 1 16 -2 10 15 11 5 15 19 -3 
-5 13 1 18 7 7 5 -6 6 1 4 7 19 -16 9 2 8 9 12 -9 
12 13 18 -8 18 5 -10 17 16 -4 -8 -10 6 4 8 -6 -11 -5 10 12 
-13 20 18 13 13 20 3 12 12 16 0 0 5 20 -10 2 15 12 12 -11 
18 2 -6 -5 16 17 8 16 14 -13 6 18 18 2 1 -11 8 6 0 5 
-2 3 -18 18 -11 17 -12 0 -18 -1 17 13 -16 15 20 13 18 8 11 19 
-5 5 17 9 -12 1 10 -18 13 9 14 16 -2 5 -20 4 3 15 9 -3 
12 3 3 2 15 19 20 2 -9 8 -7 12 -1 -6 19 19 -7 -16 0 17 
71
1
16 6
3 13
0
0
