20 20
12 21 23 7 21 -19 9 -11 16 4 3 -18 3 11 12 -21 22 5 -1 22 
2 21 -9 -22 1 19 14 10 4 23 -3 17 7 -13 -21 13 2 18 -2 1 
10 23 4 2 10 18 7 -17 9 -18 -7 7 6 0 10 18 -8 -2 11 13 
0 3 23 9 -20 7 15 5 2 1 13 22 14 15 11 9 18 -1 17 6 
10 11 17 -20 11 13 -21 -6 4 4 -8 12 20 2 11 21 -19 -2 -22 4 
22 20 9 8 16 23 17 8 17 10 19 11 13 -6 21 15 13 -10 6 19 
4 -11 17 4 13 7 18 3 -4 7 22 14 1 13 -7 8 13 1 13 7 
18 13 -14 9 18 5 13 1 0 22 12 9 -18 -21 9 8 1 3 5 2 
6 20 -8 12 23 11 11 16 -8 -7 11 22 10 -23 19 10 16 9 5 -2 
2 3 23 -23 15 10 -18 -6 -15 19 10 -23 3 18 3 1 13 12 2 7 
7 2 12 13 1 3 18 3 -23 10 19 -15 -6 -18 10 15 -23 23 3 2 
-2 5 9 16 10 19 -23 10 22 11 -7 -8 16 11 11 23 12 -8 20 6 
2 5 3 1 8 9 -21 -18 9 12 22 0 1 13 5 18 9 -14 13 18 
7 13 1 13 8 -7 13 1 14 22 7 -4 3 18 7 13 4 17 -11 4 
19 6 -10 13 15 21 -6 13 11 19 10 17 8 17 23 16 8 9 20 22 
4 -22 -2 -19 21 11 2 20 12 -8 4 4 -6 -21 13 11 -20 17 11 10 
6 17 -1 18 9 11 15 14 22 13 1 2 5 15 7 -20 9 23 3 0 
13 11 -2 -8 18 10 0 6 7 -7 -18 9 -17 7 18 10 2 4 23 10 
1 -2 18 2 13 -21 -13 7 17 -3 23 4 10 14 19 1 -22 -9 21 2 
22 -1 5 22 -21 12 11 3 -18 3 4 16 -11 9 -19 21 7 23 21 12 
59
1
18 8
1 11
0
0
