20 20
4 -11 6 5 11 8 1 2 1 1 6 -9 9 7 10 2 5 1 0 6 
2 8 -7 10 11 -7 6 10 9 4 12 10 8 6 12 1 8 -8 6 9 
8 -6 1 10 -10 5 -9 5 -1 12 -9 9 2 2 0 10 5 7 -3 1 
8 -3 5 10 10 12 -5 1 -6 5 2 7 -9 11 -2 -7 11 -2 4 6 
-7 -12 7 12 11 3 9 4 9 12 3 -6 10 6 4 2 12 0 4 8 
-4 4 6 9 10 10 8 1 6 3 4 7 3 1 9 -3 3 2 0 -12 
7 2 -12 12 10 -2 4 -11 5 12 5 12 1 2 9 0 5 11 -10 10 
8 8 2 -10 6 9 -1 -3 12 10 12 10 9 -4 0 3 2 3 -1 8 
4 5 12 5 -6 -4 5 4 1 2 -1 10 1 8 11 -4 -12 6 4 11 
12 -6 3 9 6 4 1 12 -3 10 7 -6 -10 5 2 3 0 -6 -7 11 
11 -7 -6 0 3 2 5 -10 -6 7 10 -3 12 1 4 6 9 3 -6 12 
11 4 6 -12 -4 11 8 1 10 -1 2 1 4 5 -4 -6 5 12 5 4 
8 -1 3 2 3 0 -4 9 10 12 10 12 -3 -1 9 6 -10 2 8 8 
10 -10 11 5 0 9 2 1 12 5 12 5 -11 4 -2 10 12 -12 2 7 
-12 0 2 3 -3 9 1 3 7 4 3 6 1 8 10 10 9 6 4 -4 
8 4 0 12 2 4 6 10 -6 3 12 9 4 9 3 11 12 7 -12 -7 
6 4 -2 11 -7 -2 11 -9 7 2 5 -6 1 -5 12 10 10 5 -3 8 
1 -3 7 5 10 0 2 2 9 -9 12 -1 5 -9 5 -10 10 1 -6 8 
9 6 -8 8 1 12 6 8 10 12 4 9 10 6 -7 11 10 -7 8 2 
6 0 1 5 2 10 7 9 -9 6 1 1 2 1 8 11 5 6 -11 4 
68
1
0 9
19 10
0
0
