20 20
7 10 -10 -19 8 3 -5 -23 13 14 15 19 9 3 3 -12 8 9 23 15 
13 0 9 1 -21 21 7 12 21 14 -6 12 -21 -18 19 6 22 1 13 23 
15 2 9 14 -17 21 8 1 2 2 -17 -23 -8 15 0 23 -19 -3 -6 11 
22 -20 -13 11 16 22 19 9 -22 6 17 -2 6 23 5 17 -21 6 12 15 
12 -12 15 20 14 16 1 20 13 -7 9 1 15 8 4 12 14 -12 20 5 
2 0 23 3 21 -4 22 -23 -10 4 9 8 -6 17 0 4 16 22 9 -16 
13 20 19 22 16 20 7 8 -9 11 18 -23 19 9 -19 -10 -18 10 2 2 
-4 -5 22 16 3 2 15 4 15 9 3 0 -11 14 14 17 17 17 12 19 
6 5 19 4 14 4 -8 22 12 12 5 -9 -23 7 -1 17 21 14 -1 -18 
19 9 1 15 3 4 17 -2 13 -12 11 20 12 -18 5 17 10 -16 11 -22 
-22 11 -16 10 17 5 -18 12 20 11 -12 13 -2 17 4 3 15 1 9 19 
-18 -1 14 21 17 -1 7 -23 -9 5 12 12 22 -8 4 14 4 19 5 6 
19 12 17 17 17 14 14 -11 0 3 9 15 4 15 2 3 16 22 -5 -4 
2 2 10 -18 -10 -19 9 19 -23 18 11 -9 8 7 20 16 22 19 20 13 
-16 9 22 16 4 0 17 -6 8 9 4 -10 -23 22 -4 21 3 23 0 2 
5 20 -12 14 12 4 8 15 1 9 -7 13 20 1 16 14 20 15 -12 12 
15 12 6 -21 17 5 23 6 -2 17 6 -22 9 19 22 16 11 -13 -20 22 
11 -6 -3 -19 23 0 15 -8 -23 -17 2 2 1 8 21 -17 14 9 2 15 
23 13 1 22 6 19 -18 -21 12 -6 14 21 12 7 21 -21 1 9 0 13 
15 23 9 8 -12 3 3 9 19 15 14 13 -23 -5 3 8 -19 -10 10 7 
136
1
8 17
11 2
0
0
