20 20
-11 3 18 6 19 -11 6 10 -16 -6 14 -6 -8 7 7 17 -13 -18 18 19 
19 15 2 -13 12 1 14 20 3 16 17 11 20 -16 1 11 14 18 -20 -6 
14 8 15 9 16 -6 9 7 6 12 3 10 1 17 10 15 2 12 -5 5 
-19 -11 -15 12 8 -15 16 -16 11 -10 -20 4 14 14 9 0 0 7 0 19 
3 18 -3 5 16 -3 1 4 14 16 -11 1 -11 6 6 -14 -13 0 11 16 
-15 14 10 2 11 3 16 -14 19 -4 6 20 -6 -5 16 -10 11 7 15 18 
-20 -1 -7 -9 18 12 19 19 3 3 1 1 20 13 19 11 18 15 11 2 
8 14 -2 18 6 1 18 7 2 18 13 14 -3 16 20 5 12 17 -8 3 
17 1 4 14 13 16 13 5 5 19 -19 -2 13 -7 3 18 20 20 11 1 
4 15 -9 19 9 18 5 -6 8 1 3 -15 14 1 18 3 9 2 16 17 
17 16 2 9 3 18 1 14 -15 3 1 8 -6 5 18 9 19 -9 15 4 
1 11 20 20 18 3 -7 13 -2 -19 19 5 5 13 16 13 14 4 1 17 
3 -8 17 12 5 20 16 -3 14 13 18 2 7 18 1 6 18 -2 14 8 
2 11 15 18 11 19 13 20 1 1 3 3 19 19 12 18 -9 -7 -1 -20 
18 15 7 11 -10 16 -5 -6 20 6 -4 19 -14 16 3 11 2 10 14 -15 
16 11 0 -13 -14 6 6 -11 1 -11 16 14 4 1 -3 16 5 -3 18 3 
19 0 7 0 0 9 14 14 4 -20 -10 11 -16 16 -15 8 12 -15 -11 -19 
5 -5 12 2 15 10 17 1 10 3 12 6 7 9 -6 16 9 15 8 14 
-6 -20 18 14 11 1 -16 20 11 17 16 3 20 14 1 12 -13 2 15 19 
19 18 -18 -13 17 7 7 -8 -6 14 -6 -16 10 6 -11 19 6 18 3 -11 
171
1
10 2
9 17
0
0
