20 20
17 23 9 2 1 6 13 17 21 6 20 2 23 -9 -5 -9 18 0 6 18 
2 -20 21 13 -10 6 -16 22 -14 2 15 6 15 16 -19 -13 20 -22 -8 7 
0 -16 8 23 12 5 9 3 2 7 12 1 2 -18 23 8 -12 20 14 18 
23 8 22 5 20 23 14 8 8 -11 14 17 19 -13 23 -13 12 -21 14 16 
22 15 2 14 -1 -5 -10 11 8 21 -3 -6 8 9 3 9 12 10 3 5 
0 -4 18 5 10 2 3 15 13 -4 -1 13 8 2 0 21 15 9 -22 20 
6 23 8 8 10 8 -16 5 18 3 12 13 0 18 22 5 3 3 6 22 
9 6 -18 19 -12 6 0 -19 22 -8 17 17 21 -22 3 9 4 20 -9 12 
23 -12 11 -7 23 9 1 16 5 2 23 18 5 16 16 6 18 16 1 23 
10 -4 14 13 17 11 14 22 12 6 21 22 -14 23 7 20 1 6 8 3 
3 8 6 1 20 7 23 -14 22 21 6 12 22 14 11 17 13 14 -4 10 
23 1 16 18 6 16 16 5 18 23 2 5 16 1 9 23 -7 11 -12 23 
12 -9 20 4 9 3 -22 21 17 17 -8 22 -19 0 6 -12 19 -18 6 9 
22 6 3 3 5 22 18 0 13 12 3 18 5 -16 8 10 8 8 23 6 
20 -22 9 15 21 0 2 8 13 -1 -4 13 15 3 2 10 5 18 -4 0 
5 3 10 12 9 3 9 8 -6 -3 21 8 11 -10 -5 -1 14 2 15 22 
16 14 -21 12 -13 23 -13 19 17 14 -11 8 8 14 23 20 5 22 8 23 
18 14 20 -12 8 23 -18 2 1 12 7 2 3 9 5 12 23 8 -16 0 
7 -8 -22 20 -13 -19 16 15 6 15 2 -14 22 -16 6 -10 13 21 -20 2 
18 6 0 18 -9 -5 -9 23 2 20 6 21 17 13 6 1 2 9 23 17 
93
1
12 14
7 5
0
0
