20 20
13 10 -8 -21 11 -15 8 -17 25 4 26 18 20 17 8 -20 8 8 15 -22 
20 10 9 10 17 25 -10 -24 18 21 -6 12 25 -16 6 -2 15 -20 22 5 
5 -21 -25 19 25 21 17 5 -8 0 3 15 4 23 3 -5 10 11 12 21 
10 -19 -9 12 3 24 14 3 8 -20 17 -6 25 7 21 -2 16 3 -13 7 
-14 25 10 7 6 15 7 6 7 2 14 15 1 20 17 7 0 24 2 -13 
6 -7 -2 16 -15 -10 16 -26 25 24 1 -2 14 17 4 15 8 25 -23 -3 
6 -3 1 21 1 21 11 16 6 16 0 2 5 14 21 13 6 -21 1 -12 
24 -25 9 24 26 8 -14 25 -14 21 25 24 8 11 -9 -4 14 4 3 22 
23 0 3 -21 -21 18 7 11 6 -17 -21 13 16 25 22 11 0 21 13 24 
-18 0 14 18 -25 15 1 4 6 0 10 9 10 18 14 -8 22 3 19 7 
7 19 3 22 -8 14 18 10 9 10 0 6 4 1 15 -25 18 14 0 -18 
24 13 21 0 11 22 25 16 13 -21 -17 6 11 7 18 -21 -21 3 0 23 
22 3 4 14 -4 -9 11 8 24 25 21 -14 25 -14 8 26 24 9 -25 24 
-12 1 -21 6 13 21 14 5 2 0 16 6 16 11 21 1 21 1 -3 6 
-3 -23 25 8 15 4 17 14 -2 1 24 25 -26 16 -10 -15 16 -2 -7 6 
-13 2 24 0 7 17 20 1 15 14 2 7 6 7 15 6 7 10 25 -14 
7 -13 3 16 -2 21 7 25 -6 17 -20 8 3 14 24 3 12 -9 -19 10 
21 12 11 10 -5 3 23 4 15 3 0 -8 5 17 21 25 19 -25 -21 5 
5 22 -20 15 -2 6 -16 25 12 -6 21 18 -24 -10 25 17 10 9 10 20 
-22 15 8 8 -20 8 17 20 18 26 4 25 -17 8 -15 11 -21 -8 10 13 
41
1
0 19
19 0
0
0
