20 20
-10 7 10 -12 -15 2 15 5 12 -4 4 8 6 -5 9 4 13 12 -12 14 
11 8 -6 1 15 5 12 14 6 9 13 8 2 9 7 -9 4 -4 6 9 
-11 -5 11 -10 7 12 4 7 9 15 4 -9 14 9 3 0 15 1 7 12 
2 -6 4 -1 5 1 12 -3 0 6 13 9 -8 2 12 14 14 11 15 12 
2 -4 4 9 12 3 3 14 -1 12 6 7 11 12 7 10 11 15 5 -4 
-1 -5 10 14 -8 -6 12 3 10 9 15 4 6 -5 -14 11 10 14 2 14 
12 14 -9 8 9 -8 10 6 2 -8 9 15 14 14 11 14 4 8 -1 -1 
15 1 12 15 -9 13 14 7 0 13 8 -15 12 -9 3 4 7 5 3 -6 
1 12 8 13 9 1 -12 -14 13 14 2 3 10 14 7 14 8 -2 15 12 
1 9 9 5 12 12 6 1 10 11 15 6 10 1 1 -15 15 0 -5 -15 
-15 -5 0 15 -15 1 1 10 6 15 11 10 1 6 12 12 5 9 9 1 
12 15 -2 8 14 7 14 10 3 2 14 13 -14 -12 1 9 13 8 12 1 
-6 3 5 7 4 3 -9 12 -15 8 13 0 7 14 13 -9 15 12 1 15 
-1 -1 8 4 14 11 14 14 15 9 -8 2 6 10 -8 9 8 -9 14 12 
14 2 14 10 11 -14 -5 6 4 15 9 10 3 12 -6 -8 14 10 -5 -1 
-4 5 15 11 10 7 12 11 7 6 12 -1 14 3 3 12 9 4 -4 2 
12 15 11 14 14 12 2 -8 9 13 6 0 -3 12 1 5 -1 4 -6 2 
12 7 1 15 0 3 9 14 -9 4 15 9 7 4 12 7 -10 11 -5 -11 
9 6 -4 4 -9 7 9 2 8 13 9 6 14 12 5 15 1 -6 8 11 
14 -12 12 13 4 9 -5 6 8 4 -4 12 5 15 2 -15 -12 10 7 -10 
85
1
4 5
15 14
0
0
