20 20
-14 0 3 6 13 15 19 23 -8 -17 -19 18 3 -20 14 19 21 -18 9 20 
15 19 1 13 -22 7 19 8 13 -1 0 12 -3 2 -15 2 6 7 9 9 
-20 0 7 -1 4 -20 5 17 23 14 23 8 22 18 4 6 12 6 -20 15 
2 -4 8 8 6 12 8 -10 -15 4 6 10 10 -15 11 6 1 10 -16 12 
19 23 10 -23 9 19 -2 17 4 23 12 6 12 23 4 1 19 2 19 14 
14 -5 2 0 8 13 14 8 -21 -15 5 -6 -16 6 14 16 4 8 18 22 
11 3 20 13 15 13 -20 13 11 2 -13 23 6 16 12 1 14 18 10 4 
15 19 11 15 6 14 4 0 5 2 11 17 -10 17 7 11 -10 -13 7 -15 
15 20 9 7 8 -12 12 -13 23 -17 12 9 14 1 1 -22 21 4 18 17 
13 -4 11 1 14 8 16 20 18 11 23 -23 19 11 4 8 21 15 -11 23 
23 -11 15 21 8 4 11 19 -23 23 11 18 20 16 8 14 1 11 -4 13 
17 18 4 21 -22 1 1 14 9 12 -17 23 -13 12 -12 8 7 9 20 15 
-15 7 -13 -10 11 7 17 -10 17 11 2 5 0 4 14 6 15 11 19 15 
4 10 18 14 1 12 16 6 23 -13 2 11 13 -20 13 15 13 20 3 11 
22 18 8 4 16 14 6 -16 -6 5 -15 -21 8 14 13 8 0 2 -5 14 
14 19 2 19 1 4 23 12 6 12 23 4 17 -2 19 9 -23 10 23 19 
12 -16 10 1 6 11 -15 10 10 6 4 -15 -10 8 12 6 8 8 -4 2 
15 -20 6 12 6 4 18 22 8 23 14 23 17 5 -20 4 -1 7 0 -20 
9 9 7 6 2 -15 2 -3 12 0 -1 13 8 19 7 -22 13 1 19 15 
20 9 -18 21 19 14 -20 3 18 -19 -17 -8 23 19 15 13 6 3 0 -14 
60
1
16 3
3 16
0
0
