20 20
0 5 -8 15 5 1 0 9 1 8 13 -6 -8 -12 -1 6 8 3 8 -12 
-12 14 8 -13 9 7 -11 7 1 12 13 2 10 0 8 13 -7 -15 -1 3 
2 -15 -7 11 12 2 10 14 -10 0 7 6 -6 -15 4 -14 13 -7 -12 3 
-13 -3 15 -6 7 -9 9 -6 15 1 4 5 14 -3 5 -13 9 3 6 5 
15 -8 -7 4 3 14 12 11 11 -6 -7 4 11 13 1 9 -6 -14 8 3 
-10 3 5 7 12 12 15 -5 12 9 8 1 -8 -3 -1 11 14 -13 -5 3 
11 1 6 -11 9 15 1 -5 -3 7 10 0 -9 0 5 6 10 -15 13 6 
2 13 -5 5 4 9 4 -6 -6 10 11 6 3 -10 3 1 12 5 6 1 
14 6 -8 2 4 13 10 5 -10 4 8 -5 6 8 -10 7 7 -6 7 6 
-3 13 7 7 9 -12 -7 -10 6 11 -7 -3 -4 3 10 0 -15 9 8 -4 
-4 8 9 -15 0 10 3 -4 -3 -7 11 6 -10 -7 -12 9 7 7 13 -3 
6 7 -6 7 7 -10 8 6 -5 8 4 -10 5 10 13 4 2 -8 6 14 
1 6 5 12 1 3 -10 3 6 11 10 -6 -6 4 9 4 5 -5 13 2 
6 13 -15 10 6 5 0 -9 0 10 7 -3 -5 1 15 9 -11 6 1 11 
3 -5 -13 14 11 -1 -3 -8 1 8 9 12 -5 15 12 12 7 5 3 -10 
3 8 -14 -6 9 1 13 11 4 -7 -6 11 11 12 14 3 4 -7 -8 15 
5 6 3 9 -13 5 -3 14 5 4 1 15 -6 9 -9 7 -6 15 -3 -13 
3 -12 -7 13 -14 4 -15 -6 6 7 0 -10 14 10 2 12 11 -7 -15 2 
3 -1 -15 -7 13 8 0 10 2 13 12 1 7 -11 7 9 -13 8 14 -12 
-12 8 3 8 6 -1 -12 -8 -6 13 8 1 9 0 1 5 15 -8 5 0 
46
1
17 0
2 19
0
0
