20 20
8 27 17 4 6 25 5 27 6 13 4 -19 26 25 18 27 12 8 21 26 
23 -5 27 -10 8 18 -22 23 15 10 3 -23 17 -16 -9 13 4 3 13 -25 
21 -14 -17 22 25 6 15 10 26 15 24 2 -7 -29 6 -19 24 18 26 26 
17 4 -6 11 6 -23 7 7 -22 16 1 11 -18 15 27 22 -17 20 30 11 
6 10 13 26 2 30 -4 25 5 9 15 21 -23 28 2 17 -25 30 30 2 
11 21 12 21 23 20 22 15 28 6 -28 -8 14 6 30 10 23 -20 2 14 
0 7 -23 3 27 15 29 -29 8 -10 6 8 -27 13 15 16 9 27 25 9 
-24 -30 18 27 24 30 5 2 21 14 30 7 -8 13 25 14 8 18 -18 -23 
7 -12 19 8 16 13 -5 7 25 22 -20 -16 28 -13 10 17 -27 -2 9 -6 
24 29 21 18 14 3 21 9 28 22 12 -22 22 -14 11 11 -28 20 14 -26 
-26 14 20 -28 11 11 -14 22 -22 12 22 28 9 21 3 14 18 21 29 24 
-6 9 -2 -27 17 10 -13 28 -16 -20 22 25 7 -5 13 16 8 19 -12 7 
-23 -18 18 8 14 25 13 -8 7 30 14 21 2 5 30 24 27 18 -30 -24 
9 25 27 9 16 15 13 -27 8 6 -10 8 -29 29 15 27 3 -23 7 0 
14 2 -20 23 10 30 6 14 -8 -28 6 28 15 22 20 23 21 12 21 11 
2 30 30 -25 17 2 28 -23 21 15 9 5 25 -4 30 2 26 13 10 6 
11 30 20 -17 22 27 15 -18 11 1 16 -22 7 7 -23 6 11 -6 4 17 
26 26 18 24 -19 6 -29 -7 2 24 15 26 10 15 6 25 22 -17 -14 21 
-25 13 3 4 13 -9 -16 17 -23 3 10 15 23 -22 18 8 -10 27 -5 23 
26 21 8 12 27 18 25 26 -19 4 13 6 27 5 25 6 4 17 27 8 
119
1
0 2
19 17
0
0
