20 20
10 20 22 12 5 17 21 23 19 6 21 -20 0 22 21 2 15 -11 12 21 
23 14 0 4 -20 15 20 18 23 19 16 -8 -22 22 9 18 -17 10 3 19 
6 12 11 8 0 -6 -8 -14 -10 14 1 16 -10 2 22 13 18 14 20 -9 
-13 4 12 1 8 21 17 21 13 9 -2 -9 10 12 9 3 13 14 20 13 
21 17 14 11 10 -15 15 -10 -22 15 6 14 16 6 14 -11 -2 7 16 5 
21 12 -2 8 -23 4 9 20 -21 0 4 21 19 14 11 12 8 14 20 -5 
-10 -22 -11 5 5 21 -20 5 8 21 8 13 4 -6 12 -20 19 8 12 11 
-11 2 21 -15 20 22 15 -17 -11 20 -19 20 -14 1 6 -1 13 2 -1 7 
-9 -3 9 4 17 1 20 -9 5 7 -4 5 9 22 13 5 -10 9 -7 8 
-15 20 16 20 5 -13 -14 0 -13 15 5 6 10 20 23 12 -7 21 4 12 
12 4 21 -7 12 23 20 10 6 5 15 -13 0 -14 -13 5 20 16 20 -15 
8 -7 9 -10 5 13 22 9 5 -4 7 5 -9 20 1 17 4 9 -3 -9 
7 -1 2 13 -1 6 1 -14 20 -19 20 -11 -17 15 22 20 -15 21 2 -11 
11 12 8 19 -20 12 -6 4 13 8 21 8 5 -20 21 5 5 -11 -22 -10 
-5 20 14 8 12 11 14 19 21 4 0 -21 20 9 4 -23 8 -2 12 21 
5 16 7 -2 -11 14 6 16 14 6 15 -22 -10 15 -15 10 11 14 17 21 
13 20 14 13 3 9 12 10 -9 -2 9 13 21 17 21 8 1 12 4 -13 
-9 20 14 18 13 22 2 -10 16 1 14 -10 -14 -8 -6 0 8 11 12 6 
19 3 10 -17 18 9 22 -22 -8 16 19 23 18 20 15 -20 4 0 14 23 
21 12 -11 15 2 21 22 0 -20 21 6 19 23 21 17 5 12 22 20 10 
39
1
1 15
18 4
0
0
