20 20
15 3 21 13 8 10 16 5 6 21 21 18 2 -9 -2 16 22 19 21 6 
5 9 3 -10 19 20 6 -16 -13 -22 16 20 2 -8 -9 8 21 7 7 -11 
14 22 4 21 8 5 19 10 -21 17 2 14 15 15 -21 -8 10 9 9 -13 
5 18 10 20 14 0 21 7 12 -21 12 -20 12 16 0 7 -8 2 20 15 
3 19 13 10 18 4 -22 4 13 17 2 16 10 3 12 18 2 9 21 0 
-16 11 -17 22 -11 -14 0 15 5 21 21 9 -9 6 16 4 15 17 0 -17 
-16 -16 10 -12 1 22 13 7 22 7 1 16 19 20 16 -16 7 3 -3 6 
19 9 7 22 4 22 -2 -8 -10 18 3 11 13 -8 15 2 -18 11 20 -19 
2 21 8 12 14 -3 20 7 14 14 -20 21 2 -19 11 13 10 -19 1 18 
15 19 19 15 -19 21 10 21 16 16 9 20 22 3 18 12 -11 2 4 13 
13 4 2 -11 12 18 3 22 20 9 16 16 21 10 21 -19 15 19 19 15 
18 1 -19 10 13 11 -19 2 21 -20 14 14 7 20 -3 14 12 8 21 2 
-19 20 11 -18 2 15 -8 13 11 3 18 -10 -8 -2 22 4 22 7 9 19 
6 -3 3 7 -16 16 20 19 16 1 7 22 7 13 22 1 -12 10 -16 -16 
-17 0 17 15 4 16 6 -9 9 21 21 5 15 0 -14 -11 22 -17 11 -16 
0 21 9 2 18 12 3 10 16 2 17 13 4 -22 4 18 10 13 19 3 
15 20 2 -8 7 0 16 12 -20 12 -21 12 7 21 0 14 20 10 18 5 
-13 9 9 10 -8 -21 15 15 14 2 17 -21 10 19 5 8 21 4 22 14 
-11 7 7 21 8 -9 -8 2 20 16 -22 -13 -16 6 20 19 -10 3 9 5 
6 21 19 22 16 -2 -9 2 18 21 21 6 5 16 10 8 13 21 3 15 
88
1
2 12
17 7
0
0
