20 20
7 3 -4 -3 0 7 7 3 -8 2 -9 -9 5 -1 -5 9 5 7 5 -9 
3 3 6 0 5 4 3 7 -7 2 0 -2 4 -6 0 8 -5 4 1 6 
5 7 7 0 1 4 -2 7 5 0 -9 -4 -6 -7 1 5 5 5 5 2 
9 9 3 4 9 9 1 5 3 -6 -3 4 1 4 2 0 4 6 0 0 
0 1 6 6 -3 4 8 2 7 8 -3 0 0 6 3 9 6 1 -5 -2 
8 4 1 3 1 6 4 7 3 4 8 4 8 2 9 4 -5 7 -2 -6 
7 5 9 3 2 7 5 2 3 7 0 3 8 5 2 2 -5 8 6 8 
3 7 7 8 3 0 2 8 6 3 8 -3 -8 -7 3 -5 9 -3 3 6 
9 -6 -3 -2 9 3 6 -9 1 -8 -3 4 0 9 1 8 -1 5 -5 9 
4 6 5 6 2 -4 7 -6 2 3 0 8 1 -3 4 -6 -3 -3 9 4 
4 9 -3 -3 -6 4 -3 1 8 0 3 2 -6 7 -4 2 6 5 6 4 
9 -5 5 -1 8 1 9 0 4 -3 -8 1 -9 6 3 9 -2 -3 -6 9 
6 3 -3 9 -5 3 -7 -8 -3 8 3 6 8 2 0 3 8 7 7 3 
8 6 8 -5 2 2 5 8 3 0 7 3 2 5 7 2 3 9 5 7 
-6 -2 7 -5 4 9 2 8 4 8 4 3 7 4 6 1 3 1 4 8 
-2 -5 1 6 9 3 6 0 0 -3 8 7 2 8 4 -3 6 6 1 0 
0 0 6 4 0 2 4 1 4 -3 -6 3 5 1 9 9 4 3 9 9 
2 5 5 5 5 1 -7 -6 -4 -9 0 5 7 -2 4 1 0 7 7 5 
6 1 4 -5 8 0 -6 4 -2 0 2 -7 7 3 4 5 0 6 3 3 
-9 5 7 5 9 -5 -1 5 -9 -9 2 -8 3 7 7 0 -3 -4 3 7 
163
1
15 5
4 14
0
0
