20 20
12 -21 2 7 4 4 13 17 -18 20 -15 15 2 13 7 16 21 2 2 9 
15 21 -10 3 12 -6 17 3 16 12 12 2 15 -19 -13 -8 16 7 1 10 
2 14 15 -5 4 0 13 6 6 20 5 -13 6 -15 10 10 0 -12 3 16 
15 14 3 -7 4 14 14 -19 -16 -1 20 7 3 12 14 15 -14 10 -12 19 
17 -20 0 19 1 2 2 17 -20 15 20 5 7 -21 -2 -7 17 4 12 -18 
15 -4 7 10 16 -8 17 -5 21 7 12 7 20 -3 8 10 10 15 19 9 
-12 11 3 12 12 3 -19 20 2 5 10 19 -6 3 12 18 -21 14 16 16 
-1 19 -20 -19 19 17 19 0 -11 -14 9 5 8 -2 3 -10 -20 1 10 21 
9 4 17 0 -19 -6 16 15 18 -15 14 10 2 8 -14 -15 21 17 -10 9 
18 7 15 -11 -13 12 16 5 -16 11 4 4 16 5 -10 4 8 -21 -20 6 
6 -20 -21 8 4 -10 5 16 4 4 11 -16 5 16 12 -13 -11 15 7 18 
9 -10 17 21 -15 -14 8 2 10 14 -15 18 15 16 -6 -19 0 17 4 9 
21 10 1 -20 -10 3 -2 8 5 9 -14 -11 0 19 17 19 -19 -20 19 -1 
16 16 14 -21 18 12 3 -6 19 10 5 2 20 -19 3 12 12 3 11 -12 
9 19 15 10 10 8 -3 20 7 12 7 21 -5 17 -8 16 10 7 -4 15 
-18 12 4 17 -7 -2 -21 7 5 20 15 -20 17 2 2 1 19 0 -20 17 
19 -12 10 -14 15 14 12 3 7 20 -1 -16 -19 14 14 4 -7 3 14 15 
16 3 -12 0 10 10 -15 6 -13 5 20 6 6 13 0 4 -5 15 14 2 
10 1 7 16 -8 -13 -19 15 2 12 12 16 3 17 -6 12 3 -10 21 15 
9 2 2 21 16 7 13 2 15 -15 20 -18 17 13 4 4 7 2 -21 12 
194
1
16 6
3 13
0
0
