20 20
-19 -4 -19 26 6 22 15 7 6 1 -8 23 22 -4 -2 4 12 -10 21 26 
20 15 9 -13 14 18 -6 -8 10 6 25 1 -1 -13 7 7 26 12 -18 0 
7 -17 -9 17 -17 21 -13 20 -19 -1 18 18 22 7 22 13 4 -4 14 23 
1 23 11 6 17 -11 -14 0 10 13 20 16 7 7 -17 -14 1 8 12 10 
1 -20 5 12 7 4 11 22 19 16 8 3 12 18 13 -21 14 24 -18 7 
-18 2 17 9 2 18 -15 9 22 -7 19 18 10 14 -3 7 20 3 20 -15 
20 20 -3 -13 25 1 26 -3 14 12 26 2 1 20 -15 -25 20 18 15 25 
12 18 -5 16 -12 9 -18 -1 -6 13 16 -17 -10 23 -6 23 23 10 10 5 
4 9 5 21 13 13 22 -19 15 19 24 8 25 -23 5 12 -15 10 -15 14 
18 25 3 -8 -25 -20 3 5 11 -25 -16 1 24 26 10 17 7 -7 21 14 
14 21 -7 7 17 10 26 24 1 -16 -25 11 5 3 -20 -25 -8 3 25 18 
14 -15 10 -15 12 5 -23 25 8 24 19 15 -19 22 13 13 21 5 9 4 
5 10 10 23 23 -6 23 -10 -17 16 13 -6 -1 -18 9 -12 16 -5 18 12 
25 15 18 20 -25 -15 20 1 2 26 12 14 -3 26 1 25 -13 -3 20 20 
-15 20 3 20 7 -3 14 10 18 19 -7 22 9 -15 18 2 9 17 2 -18 
7 -18 24 14 -21 13 18 12 3 8 16 19 22 11 4 7 12 5 -20 1 
10 12 8 1 -14 -17 7 7 16 20 13 10 0 -14 -11 17 6 11 23 1 
23 14 -4 4 13 22 7 22 18 18 -1 -19 20 -13 21 -17 17 -9 -17 7 
0 -18 12 26 7 7 -13 -1 1 25 6 10 -8 -6 18 14 -13 9 15 20 
26 21 -10 12 4 -2 -4 22 23 -8 1 6 7 15 22 6 26 -19 -4 -19 
66
1
14 5
5 14
0
0
