20 20
8 1 14 15 -12 -17 5 12 2 -13 13 -1 17 17 14 14 8 1 15 16 
11 17 7 7 -2 6 9 0 13 -12 2 15 10 6 7 0 13 14 7 13 
-3 9 3 -6 5 4 7 16 16 8 2 2 6 -9 -11 3 1 -5 -10 7 
14 14 0 -1 10 -16 16 4 -4 0 8 17 13 1 14 11 14 -2 10 -14 
14 6 0 17 17 14 17 6 -13 2 5 1 -8 -5 5 7 14 0 8 2 
4 2 15 5 7 9 8 9 1 4 5 8 3 -15 11 1 8 16 4 13 
7 14 16 2 12 5 16 -7 10 4 -17 -15 -8 15 3 -4 8 8 9 7 
11 15 10 14 10 -3 -4 2 11 8 8 14 4 12 1 -5 9 17 15 2 
-17 -8 -14 14 6 13 3 -9 3 -6 -6 -17 3 3 16 8 0 11 12 9 
5 7 9 -17 6 -17 9 9 13 8 4 -12 2 7 13 6 -3 7 12 -12 
-12 12 7 -3 6 13 7 2 -12 4 8 13 9 9 -17 6 -17 9 7 5 
9 12 11 0 8 16 3 3 -17 -6 -6 3 -9 3 13 6 14 -14 -8 -17 
2 15 17 9 -5 1 12 4 14 8 8 11 2 -4 -3 10 14 10 15 11 
7 9 8 8 -4 3 15 -8 -15 -17 4 10 -7 16 5 12 2 16 14 7 
13 4 16 8 1 11 -15 3 8 5 4 1 9 8 9 7 5 15 2 4 
2 8 0 14 7 5 -5 -8 1 5 2 -13 6 17 14 17 17 0 6 14 
-14 10 -2 14 11 14 1 13 17 8 0 -4 4 16 -16 10 -1 0 14 14 
7 -10 -5 1 3 -11 -9 6 2 2 8 16 16 7 4 5 -6 3 9 -3 
13 7 14 13 0 7 6 10 15 2 -12 13 0 9 6 -2 7 7 17 11 
16 15 1 8 14 14 17 17 -1 13 -13 2 12 5 -17 -12 15 14 1 8 
151
1
14 4
5 15
0
0
