20 20
10 5 9 15 15 15 1 -3 15 7 12 -4 4 6 5 5 -14 -12 -8 11 
8 -12 -12 12 1 2 14 0 10 14 1 15 0 -16 -10 15 3 11 -7 5 
1 9 5 5 16 11 2 4 -13 16 12 0 -1 -15 -9 13 8 -9 5 -12 
-2 12 10 11 4 12 9 14 4 1 1 12 -7 1 14 -2 -15 14 8 -6 
13 15 14 -2 -12 14 9 14 15 6 8 0 2 -12 -14 6 6 -13 4 10 
3 -4 -1 1 10 -10 10 8 1 -5 8 16 2 3 11 16 1 6 11 -15 
7 9 9 -16 9 3 -6 3 1 2 6 15 12 4 9 10 16 12 14 13 
3 14 5 -10 4 -15 -1 5 4 6 4 -9 7 7 8 8 2 13 7 14 
16 -9 5 1 12 11 -7 0 5 6 12 1 1 -5 14 16 -14 16 11 12 
2 13 1 1 3 -5 10 -8 12 3 10 4 -15 10 -5 16 -4 -5 9 -7 
-7 9 -5 -4 16 -5 10 -15 4 10 3 12 -8 10 -5 3 1 1 13 2 
12 11 16 -14 16 14 -5 1 1 12 6 5 0 -7 11 12 1 5 -9 16 
14 7 13 2 8 8 7 7 -9 4 6 4 5 -1 -15 4 -10 5 14 3 
13 14 12 16 10 9 4 12 15 6 2 1 3 -6 3 9 -16 9 9 7 
-15 11 6 1 16 11 3 2 16 8 -5 1 8 10 -10 10 1 -1 -4 3 
10 4 -13 6 6 -14 -12 2 0 8 6 15 14 9 14 -12 -2 14 15 13 
-6 8 14 -15 -2 14 1 -7 12 1 1 4 14 9 12 4 11 10 12 -2 
-12 5 -9 8 13 -9 -15 -1 0 12 16 -13 4 2 11 16 5 5 9 1 
5 -7 11 3 15 -10 -16 0 15 1 14 10 0 14 2 1 12 -12 -12 8 
11 -8 -12 -14 5 5 6 4 -4 12 7 15 -3 1 15 15 15 9 5 10 
91
1
12 5
7 14
0
0
