20 20
24 -10 25 25 15 2 -15 -25 23 9 8 -9 24 20 -18 -3 16 9 4 7 
2 8 -23 -7 13 18 5 17 22 2 22 18 6 23 2 22 17 -23 16 11 
9 14 1 -8 4 15 1 17 6 14 -12 17 11 0 15 21 3 10 11 2 
22 20 11 -14 16 -20 23 21 15 25 20 0 20 25 2 0 -4 7 23 19 
14 8 -10 -5 -18 14 23 9 -4 1 -25 19 4 -12 -25 -16 3 21 25 -14 
-16 -12 -10 -16 11 16 14 19 20 -2 1 -18 8 -5 15 -10 24 -14 8 15 
3 7 23 23 -22 6 11 4 10 8 23 6 6 9 -15 9 20 -9 7 1 
12 24 -14 14 2 7 17 4 -6 22 -7 21 22 7 0 5 10 -1 -19 -9 
19 -25 16 18 12 -3 25 9 20 11 1 -5 1 23 12 23 22 7 15 4 
-2 -10 19 18 21 22 2 8 7 21 16 -12 2 12 12 -1 6 -20 7 24 
24 7 -20 6 -1 12 12 2 -12 16 21 7 8 2 22 21 18 19 -10 -2 
4 15 7 22 23 12 23 1 -5 1 11 20 9 25 -3 12 18 16 -25 19 
-9 -19 -1 10 5 0 7 22 21 -7 22 -6 4 17 7 2 14 -14 24 12 
1 7 -9 20 9 -15 9 6 6 23 8 10 4 11 6 -22 23 23 7 3 
15 8 -14 24 -10 15 -5 8 -18 1 -2 20 19 14 16 11 -16 -10 -12 -16 
-14 25 21 3 -16 -25 -12 4 19 -25 1 -4 9 23 14 -18 -5 -10 8 14 
19 23 7 -4 0 2 25 20 0 20 25 15 21 23 -20 16 -14 11 20 22 
2 11 10 3 21 15 0 11 17 -12 14 6 17 1 15 4 -8 1 14 9 
11 16 -23 17 22 2 23 6 18 22 2 22 17 5 18 13 -7 -23 8 2 
7 4 9 16 -3 -18 20 24 -9 8 9 23 -25 -15 2 15 25 25 -10 24 
94
1
14 10
5 9
0
0
