20 20
9 17 13 -16 -5 0 2 16 -16 -12 17 2 -10 17 3 -9 16 2 12 -16 
-10 5 2 1 6 15 6 4 6 0 8 11 15 8 4 -3 17 7 13 11 
9 9 5 19 12 20 20 20 -19 19 5 5 11 19 16 2 0 3 -2 -13 
3 0 8 3 19 10 20 -11 12 1 3 4 -8 11 18 2 3 -20 19 17 
18 2 -12 17 19 15 19 11 12 1 16 8 6 8 2 5 7 20 20 8 
12 14 8 -7 13 2 5 19 16 6 -14 -20 8 5 -10 11 -3 -16 -8 5 
20 8 -6 -14 2 19 -16 -9 -20 9 12 18 -11 1 14 2 2 -19 9 -15 
-5 15 0 7 20 10 11 6 19 -5 5 12 -15 4 19 6 15 -3 14 19 
14 13 4 17 3 16 16 10 11 11 7 5 6 6 7 -17 9 9 3 -6 
18 -12 8 17 14 18 10 3 17 1 -16 -14 6 2 3 -16 -4 9 6 3 
3 6 9 -4 -16 3 2 6 -14 -16 1 17 3 10 18 14 17 8 -12 18 
-6 3 9 9 -17 7 6 6 5 7 11 11 10 16 16 3 17 4 13 14 
19 14 -3 15 6 19 4 -15 12 5 -5 19 6 11 10 20 7 0 15 -5 
-15 9 -19 2 2 14 1 -11 18 12 9 -20 -9 -16 19 2 -14 -6 8 20 
5 -8 -16 -3 11 -10 5 8 -20 -14 6 16 19 5 2 13 -7 8 14 12 
8 20 20 7 5 2 8 6 8 16 1 12 11 19 15 19 17 -12 2 18 
17 19 -20 3 2 18 11 -8 4 3 1 12 -11 20 10 19 3 8 0 3 
-13 -2 3 0 2 16 19 11 5 5 19 -19 20 20 20 12 19 5 9 9 
11 13 7 17 -3 4 8 15 11 8 0 6 4 6 15 6 1 2 5 -10 
-16 12 2 16 -9 3 17 -10 2 17 -12 -16 16 2 0 -5 -16 13 17 9 
63
1
0 18
19 1
0
0
