20 20
14 11 12 9 -18 14 14 0 2 17 7 0 16 22 7 -4 -16 0 6 1 
6 7 19 -12 16 -1 14 6 6 -7 -12 11 5 22 4 12 -22 6 18 2 
-9 3 1 10 -3 3 -7 24 -6 16 24 3 -9 4 15 9 5 -19 -8 5 
13 17 -12 1 16 13 21 11 21 8 23 6 -20 9 -18 20 18 3 -24 20 
16 1 19 18 14 17 24 19 -9 6 18 18 4 -23 -19 1 14 13 -1 -6 
-10 12 -10 11 11 -14 18 23 -18 1 3 1 -16 4 -8 -3 -19 -3 2 -23 
17 1 -8 24 -9 -17 -23 -12 -16 12 1 22 24 20 -9 8 8 9 -5 3 
24 5 5 11 19 0 12 3 -9 1 -1 14 1 14 17 8 6 9 0 14 
18 23 3 -4 19 -12 -16 24 11 -7 4 -20 10 13 6 9 9 -2 10 19 
-9 19 10 23 17 7 20 -2 -2 -2 1 7 -16 21 9 5 11 -3 12 24 
24 12 -3 11 5 9 21 -16 7 1 -2 -2 -2 20 7 17 23 10 19 -9 
19 10 -2 9 9 6 13 10 -20 4 -7 11 24 -16 -12 19 -4 3 23 18 
14 0 9 6 8 17 14 1 14 -1 1 -9 3 12 0 19 11 5 5 24 
3 -5 9 8 8 -9 20 24 22 1 12 -16 -12 -23 -17 -9 24 -8 1 17 
-23 2 -3 -19 -3 -8 4 -16 1 3 1 -18 23 18 -14 11 11 -10 12 -10 
-6 -1 13 14 1 -19 -23 4 18 18 6 -9 19 24 17 14 18 19 1 16 
20 -24 3 18 20 -18 9 -20 6 23 8 21 11 21 13 16 1 -12 17 13 
5 -8 -19 5 9 15 4 -9 3 24 16 -6 24 -7 3 -3 10 1 3 -9 
2 18 6 -22 12 4 22 5 11 -12 -7 6 6 14 -1 16 -12 19 7 6 
1 6 0 -16 -4 7 22 16 0 7 17 2 0 14 14 -18 9 12 11 14 
67
1
8 15
11 4
0
0
