20 20
5 3 -27 -21 21 29 16 5 16 8 22 0 7 2 14 6 23 26 15 15 
19 -7 2 24 1 28 10 16 13 1 2 7 -12 6 -18 23 13 4 10 0 
24 10 20 15 26 4 25 22 12 29 21 26 0 6 4 -21 4 21 28 7 
14 6 28 10 16 2 8 -15 19 23 14 29 29 8 -19 -2 25 -21 12 21 
4 -22 19 11 24 2 16 6 24 5 -11 20 13 16 -23 21 20 11 -2 24 
25 26 -21 23 -24 11 12 -1 22 7 -30 29 -7 6 3 3 25 28 -21 13 
-27 7 -27 29 -11 7 23 -26 4 30 24 7 18 15 10 18 -2 -11 23 15 
17 9 8 -1 19 4 30 28 -26 4 -13 -8 28 15 13 12 18 18 19 7 
6 -11 9 3 2 30 14 23 26 26 12 -24 8 -20 30 5 18 21 0 -9 
-20 21 0 4 2 -15 14 -2 -3 22 -4 -29 1 -10 2 23 -26 26 20 -1 
-1 20 26 -26 23 2 -10 1 -29 -4 22 -3 -2 14 -15 2 4 0 21 -20 
-9 0 21 18 5 30 -20 8 -24 12 26 26 23 14 30 2 3 9 -11 6 
7 19 18 18 12 13 15 28 -8 -13 4 -26 28 30 4 19 -1 8 9 17 
15 23 -11 -2 18 10 15 18 7 24 30 4 -26 23 7 -11 29 -27 7 -27 
13 -21 28 25 3 3 6 -7 29 -30 7 22 -1 12 11 -24 23 -21 26 25 
24 -2 11 20 21 -23 16 13 20 -11 5 24 6 16 2 24 11 19 -22 4 
21 12 -21 25 -2 -19 8 29 29 14 23 19 -15 8 2 16 10 28 6 14 
7 28 21 4 -21 4 6 0 26 21 29 12 22 25 4 26 15 20 10 24 
0 10 4 13 23 -18 6 -12 7 2 1 13 16 10 28 1 24 2 -7 19 
15 15 26 23 6 14 2 7 0 22 8 16 5 16 29 21 -21 -27 3 5 
110
1
19 16
0 3
0
0
