20 20
-5 8 8 11 4 8 11 -13 12 1 7 7 13 10 10 11 9 12 6 2 
9 -1 7 -5 -6 8 12 3 -6 -1 13 8 1 8 10 -11 13 9 7 1 
-4 9 13 0 1 -5 13 0 4 -6 13 1 10 3 5 7 9 1 5 6 
1 -3 10 1 0 4 6 10 13 0 10 -8 4 -4 0 -3 11 2 5 9 
12 4 2 10 10 3 2 5 6 -12 13 -3 -8 3 -9 5 12 5 10 8 
9 -9 3 2 7 11 5 13 -1 2 12 5 11 12 10 2 4 5 -2 -11 
11 -5 -8 11 6 2 -12 7 6 -2 13 8 2 4 4 7 13 1 4 6 
0 -3 3 2 10 9 -12 -4 12 -9 -6 1 6 -4 6 11 6 10 6 4 
4 7 -5 8 5 -13 -4 -6 4 4 4 -11 4 2 -11 13 9 2 6 13 
5 6 8 -1 6 1 -4 10 11 1 12 5 2 9 5 -3 -11 -8 -10 0 
0 -10 -8 -11 -3 5 9 2 5 12 1 11 10 -4 1 6 -1 8 6 5 
13 6 2 9 13 -11 2 4 -11 4 4 4 -6 -4 -13 5 8 -5 7 4 
4 6 10 6 11 6 -4 6 1 -6 -9 12 -4 -12 9 10 2 3 -3 0 
6 4 1 13 7 4 4 2 8 13 -2 6 7 -12 2 6 11 -8 -5 11 
-11 -2 5 4 2 10 12 11 5 12 2 -1 13 5 11 7 2 3 -9 9 
8 10 5 12 5 -9 3 -8 -3 13 -12 6 5 2 3 10 10 2 4 12 
9 5 2 11 -3 0 -4 4 -8 10 0 13 10 6 4 0 1 10 -3 1 
6 5 1 9 7 5 3 10 1 13 -6 4 0 13 -5 1 0 13 9 -4 
1 7 9 13 -11 10 8 1 8 13 -1 -6 3 12 8 -6 -5 7 -1 9 
2 6 12 9 11 10 10 13 7 7 1 12 -13 11 8 4 11 8 8 -5 
140
1
12 8
7 11
0
0
