20 20
15 5 13 4 1 7 6 1 12 -9 10 7 10 -14 -11 1 11 14 11 -3 
9 14 -12 -16 8 1 8 14 8 -10 11 -10 11 7 -11 5 3 7 11 12 
-5 5 -14 2 -7 14 11 -11 -13 -14 1 8 -10 2 15 1 -1 1 1 5 
0 -6 12 4 5 6 0 -11 11 -5 0 4 -2 16 10 9 6 0 4 13 
2 1 11 13 -15 12 13 -9 2 -1 6 13 14 4 3 6 6 3 -12 15 
14 12 10 15 1 13 13 1 2 5 -8 3 11 2 -8 15 8 4 5 1 
11 4 -9 11 4 4 -3 4 9 -15 1 5 5 2 14 -3 1 7 3 14 
-1 0 15 10 4 11 5 11 1 0 -11 -15 2 2 6 15 13 -6 12 7 
8 5 7 -12 5 15 4 11 1 5 15 5 3 3 -10 15 8 -15 8 8 
11 6 11 -14 12 -9 13 1 1 8 5 9 4 5 8 9 16 -11 8 1 
1 8 -11 16 9 8 5 4 9 5 8 1 1 13 -9 12 -14 11 6 11 
8 8 -15 8 15 -10 3 3 5 15 5 1 11 4 15 5 -12 7 5 8 
7 12 -6 13 15 6 2 2 -15 -11 0 1 11 5 11 4 10 15 0 -1 
14 3 7 1 -3 14 2 5 5 1 -15 9 4 -3 4 4 11 -9 4 11 
1 5 4 8 15 -8 2 11 3 -8 5 2 1 13 13 1 15 10 12 14 
15 -12 3 6 6 3 4 14 13 6 -1 2 -9 13 12 -15 13 11 1 2 
13 4 0 6 9 10 16 -2 4 0 -5 11 -11 0 6 5 4 12 -6 0 
5 1 1 -1 1 15 2 -10 8 1 -14 -13 -11 11 14 -7 2 -14 5 -5 
12 11 7 3 5 -11 7 11 -10 11 -10 8 14 8 1 8 -16 -12 14 9 
-3 11 14 11 1 -11 -14 10 7 10 -9 12 1 6 7 1 4 13 5 15 
94
1
5 0
14 19
0
0
