20 20
11 9 13 3 -14 14 10 5 -11 4 8 1 7 -10 6 12 10 10 8 9 
-9 9 11 12 3 2 -2 2 2 7 4 -14 7 13 2 9 14 3 3 8 
12 -8 12 11 -11 9 -2 13 -10 13 8 11 7 -6 4 5 9 13 6 8 
4 1 4 2 -13 3 9 6 -4 3 9 13 11 -3 10 -11 0 12 -6 0 
2 4 3 14 -12 -11 6 -7 6 12 9 -2 0 -12 -12 4 12 4 1 14 
-9 10 13 -5 3 13 11 14 -11 2 7 4 13 14 9 13 -4 7 7 7 
5 7 8 -8 7 5 7 12 7 12 -6 -1 3 1 11 7 -11 4 2 1 
4 11 -9 11 -14 -1 3 -6 12 -13 -1 -4 0 10 1 -11 0 5 3 5 
-2 -11 7 9 3 7 1 14 1 7 6 -2 4 11 14 11 8 1 7 -3 
2 10 10 9 -3 -3 -3 2 14 8 -9 10 9 0 1 -13 0 11 6 -13 
-13 6 11 0 -13 1 0 9 10 -9 8 14 2 -3 -3 -3 9 10 10 2 
-3 7 1 8 11 14 11 4 -2 6 7 1 14 1 7 3 9 7 -11 -2 
5 3 5 0 -11 1 10 0 -4 -1 -13 12 -6 3 -1 -14 11 -9 11 4 
1 2 4 -11 7 11 1 3 -1 -6 12 7 12 7 5 7 -8 8 7 5 
7 7 7 -4 13 9 14 13 4 7 2 -11 14 11 13 3 -5 13 10 -9 
14 1 4 12 4 -12 -12 0 -2 9 12 6 -7 6 -11 -12 14 3 4 2 
0 -6 12 0 -11 10 -3 11 13 9 3 -4 6 9 3 -13 2 4 1 4 
8 6 13 9 5 4 -6 7 11 8 13 -10 13 -2 9 -11 11 12 -8 12 
8 3 3 14 9 2 13 7 -14 4 7 2 2 -2 2 3 12 11 9 -9 
9 8 10 10 12 6 -10 7 1 8 4 -11 5 10 14 -14 3 13 9 11 
87
1
15 14
4 5
0
0
