20 20
-6 14 -13 3 -10 -11 5 5 10 8 6 -5 9 -4 8 -1 -9 4 -12 11 
-7 8 11 -11 12 4 15 3 11 15 -4 -1 13 2 11 13 14 11 -12 12 
-11 0 1 3 4 14 13 1 -9 -7 1 7 9 2 11 -7 9 3 8 -1 
8 1 4 5 -8 -11 11 1 11 2 -7 7 5 -12 14 13 7 8 6 -6 
-4 9 0 4 12 15 13 -8 5 15 -14 15 0 11 6 15 8 11 -1 14 
15 6 -3 -11 7 15 4 12 6 2 13 -5 6 -15 -15 2 -14 -9 14 -14 
12 2 10 -2 -5 11 7 4 -2 6 2 13 -12 4 3 13 -2 -3 -5 -15 
9 -9 -1 -11 1 5 -13 1 2 -1 8 7 -13 11 -3 -2 -13 9 -8 15 
4 -2 -2 6 0 -9 14 -10 8 -6 4 2 6 3 15 -13 4 -15 11 7 
6 10 8 3 1 -6 10 -12 1 -4 3 9 -14 13 0 13 -7 3 14 3 
3 14 3 -7 13 0 13 -14 9 3 -4 1 -12 10 -6 1 3 8 10 6 
7 11 -15 4 -13 15 3 6 2 4 -6 8 -10 14 -9 0 6 -2 -2 4 
15 -8 9 -13 -2 -3 11 -13 7 8 -1 2 1 -13 5 1 -11 -1 -9 9 
-15 -5 -3 -2 13 3 4 -12 13 2 6 -2 4 7 11 -5 -2 10 2 12 
-14 14 -9 -14 2 -15 -15 6 -5 13 2 6 12 4 15 7 -11 -3 6 15 
14 -1 11 8 15 6 11 0 15 -14 15 5 -8 13 15 12 4 0 9 -4 
-6 6 8 7 13 14 -12 5 7 -7 2 11 1 11 -11 -8 5 4 1 8 
-1 8 3 9 -7 11 2 9 7 1 -7 -9 1 13 14 4 3 1 0 -11 
12 -12 11 14 13 11 2 13 -1 -4 15 11 3 15 4 12 -11 11 8 -7 
11 -12 4 -9 -1 8 -4 9 -5 6 8 10 5 5 -11 -10 3 -13 14 -6 
63
1
19 6
0 13
0
0
