20 20
3 18 25 8 12 26 -6 19 5 5 -22 1 11 28 24 3 8 3 25 7 
19 9 10 13 -27 7 16 28 -13 27 25 2 -7 21 5 -24 6 6 -16 7 
14 18 3 16 -10 -22 17 9 18 26 -17 19 2 10 -3 12 -27 -7 7 22 
21 1 9 26 18 2 4 7 18 24 10 1 -14 -12 25 4 20 -9 19 13 
-6 25 0 -15 -9 -19 16 7 -14 14 4 17 27 22 11 6 17 1 17 2 
16 -1 9 15 22 8 22 0 -26 18 -3 -19 15 9 15 -2 10 26 14 20 
12 28 16 8 11 15 27 2 7 20 27 -7 9 21 14 9 3 -5 19 23 
-6 19 28 13 8 -18 16 -3 -16 16 7 27 -17 12 11 -18 -21 7 16 3 
27 27 2 15 -9 12 6 -26 -20 12 12 2 3 26 -19 28 15 7 14 16 
-7 22 -24 6 15 -18 20 21 -12 1 -20 9 24 17 20 19 6 9 21 21 
21 21 9 6 19 20 17 24 9 -20 1 -12 21 20 -18 15 6 -24 22 -7 
16 14 7 15 28 -19 26 3 2 12 12 -20 -26 6 12 -9 15 2 27 27 
3 16 7 -21 -18 11 12 -17 27 7 16 -16 -3 16 -18 8 13 28 19 -6 
23 19 -5 3 9 14 21 9 -7 27 20 7 2 27 15 11 8 16 28 12 
20 14 26 10 -2 15 9 15 -19 -3 18 -26 0 22 8 22 15 9 -1 16 
2 17 1 17 6 11 22 27 17 4 14 -14 7 16 -19 -9 -15 0 25 -6 
13 19 -9 20 4 25 -12 -14 1 10 24 18 7 4 2 18 26 9 1 21 
22 7 -7 -27 12 -3 10 2 19 -17 26 18 9 17 -22 -10 16 3 18 14 
7 -16 6 6 -24 5 21 -7 2 25 27 -13 28 16 7 -27 13 10 9 19 
7 25 3 8 3 24 28 11 1 -22 5 5 19 -6 26 12 8 25 18 3 
43
1
15 3
4 16
0
0
