20 20
10 -4 19 -13 6 1 2 13 2 -18 11 6 -7 6 18 5 5 11 -1 -16 
7 7 1 14 11 -2 -7 10 11 -11 -11 10 -16 0 18 14 -11 9 10 5 
-1 4 9 -16 -2 -7 -2 -9 13 12 -2 6 10 -7 -8 2 15 13 2 -9 
10 13 -18 13 -1 9 15 9 2 3 14 -13 -15 7 14 10 11 11 15 -9 
3 -11 -13 14 12 11 11 12 17 -2 8 -16 -17 2 8 4 -6 17 5 15 
7 -1 6 6 16 5 -13 7 8 18 -1 4 3 -14 16 10 7 14 13 0 
-6 19 -7 3 17 1 0 7 18 -8 9 13 2 3 -15 17 -12 18 4 6 
15 8 5 -15 3 6 15 10 19 4 13 9 16 14 2 8 -5 -18 11 13 
1 18 1 -3 -16 -14 6 8 8 1 16 -7 15 2 -8 2 14 13 14 -19 
-17 17 0 19 -7 17 -15 2 11 14 18 16 16 7 16 13 -14 5 6 6 
6 6 5 -14 13 16 7 16 16 18 14 11 2 -15 17 -7 19 0 17 -17 
-19 14 13 14 2 -8 2 15 -7 16 1 8 8 6 -14 -16 -3 1 18 1 
13 11 -18 -5 8 2 14 16 9 13 4 19 10 15 6 3 -15 5 8 15 
6 4 18 -12 17 -15 3 2 13 9 -8 18 7 0 1 17 3 -7 19 -6 
0 13 14 7 10 16 -14 3 4 -1 18 8 7 -13 5 16 6 6 -1 7 
15 5 17 -6 4 8 2 -17 -16 8 -2 17 12 11 11 12 14 -13 -11 3 
-9 15 11 11 10 14 7 -15 -13 14 3 2 9 15 9 -1 13 -18 13 10 
-9 2 13 15 2 -8 -7 10 6 -2 12 13 -9 -2 -7 -2 -16 9 4 -1 
5 10 9 -11 14 18 0 -16 10 -11 -11 11 10 -7 -2 11 14 1 7 7 
-16 -1 11 5 5 18 6 -7 6 11 -18 2 13 2 1 6 -13 19 -4 10 
61
1
0 9
19 10
0
0
