20 20
2 -14 11 12 12 15 15 7 15 -12 4 13 14 -15 -4 14 15 6 11 7 
2 13 11 10 6 13 14 -13 5 12 12 -11 12 3 14 13 10 -14 -4 10 
13 -1 9 12 8 4 7 -4 14 11 4 0 1 2 0 7 13 15 -11 3 
12 -4 13 12 15 -15 0 13 8 -8 3 13 13 15 11 11 6 11 12 -2 
6 15 13 14 14 14 1 5 14 8 13 7 12 0 13 8 6 15 6 -8 
10 9 2 6 7 9 7 -13 -1 -15 -3 -11 10 5 2 14 14 6 3 -3 
4 7 0 13 -2 3 -10 12 15 9 9 -6 13 11 2 1 0 6 10 10 
-3 5 -6 5 6 14 13 -15 2 5 5 1 3 4 -15 7 3 7 3 7 
-9 11 10 14 12 -9 12 5 11 2 9 13 10 -4 14 7 -9 13 15 -8 
1 3 -6 9 15 14 0 4 1 -7 12 -11 2 6 1 9 15 14 13 4 
4 13 14 15 9 1 6 2 -11 12 -7 1 4 0 14 15 9 -6 3 1 
-8 15 13 -9 7 14 -4 10 13 9 2 11 5 12 -9 12 14 10 11 -9 
7 3 7 3 7 -15 4 3 1 5 5 2 -15 13 14 6 5 -6 5 -3 
10 10 6 0 1 2 11 13 -6 9 9 15 12 -10 3 -2 13 0 7 4 
-3 3 6 14 14 2 5 10 -11 -3 -15 -1 -13 7 9 7 6 2 9 10 
-8 6 15 6 8 13 0 12 7 13 8 14 5 1 14 14 14 13 15 6 
-2 12 11 6 11 11 15 13 13 3 -8 8 13 0 -15 15 12 13 -4 12 
3 -11 15 13 7 0 2 1 0 4 11 14 -4 7 4 8 12 9 -1 13 
10 -4 -14 10 13 14 3 12 -11 12 12 5 -13 14 13 6 10 11 13 2 
7 11 6 15 14 -4 -15 14 13 4 -12 15 7 15 15 12 12 11 -14 2 
36
1
14 2
5 17
0
0
