20 20
17 13 0 -14 1 -8 15 -15 15 -1 6 18 19 14 9 15 14 3 13 4 
15 11 -2 -15 -18 -15 4 -7 -2 17 18 -8 8 13 19 4 10 11 13 -7 
2 19 12 2 2 10 0 14 -7 19 12 7 -14 -17 -5 6 6 -15 3 3 
0 4 -4 5 1 8 18 5 -15 7 16 3 3 -13 13 13 -16 13 -1 19 
15 8 12 14 10 18 -18 5 12 -3 10 -2 3 5 10 -5 -7 17 -6 12 
1 -13 3 9 16 13 12 -17 1 16 7 -8 5 3 -9 8 6 15 -16 9 
12 6 13 10 3 0 4 11 9 19 -4 10 18 2 9 19 -11 15 16 13 
8 -8 6 2 19 17 13 2 18 19 15 -9 -15 3 17 18 17 -17 5 6 
15 -16 16 3 1 -8 -9 2 -1 -9 -1 -12 -1 -1 5 2 -18 6 16 9 
2 -9 -16 4 -2 -7 5 5 -17 16 -15 9 11 3 19 6 8 8 -2 9 
9 -2 8 8 6 19 3 11 9 -15 16 -17 5 5 -7 -2 4 -16 -9 2 
9 16 6 -18 2 5 -1 -1 -12 -1 -9 -1 2 -9 -8 1 3 16 -16 15 
6 5 -17 17 18 17 3 -15 -9 15 19 18 2 13 17 19 2 6 -8 8 
13 16 15 -11 19 9 2 18 10 -4 19 9 11 4 0 3 10 13 6 12 
9 -16 15 6 8 -9 3 5 -8 7 16 1 -17 12 13 16 9 3 -13 1 
12 -6 17 -7 -5 10 5 3 -2 10 -3 12 5 -18 18 10 14 12 8 15 
19 -1 13 -16 13 13 -13 3 3 16 7 -15 5 18 8 1 5 -4 4 0 
3 3 -15 6 6 -5 -17 -14 7 12 19 -7 14 0 10 2 2 12 19 2 
-7 13 11 10 4 19 13 8 -8 18 17 -2 -7 4 -15 -18 -15 -2 11 15 
4 13 3 14 15 9 14 19 18 6 -1 15 -15 15 -8 1 -14 0 13 17 
67
1
14 10
5 9
0
0
