20 20
-6 10 9 10 1 4 5 5 6 10 6 2 9 -3 9 1 7 -8 -6 4 
9 3 8 9 7 6 5 -1 6 8 7 4 2 0 4 6 10 8 5 8 
11 4 -7 -10 1 10 -8 -11 -7 9 6 9 -5 -7 11 8 2 7 4 5 
4 6 5 -3 8 -6 -7 8 11 4 -5 -11 1 4 10 8 -3 -6 7 6 
-11 1 8 -8 0 10 4 4 11 9 -2 3 2 0 3 4 7 6 0 -3 
2 8 6 7 -9 -5 -4 3 3 4 -4 9 -2 11 8 10 8 7 6 9 
-6 6 -6 3 0 7 6 2 -8 11 6 7 5 10 3 10 2 -5 -4 -9 
4 6 10 11 -5 3 -3 11 10 -11 8 11 0 3 -5 7 1 2 7 2 
6 5 -1 3 -9 -10 -7 9 2 5 4 5 -3 5 3 4 7 6 5 2 
5 10 2 2 11 7 5 5 10 8 3 6 6 7 -2 7 9 9 10 4 
4 10 9 9 7 -2 7 6 6 3 8 10 5 5 7 11 2 2 10 5 
2 5 6 7 4 3 5 -3 5 4 5 2 9 -7 -10 -9 3 -1 5 6 
2 7 2 1 7 -5 3 0 11 8 -11 10 11 -3 3 -5 11 10 6 4 
-9 -4 -5 2 10 3 10 5 7 6 11 -8 2 6 7 0 3 -6 6 -6 
9 6 7 8 10 8 11 -2 9 -4 4 3 3 -4 -5 -9 7 6 8 2 
-3 0 6 7 4 3 0 2 3 -2 9 11 4 4 10 0 -8 8 1 -11 
6 7 -6 -3 8 10 4 1 -11 -5 4 11 8 -7 -6 8 -3 5 6 4 
5 4 7 2 8 11 -7 -5 9 6 9 -7 -11 -8 10 1 -10 -7 4 11 
8 5 8 10 6 4 0 2 4 7 8 6 -1 5 6 7 9 8 3 9 
4 -6 -8 7 1 9 -3 9 2 6 10 6 5 5 4 1 10 9 10 -6 
79
1
11 2
8 17
0
0
