20 20
30 15 25 26 20 14 -9 29 20 7 23 23 -25 14 24 7 3 -30 -13 22 
4 25 29 -7 10 -4 30 22 18 28 6 -30 -24 -11 7 23 25 8 7 14 
16 3 19 1 9 28 17 22 21 0 -26 13 -30 -27 13 9 28 -16 30 25 
12 18 26 17 24 1 27 20 -8 11 4 15 21 0 23 10 24 29 22 30 
16 -26 24 -27 26 -13 27 27 20 12 29 26 -3 4 -12 -12 11 26 -8 25 
21 22 4 23 -25 11 21 -3 8 -28 -3 1 -7 11 20 7 23 5 3 29 
-25 -4 0 -15 21 -9 3 -23 25 29 -8 16 21 29 -21 13 13 8 -3 12 
2 18 13 -2 -1 0 28 10 21 13 17 24 -16 -13 4 12 30 13 28 1 
14 8 3 14 10 11 25 21 25 17 7 -18 -26 27 25 9 -14 21 23 26 
26 18 20 8 10 26 22 29 18 17 2 24 20 10 13 7 4 -5 -23 2 
2 -23 -5 4 7 13 10 20 24 2 17 18 29 22 26 10 8 20 18 26 
26 23 21 -14 9 25 27 -26 -18 7 17 25 21 25 11 10 14 3 8 14 
1 28 13 30 12 4 -13 -16 24 17 13 21 10 28 0 -1 -2 13 18 2 
12 -3 8 13 13 -21 29 21 16 -8 29 25 -23 3 -9 21 -15 0 -4 -25 
29 3 5 23 7 20 11 -7 1 -3 -28 8 -3 21 11 -25 23 4 22 21 
25 -8 26 11 -12 -12 4 -3 26 29 12 20 27 27 -13 26 -27 24 -26 16 
30 22 29 24 10 23 0 21 15 4 11 -8 20 27 1 24 17 26 18 12 
25 30 -16 28 9 13 -27 -30 13 -26 0 21 22 17 28 9 1 19 3 16 
14 7 8 25 23 7 -11 -24 -30 6 28 18 22 30 -4 10 -7 29 25 4 
22 -13 -30 3 7 24 14 -25 23 23 7 20 29 -9 14 20 26 25 15 30 
85
1
11 8
8 11
0
0
