20 20
-1 -2 10 0 1 22 7 -8 0 20 20 21 14 10 23 10 9 14 1 -1 
0 21 17 21 18 7 11 23 -23 13 7 9 16 1 14 -20 7 3 15 11 
-19 16 2 5 -13 21 14 6 19 6 3 7 3 2 23 -6 5 5 13 2 
-19 -14 9 10 2 13 8 -4 14 -22 -11 19 -9 8 2 1 18 3 5 -5 
19 -4 17 8 13 21 5 16 1 -18 1 20 23 -21 -20 7 2 -22 -2 -18 
-17 -19 -17 23 2 3 -15 9 18 22 -21 21 12 -3 6 4 22 20 3 6 
4 8 16 2 19 15 -21 6 8 -22 -5 20 -7 -7 10 22 15 18 23 16 
14 13 18 -6 13 9 -21 -6 10 1 -10 18 3 20 9 18 7 23 1 14 
21 1 21 8 -16 14 -13 20 -2 3 15 5 9 2 -20 17 11 8 20 9 
4 -20 16 23 19 -2 -14 22 10 1 -14 15 -12 -4 -3 6 22 -8 4 6 
6 4 -8 22 6 -3 -4 -12 15 -14 1 10 22 -14 -2 19 23 16 -20 4 
9 20 8 11 17 -20 2 9 5 15 3 -2 20 -13 14 -16 8 21 1 21 
14 1 23 7 18 9 20 3 18 -10 1 10 -6 -21 9 13 -6 18 13 14 
16 23 18 15 22 10 -7 -7 20 -5 -22 8 6 -21 15 19 2 16 8 4 
6 3 20 22 4 6 -3 12 21 -21 22 18 9 -15 3 2 23 -17 -19 -17 
-18 -2 -22 2 7 -20 -21 23 20 1 -18 1 16 5 21 13 8 17 -4 19 
-5 5 3 18 1 2 8 -9 19 -11 -22 14 -4 8 13 2 10 9 -14 -19 
2 13 5 5 -6 23 2 3 7 3 6 19 6 14 21 -13 5 2 16 -19 
11 15 3 7 -20 14 1 16 9 7 13 -23 23 11 7 18 21 17 21 0 
-1 1 14 9 10 23 10 14 21 20 20 0 -8 7 22 1 0 10 -2 -1 
97
1
7 15
12 4
0
0
