20 20
18 20 15 -2 14 9 16 13 18 5 -16 9 -18 8 -16 -14 21 13 -20 -18 
3 13 3 8 9 22 17 21 22 -13 13 16 9 -20 10 7 -1 11 2 -6 
0 7 -20 21 4 20 8 1 11 13 9 22 10 10 9 17 11 1 -22 -11 
21 19 5 13 15 14 14 0 4 14 13 7 -8 -13 6 13 14 -10 21 7 
8 0 8 5 -5 2 12 13 15 -8 3 5 12 20 21 12 5 -11 12 4 
14 8 12 22 19 21 5 20 3 17 6 10 -7 3 8 9 4 7 9 16 
14 1 21 5 18 5 13 -14 11 14 -8 12 17 17 6 19 -16 -21 21 9 
17 22 -9 10 19 11 -21 19 10 -1 20 21 20 15 22 13 18 3 22 -11 
2 20 -3 0 6 13 13 22 5 11 -18 3 -15 -1 -15 2 3 13 13 14 
22 21 20 15 -15 13 9 22 -7 19 -5 12 17 22 5 21 20 16 7 3 
3 7 16 20 21 5 22 17 12 -5 19 -7 22 9 13 -15 15 20 21 22 
14 13 13 3 2 -15 -1 -15 3 -18 11 5 22 13 13 6 0 -3 20 2 
-11 22 3 18 13 22 15 20 21 20 -1 10 19 -21 11 19 10 -9 22 17 
9 21 -21 -16 19 6 17 17 12 -8 14 11 -14 13 5 18 5 21 1 14 
16 9 7 4 9 8 3 -7 10 6 17 3 20 5 21 19 22 12 8 14 
4 12 -11 5 12 21 20 12 5 3 -8 15 13 12 2 -5 5 8 0 8 
7 21 -10 14 13 6 -13 -8 7 13 14 4 0 14 14 15 13 5 19 21 
-11 -22 1 11 17 9 10 10 22 9 13 11 1 8 20 4 21 -20 7 0 
-6 2 11 -1 7 10 -20 9 16 13 -13 22 21 17 22 9 8 3 13 3 
-18 -20 13 21 -14 -16 8 -18 9 -16 5 18 13 16 9 14 -2 15 20 18 
68
1
7 11
12 8
0
0
