20 20
14 -6 -13 8 13 21 14 19 9 -12 -5 -19 18 -6 20 -16 -5 3 12 16 
2 6 21 -2 13 7 16 5 0 -3 5 3 10 3 20 6 -18 -14 5 16 
9 -16 3 11 19 1 13 -17 13 21 14 10 14 8 14 12 12 7 3 5 
13 12 3 -11 9 10 -1 20 15 18 -14 9 20 -18 -1 1 4 7 11 12 
3 6 5 21 3 17 8 17 -2 4 19 12 3 11 7 21 6 3 13 -6 
8 -15 -19 11 20 18 -19 -2 20 0 15 16 3 0 21 4 7 10 -7 -14 
10 21 9 4 -17 14 6 18 -11 20 0 -13 -19 -14 14 9 19 18 21 16 
14 -16 6 -11 -9 -6 21 6 -18 -13 19 16 -7 1 1 13 -11 -2 16 6 
21 16 10 14 19 12 5 13 18 -18 10 21 20 -18 9 0 4 -12 5 -3 
-8 -5 3 -18 2 3 8 10 10 6 5 -9 10 -8 12 14 8 -8 -18 13 
13 -18 -8 8 14 12 -8 10 -9 5 6 10 10 8 3 2 -18 3 -5 -8 
-3 5 -12 4 0 9 -18 20 21 10 -18 18 13 5 12 19 14 10 16 21 
6 16 -2 -11 13 1 1 -7 16 19 -13 -18 6 21 -6 -9 -11 6 -16 14 
16 21 18 19 9 14 -14 -19 -13 0 20 -11 18 6 14 -17 4 9 21 10 
-14 -7 10 7 4 21 0 3 16 15 0 20 -2 -19 18 20 11 -19 -15 8 
-6 13 3 6 21 7 11 3 12 19 4 -2 17 8 17 3 21 5 6 3 
12 11 7 4 1 -1 -18 20 9 -14 18 15 20 -1 10 9 -11 3 12 13 
5 3 7 12 12 14 8 14 10 14 21 13 -17 13 1 19 11 3 -16 9 
16 5 -14 -18 6 20 3 10 3 5 -3 0 5 16 7 13 -2 21 6 2 
16 12 3 -5 -16 20 -6 18 -19 -5 -12 9 19 14 21 13 8 -13 -6 14 
94
1
17 19
2 0
0
0
