20 20
-18 -14 21 -1 9 2 16 23 25 -4 21 -9 22 19 23 23 0 15 -21 2 
-7 25 11 19 -25 9 28 -25 -8 22 14 -3 13 3 26 22 -27 1 16 -24 
25 15 17 21 19 -12 3 -27 8 11 3 20 4 13 -5 3 17 -8 4 16 
-15 -12 2 21 -24 -8 -22 -27 -9 0 23 -14 20 2 13 7 26 4 18 13 
4 -5 9 2 -27 27 -7 9 1 17 23 18 5 -14 27 6 26 -16 28 -16 
17 4 9 16 17 -11 18 15 4 10 -11 -27 28 5 6 20 28 -18 -22 12 
16 2 16 -9 -4 20 8 9 13 2 1 17 -6 12 13 -22 12 -1 -8 26 
-18 -3 16 8 -14 13 9 27 3 -13 15 22 -27 24 6 25 -15 12 25 21 
25 17 3 -20 13 22 17 -28 -3 -15 10 -25 14 5 -14 10 -19 -28 6 12 
-20 -24 -17 -9 2 21 8 11 10 2 -13 26 7 27 24 -22 -13 6 19 1 
1 19 6 -13 -22 24 27 7 26 -13 2 10 11 8 21 2 -9 -17 -24 -20 
12 6 -28 -19 10 -14 5 14 -25 10 -15 -3 -28 17 22 13 -20 3 17 25 
21 25 12 -15 25 6 24 -27 22 15 -13 3 27 9 13 -14 8 16 -3 -18 
26 -8 -1 12 -22 13 12 -6 17 1 2 13 9 8 20 -4 -9 16 2 16 
12 -22 -18 28 20 6 5 28 -27 -11 10 4 15 18 -11 17 16 9 4 17 
-16 28 -16 26 6 27 -14 5 18 23 17 1 9 -7 27 -27 2 9 -5 4 
13 18 4 26 7 13 2 20 -14 23 0 -9 -27 -22 -8 -24 21 2 -12 -15 
16 4 -8 17 3 -5 13 4 20 3 11 8 -27 3 -12 19 21 17 15 25 
-24 16 1 -27 22 26 3 13 -3 14 22 -8 -25 28 9 -25 19 11 25 -7 
2 -21 15 0 23 23 19 22 -9 21 -4 25 23 16 2 9 -1 21 -14 -18 
75
1
4 10
15 9
0
0
