20 20
-9 4 -17 13 1 10 10 2 15 5 1 -5 10 -2 6 15 -1 7 17 8 
-2 0 5 8 9 9 8 18 8 -15 6 4 5 -6 5 -2 -18 -9 -10 -13 
9 -11 12 -13 -11 9 16 14 6 9 -14 18 6 7 1 -12 0 17 -14 11 
-1 7 5 -1 8 16 7 10 14 -17 17 -15 6 -7 17 -14 16 6 18 -6 
6 15 1 -11 12 16 -4 18 16 -15 10 14 -16 15 -18 11 17 4 6 18 
2 0 -16 2 7 13 16 1 14 15 11 9 4 -13 -16 9 -12 2 -7 -16 
2 2 3 8 6 8 17 18 7 18 -12 13 13 8 -15 -9 12 -3 -2 9 
12 -13 6 -18 11 9 18 4 3 8 -6 12 6 0 7 11 8 13 13 -5 
-7 16 -6 9 18 -14 -12 0 8 18 2 0 7 1 2 -5 -12 4 15 11 
-9 -3 16 10 1 8 2 6 15 -18 5 11 8 4 -2 -8 -18 4 3 3 
3 3 4 -18 -8 -2 4 8 11 5 -18 15 6 2 8 1 10 16 -3 -9 
11 15 4 -12 -5 2 1 7 0 2 18 8 0 -12 -14 18 9 -6 16 -7 
-5 13 13 8 11 7 0 6 12 -6 8 3 4 18 9 11 -18 6 -13 12 
9 -2 -3 12 -9 -15 8 13 13 -12 18 7 18 17 8 6 8 3 2 2 
-16 -7 2 -12 9 -16 -13 4 9 11 15 14 1 16 13 7 2 -16 0 2 
18 6 4 17 11 -18 15 -16 14 10 -15 16 18 -4 16 12 -11 1 15 6 
-6 18 6 16 -14 17 -7 6 -15 17 -17 14 10 7 16 8 -1 5 7 -1 
11 -14 17 0 -12 1 7 6 18 -14 9 6 14 16 9 -11 -13 12 -11 9 
-13 -10 -9 -18 -2 5 -6 5 4 6 -15 8 18 8 9 9 8 5 0 -2 
8 17 7 -1 15 6 -2 10 -5 1 5 15 2 10 10 1 13 -17 4 -9 
79
1
2 19
17 0
0
0
