20 20
25 18 -1 2 -7 23 21 5 13 14 5 24 24 -1 21 8 23 12 8 12 
23 14 -20 6 1 8 0 7 3 14 24 16 3 8 7 -5 -5 1 15 25 
-2 10 20 -19 -1 23 -16 2 4 15 -17 -3 26 -12 14 -10 24 5 14 1 
2 16 10 -5 -25 14 -9 19 -4 23 14 -5 18 20 8 -17 -21 23 -4 7 
11 22 21 -3 13 -17 7 23 -16 15 9 3 7 21 15 -1 -7 2 22 25 
7 13 1 7 5 -17 1 16 -25 10 19 10 24 26 8 5 2 -8 15 23 
19 -4 11 2 13 -25 16 25 -15 8 26 3 18 10 -21 24 9 25 -17 -16 
19 26 26 22 13 -16 -14 5 17 9 -1 8 24 11 -17 1 25 -17 23 -11 
14 -7 2 -9 -25 -16 26 1 24 1 8 21 -9 1 10 -14 -20 12 25 17 
19 1 2 8 6 6 12 12 3 21 19 21 22 -11 2 21 0 -4 14 -24 
-24 14 -4 0 21 2 -11 22 21 19 21 3 12 12 6 6 8 2 1 19 
17 25 12 -20 -14 10 1 -9 21 8 1 24 1 26 -16 -25 -9 2 -7 14 
-11 23 -17 25 1 -17 11 24 8 -1 9 17 5 -14 -16 13 22 26 26 19 
-16 -17 25 9 24 -21 10 18 3 26 8 -15 25 16 -25 13 2 11 -4 19 
23 15 -8 2 5 8 26 24 10 19 10 -25 16 1 -17 5 7 1 13 7 
25 22 2 -7 -1 15 21 7 3 9 15 -16 23 7 -17 13 -3 21 22 11 
7 -4 23 -21 -17 8 20 18 -5 14 23 -4 19 -9 14 -25 -5 10 16 2 
1 14 5 24 -10 14 -12 26 -3 -17 15 4 2 -16 23 -1 -19 20 10 -2 
25 15 1 -5 -5 7 8 3 16 24 14 3 7 0 8 1 6 -20 14 23 
12 8 12 23 8 21 -1 24 24 5 14 13 5 21 23 -7 2 -1 18 25 
63
1
13 1
6 18
0
0
