20 20
2 9 11 10 -2 9 2 3 2 7 1 5 7 3 5 4 -7 -7 8 2 
5 0 7 -8 8 8 4 -2 -5 11 -4 11 10 10 9 -8 -2 6 9 5 
8 9 -11 5 0 3 -5 5 2 5 3 5 -9 -11 6 5 -9 5 2 -2 
5 9 10 1 1 3 -1 10 9 -5 10 -6 6 -8 11 -4 1 4 1 1 
-2 -4 8 -5 6 4 9 7 -11 -5 11 2 1 -11 9 1 10 -1 6 10 
7 8 10 6 0 3 7 -9 9 5 -10 8 5 -7 2 3 11 4 7 8 
11 -5 7 7 6 10 10 -1 8 3 1 6 2 3 1 11 2 2 0 9 
1 11 2 -7 -10 3 5 9 -3 -11 10 9 2 -9 2 7 4 -5 8 9 
0 4 5 -10 8 11 -5 -6 7 6 10 -5 11 4 1 2 -2 9 3 11 
-6 -4 10 6 8 4 11 2 8 -9 -2 -7 10 7 4 5 5 -3 11 -7 
-7 11 -3 5 5 4 7 10 -7 -2 -9 8 2 11 4 8 6 10 -4 -6 
11 3 9 -2 2 1 4 11 -5 10 6 7 -6 -5 11 8 -10 5 4 0 
9 8 -5 4 7 2 -9 2 9 10 -11 -3 9 5 3 -10 -7 2 11 1 
9 0 2 2 11 1 3 2 6 1 3 8 -1 10 10 6 7 7 -5 11 
8 7 4 11 3 2 -7 5 8 -10 5 9 -9 7 3 0 6 10 8 7 
10 6 -1 10 1 9 -11 1 2 11 -5 -11 7 9 4 6 -5 8 -4 -2 
1 1 4 1 -4 11 -8 6 -6 10 -5 9 10 -1 3 1 1 10 9 5 
-2 2 5 -9 5 6 -11 -9 5 3 5 2 5 -5 3 0 5 -11 9 8 
5 9 6 -2 -8 9 10 10 11 -4 11 -5 -2 4 8 8 -8 7 0 5 
2 8 -7 -7 4 5 3 7 5 1 7 2 3 2 9 -2 10 11 9 2 
140
1
1 2
18 17
0
0
