20 20
-2 1 12 22 1 -15 3 -3 8 21 -5 8 14 25 22 22 20 -18 -21 -6 
3 -6 25 19 -13 5 24 25 0 17 4 1 4 1 12 7 7 21 22 7 
-4 24 16 -17 18 24 12 7 22 6 7 17 7 5 15 20 5 20 16 -21 
3 3 6 6 17 17 23 -6 -20 -7 -4 1 -22 -10 15 -19 4 6 -10 3 
10 14 7 -7 13 4 13 -12 8 -2 -10 21 3 21 -11 -11 9 22 -22 14 
22 -19 6 1 -22 2 11 2 9 22 -7 7 1 7 11 20 0 3 6 21 
-2 7 17 5 -17 -23 -19 10 2 5 18 18 -21 20 1 7 16 0 19 -3 
-21 2 18 3 4 22 -2 23 10 19 8 5 23 1 -8 14 9 13 21 24 
13 -7 8 4 12 22 24 14 7 3 3 20 13 -15 1 5 -7 8 -18 21 
17 22 -15 -11 -7 -19 -1 18 18 21 18 -1 8 11 4 7 -2 19 8 1 
1 8 19 -2 7 4 11 8 -1 18 21 18 18 -1 -19 -7 -11 -15 22 17 
21 -18 8 -7 5 1 -15 13 20 3 3 7 14 24 22 12 4 8 -7 13 
24 21 13 9 14 -8 1 23 5 8 19 10 23 -2 22 4 3 18 2 -21 
-3 19 0 16 7 1 20 -21 18 18 5 2 10 -19 -23 -17 5 17 7 -2 
21 6 3 0 20 11 7 1 7 -7 22 9 2 11 2 -22 1 6 -19 22 
14 -22 22 9 -11 -11 21 3 21 -10 -2 8 -12 13 4 13 -7 7 14 10 
3 -10 6 4 -19 15 -10 -22 1 -4 -7 -20 -6 23 17 17 6 6 3 3 
-21 16 20 5 20 15 5 7 17 7 6 22 7 12 24 18 -17 16 24 -4 
7 22 21 7 7 12 1 4 1 4 17 0 25 24 5 -13 19 25 -6 3 
-6 -21 -18 20 22 22 25 14 8 -5 21 8 -3 3 -15 1 22 12 1 -2 
190
1
3 12
16 7
0
0
