20 20
9 15 1 4 -13 7 7 -1 13 -5 16 4 -1 9 16 -6 17 -17 8 17 
7 5 10 -8 10 -15 15 16 5 4 12 4 13 12 -17 1 8 11 -1 2 
6 1 -7 6 4 1 1 6 2 13 13 -15 5 8 -3 17 12 2 3 -8 
16 5 11 -1 11 -11 14 -1 -7 8 3 11 -6 10 17 13 7 5 -9 -1 
-5 -7 -2 -12 7 10 8 13 13 10 5 1 -4 -1 17 4 16 -7 11 15 
-11 1 15 17 17 17 12 16 15 10 -10 11 10 2 3 -10 5 15 17 -12 
5 17 -14 -4 -1 -6 6 -16 4 -4 7 7 -8 11 -2 -2 4 17 5 2 
6 -15 -2 15 12 10 17 6 8 3 4 8 11 8 2 12 0 14 0 -11 
16 -1 -11 7 5 3 16 0 16 17 3 5 8 -16 12 13 -13 9 17 13 
14 16 -2 16 2 12 -5 7 7 1 7 3 12 5 1 16 3 -5 0 -12 
-12 0 -5 3 16 1 5 12 3 7 1 7 7 -5 12 2 16 -2 16 14 
13 17 9 -13 13 12 -16 8 5 3 17 16 0 16 3 5 7 -11 -1 16 
-11 0 14 0 12 2 8 11 8 4 3 8 6 17 10 12 15 -2 -15 6 
2 5 17 4 -2 -2 11 -8 7 7 -4 4 -16 6 -6 -1 -4 -14 17 5 
-12 17 15 5 -10 3 2 10 11 -10 10 15 16 12 17 17 17 15 1 -11 
15 11 -7 16 4 17 -1 -4 1 5 10 13 13 8 10 7 -12 -2 -7 -5 
-1 -9 5 7 13 17 10 -6 11 3 8 -7 -1 14 -11 11 -1 11 5 16 
-8 3 2 12 17 -3 8 5 -15 13 13 2 6 1 1 4 6 -7 1 6 
2 -1 11 8 1 -17 12 13 4 12 4 5 16 15 -15 10 -8 10 5 7 
17 8 -17 17 -6 16 9 -1 4 16 -5 13 -1 7 7 -13 4 1 15 9 
82
1
9 10
10 9
0
0
