20 20
3 -10 1 21 -21 13 8 4 -21 21 18 5 2 -15 26 7 -9 -20 12 21 
5 11 21 6 -14 -29 21 20 18 -24 6 25 -18 23 12 -28 -13 25 6 25 
11 -23 14 21 18 13 19 4 13 -21 2 -23 6 17 23 8 18 -6 5 15 
7 9 -17 17 24 9 3 10 8 -9 21 -4 27 25 29 -5 9 7 22 -5 
15 21 9 14 -27 7 14 4 26 18 4 -5 4 18 26 18 -14 14 4 4 
21 24 29 26 -7 -5 -21 9 -17 6 13 10 18 9 -26 3 1 25 -20 -2 
27 -29 24 -10 18 15 5 1 -26 -29 10 9 -25 27 -6 20 2 13 12 -12 
27 22 -10 4 7 8 -2 -26 2 23 2 -5 25 4 13 19 7 1 16 19 
6 3 19 18 -8 25 14 20 -23 7 10 -14 0 24 -14 -8 26 2 16 -23 
10 26 -27 -8 3 -4 17 20 -24 21 3 13 -15 27 13 6 22 19 -8 12 
12 -8 19 22 6 13 27 -15 13 3 21 -24 20 17 -4 3 -8 -27 26 10 
-23 16 2 26 -8 -14 24 0 -14 10 7 -23 20 14 25 -8 18 19 3 6 
19 16 1 7 19 13 4 25 -5 2 23 2 -26 -2 8 7 4 -10 22 27 
-12 12 13 2 20 -6 27 -25 9 10 -29 -26 1 5 15 18 -10 24 -29 27 
-2 -20 25 1 3 -26 9 18 10 13 6 -17 9 -21 -5 -7 26 29 24 21 
4 4 14 -14 18 26 18 4 -5 4 18 26 4 14 7 -27 14 9 21 15 
-5 22 7 9 -5 29 25 27 -4 21 -9 8 10 3 9 24 17 -17 9 7 
15 5 -6 18 8 23 17 6 -23 2 -21 13 4 19 13 18 21 14 -23 11 
25 6 25 -13 -28 12 23 -18 25 6 -24 18 20 21 -29 -14 6 21 11 5 
21 12 -20 -9 7 26 -15 2 5 18 21 -21 4 8 13 -21 21 1 -10 3 
75
1
2 8
17 11
0
0
