20 20
9 13 4 19 21 17 12 7 4 -5 17 23 12 2 -23 -4 -18 16 11 3 
22 -14 0 13 22 -7 1 13 5 7 19 13 5 12 -17 16 -23 -13 15 6 
8 -7 10 9 -9 18 -2 6 -14 4 23 -10 -15 -1 -9 -15 8 23 12 13 
-8 -11 18 10 -23 4 1 15 22 21 -2 7 23 -7 22 -11 9 5 9 8 
18 15 7 21 21 -2 20 14 9 3 18 -12 4 3 17 6 14 -8 21 18 
-21 5 9 10 -1 -11 22 -2 -20 13 12 23 -1 5 21 17 16 20 19 11 
9 5 -17 -22 6 14 3 15 23 16 4 -20 9 7 -4 13 17 3 1 0 
-5 -17 7 0 22 0 1 22 22 4 20 18 5 4 12 21 -11 21 -21 2 
-8 -1 18 16 21 8 -5 23 2 -17 12 -4 -19 -18 20 5 -18 3 23 16 
16 23 5 -15 6 5 17 14 23 9 2 -20 7 -12 10 17 18 10 5 12 
12 5 10 18 17 10 -12 7 -20 2 9 23 14 17 5 6 -15 5 23 16 
16 23 3 -18 5 20 -18 -19 -4 12 -17 2 23 -5 8 21 16 18 -1 -8 
2 -21 21 -11 21 12 4 5 18 20 4 22 22 1 0 22 0 7 -17 -5 
0 1 3 17 13 -4 7 9 -20 4 16 23 15 3 14 6 -22 -17 5 9 
11 19 20 16 17 21 5 -1 23 12 13 -20 -2 22 -11 -1 10 9 5 -21 
18 21 -8 14 6 17 3 4 -12 18 3 9 14 20 -2 21 21 7 15 18 
8 9 5 9 -11 22 -7 23 7 -2 21 22 15 1 4 -23 10 18 -11 -8 
13 12 23 8 -15 -9 -1 -15 -10 23 4 -14 6 -2 18 -9 9 10 -7 8 
6 15 -13 -23 16 -17 12 5 13 19 7 5 13 1 -7 22 13 0 -14 22 
3 11 16 -18 -4 -23 2 12 23 17 -5 4 7 12 17 21 19 4 13 9 
100
1
14 15
5 4
0
0
