20 20
9 11 10 15 16 8 14 -13 2 4 -2 4 4 11 -2 14 -2 0 -14 2 
0 6 15 -9 6 1 13 14 10 2 0 6 -10 -13 13 10 7 5 8 15 
2 8 2 -8 4 15 8 9 15 3 9 9 15 7 15 -12 16 -2 1 -5 
3 11 10 -16 -1 3 0 16 -4 -11 4 3 -8 11 -10 -2 9 12 -2 12 
16 10 0 -11 13 8 9 15 7 -10 10 10 6 2 5 -1 -8 14 5 -6 
5 9 11 -7 3 9 -7 13 2 5 1 12 -15 -10 11 6 11 -5 2 4 
-7 7 2 10 11 13 -4 3 9 3 -14 8 14 9 -9 -2 -8 14 1 10 
-1 14 1 13 -1 14 8 -1 8 15 3 12 -10 -9 -14 5 16 13 -11 -11 
-13 4 6 -3 1 -6 7 15 5 9 14 9 6 -2 9 -2 2 11 -16 0 
-13 13 15 4 13 -7 13 11 5 14 3 15 -10 3 1 6 6 9 2 4 
4 2 9 6 6 1 3 -10 15 3 14 5 11 13 -7 13 4 15 13 -13 
0 -16 11 2 -2 9 -2 6 9 14 9 5 15 7 -6 1 -3 6 4 -13 
-11 -11 13 16 5 -14 -9 -10 12 3 15 8 -1 8 14 -1 13 1 14 -1 
10 1 14 -8 -2 -9 9 14 8 -14 3 9 3 -4 13 11 10 2 7 -7 
4 2 -5 11 6 11 -10 -15 12 1 5 2 13 -7 9 3 -7 11 9 5 
-6 5 14 -8 -1 5 2 6 10 10 -10 7 15 9 8 13 -11 0 10 16 
12 -2 12 9 -2 -10 11 -8 3 4 -11 -4 16 0 3 -1 -16 10 11 3 
-5 1 -2 16 -12 15 7 15 9 9 3 15 9 8 15 4 -8 2 8 2 
15 8 5 7 10 13 -13 -10 6 0 2 10 14 13 1 6 -9 15 6 0 
2 -14 0 -2 14 -2 11 4 4 -2 4 2 -13 14 8 16 15 10 11 9 
192
1
5 16
14 3
0
0
