20 20
8 2 10 5 1 -4 8 -18 -5 18 8 15 -14 7 -9 17 5 4 -1 -4 
-18 8 4 13 -18 15 16 17 2 2 18 18 0 3 -9 -6 4 8 6 15 
14 2 4 3 12 10 12 10 6 18 16 -7 -10 1 18 9 16 -9 10 1 
10 6 8 15 12 8 1 13 -15 15 -9 14 1 13 12 9 10 -2 17 11 
-13 3 7 2 9 -2 13 -9 11 -17 -5 10 15 6 16 18 12 -10 6 -9 
9 15 -3 -16 -13 4 0 3 11 6 -4 1 13 -7 8 -4 3 8 -5 8 
1 9 14 8 6 2 13 4 5 0 6 -17 10 9 7 18 5 3 12 17 
-13 3 8 4 -17 18 14 11 -15 0 -13 6 2 13 4 5 8 0 9 11 
12 -11 -9 -3 10 -12 -9 -16 2 2 16 17 0 -11 -1 8 6 3 7 6 
17 12 9 1 9 14 -17 -3 3 -2 8 1 13 -7 9 -12 2 4 15 6 
6 15 4 2 -12 9 -7 13 1 8 -2 3 -3 -17 14 9 1 9 12 17 
6 7 3 6 8 -1 -11 0 17 16 2 2 -16 -9 -12 10 -3 -9 -11 12 
11 9 0 8 5 4 13 2 6 -13 0 -15 11 14 18 -17 4 8 3 -13 
17 12 3 5 18 7 9 10 -17 6 0 5 4 13 2 6 8 14 9 1 
8 -5 8 3 -4 8 -7 13 1 -4 6 11 3 0 4 -13 -16 -3 15 9 
-9 6 -10 12 18 16 6 15 10 -5 -17 11 -9 13 -2 9 2 7 3 -13 
11 17 -2 10 9 12 13 1 14 -9 15 -15 13 1 8 12 15 8 6 10 
1 10 -9 16 9 18 1 -10 -7 16 18 6 10 12 10 12 3 4 2 14 
15 6 8 4 -6 -9 3 0 18 18 2 2 17 16 15 -18 13 4 8 -18 
-4 -1 4 5 17 -9 7 -14 15 8 18 -5 -18 8 -4 1 5 10 2 8 
78
1
18 11
1 8
0
0
