20 20
23 9 -7 -2 19 -5 13 18 -3 3 -17 14 8 -5 20 17 -11 -19 9 14 
16 16 9 -10 11 -6 -21 -12 11 -20 -19 -5 20 9 8 23 23 -11 1 -14 
4 9 -16 8 22 16 9 6 20 -21 -16 -20 10 11 -1 18 9 11 10 -15 
12 -12 14 4 6 23 14 -7 3 -12 18 21 3 10 18 -23 -3 1 6 13 
-1 8 14 15 20 -22 7 -22 24 2 14 -23 20 1 15 -5 -3 -24 -18 12 
4 10 17 20 -15 20 3 13 3 13 23 10 1 -8 -12 22 13 4 15 9 
8 5 17 -5 0 11 10 19 23 20 3 -1 16 -4 -12 20 -4 6 -10 -16 
15 7 20 24 8 -3 -11 24 8 -15 -18 23 24 4 21 11 2 22 -20 -10 
0 14 20 0 4 24 1 12 14 -1 13 -11 5 -6 6 -10 -9 -16 5 19 
0 -18 7 -2 -18 2 18 14 21 8 7 -11 4 -24 19 -7 13 10 -18 -11 
-11 -18 10 13 -7 19 -24 4 -11 7 8 21 14 18 2 -18 -2 7 -18 0 
19 5 -16 -9 -10 6 -6 5 -11 13 -1 14 12 1 24 4 0 20 14 0 
-10 -20 22 2 11 21 4 24 23 -18 -15 8 24 -11 -3 8 24 20 7 15 
-16 -10 6 -4 20 -12 -4 16 -1 3 20 23 19 10 11 0 -5 17 5 8 
9 15 4 13 22 -12 -8 1 10 23 13 3 13 3 20 -15 20 17 10 4 
12 -18 -24 -3 -5 15 1 20 -23 14 2 24 -22 7 -22 20 15 14 8 -1 
13 6 1 -3 -23 18 10 3 21 18 -12 3 -7 14 23 6 4 14 -12 12 
-15 10 11 9 18 -1 11 10 -20 -16 -21 20 6 9 16 22 8 -16 9 4 
-14 1 -11 23 23 8 9 20 -5 -19 -20 11 -12 -21 -6 11 -10 9 16 16 
14 9 -19 -11 17 20 -5 8 14 -17 3 -3 18 13 -5 19 -2 -7 9 23 
132
1
15 6
4 13
0
0
