20 20
-13 -3 19 18 -13 13 8 14 18 -16 2 6 7 8 6 16 -11 12 5 10 
-20 18 13 19 -6 5 13 -5 4 1 -10 0 18 5 1 14 -4 0 11 9 
1 1 10 1 6 12 17 20 -17 2 1 5 -7 14 6 20 11 7 18 -14 
13 20 17 1 3 13 10 5 -15 18 18 7 8 14 -10 -16 10 14 11 10 
1 -18 15 12 -5 13 -5 -19 4 0 1 11 -1 -18 -15 -9 1 19 14 -15 
17 13 18 4 5 -18 6 -9 16 0 -7 18 12 18 13 9 19 1 18 19 
-15 15 -3 10 -6 17 20 17 6 -8 9 16 2 16 4 18 4 -4 -6 8 
-8 -13 6 -5 4 -10 15 9 13 13 11 6 16 -5 3 18 17 5 10 -3 
-4 11 7 4 16 3 0 17 7 5 16 4 -16 5 -16 14 -14 9 8 5 
18 6 10 13 20 13 13 18 -5 19 -9 9 -12 -7 -20 17 -16 -12 18 5 
5 18 -12 -16 17 -20 -7 -12 9 -9 19 -5 18 13 13 20 13 10 6 18 
5 8 9 -14 14 -16 5 -16 4 16 5 7 17 0 3 16 4 7 11 -4 
-3 10 5 17 18 3 -5 16 6 11 13 13 9 15 -10 4 -5 6 -13 -8 
8 -6 -4 4 18 4 16 2 16 9 -8 6 17 20 17 -6 10 -3 15 -15 
19 18 1 19 9 13 18 12 18 -7 0 16 -9 6 -18 5 4 18 13 17 
-15 14 19 1 -9 -15 -18 -1 11 1 0 4 -19 -5 13 -5 12 15 -18 1 
10 11 14 10 -16 -10 14 8 7 18 18 -15 5 10 13 3 1 17 20 13 
-14 18 7 11 20 6 14 -7 5 1 2 -17 20 17 12 6 1 10 1 1 
9 11 0 -4 14 1 5 18 0 -10 1 4 -5 13 5 -6 19 13 18 -20 
10 5 12 -11 16 6 8 7 6 2 -16 18 14 8 13 -13 18 19 -3 -13 
86
1
6 13
13 6
0
0
