20 20
8 21 5 -13 12 2 -21 5 7 15 18 20 -10 12 5 3 2 12 16 20 
18 14 -21 -16 6 10 22 -21 -8 3 2 18 7 21 1 -3 22 -16 16 8 
2 6 1 14 13 2 16 14 -18 8 7 -15 12 7 2 12 -14 18 -3 4 
-10 -21 -7 16 -13 13 17 7 1 14 8 4 8 12 11 8 -21 1 22 -17 
-14 7 5 -3 7 14 7 18 3 -6 11 7 16 9 -18 -17 1 7 10 8 
2 9 4 -7 -2 16 -16 15 9 5 18 -22 20 11 19 0 19 3 2 8 
-11 20 -10 4 10 2 14 11 22 15 10 -15 -15 16 -20 1 4 -15 -14 13 
14 16 8 7 14 9 -16 16 20 1 3 7 2 2 20 -11 15 7 -10 1 
3 8 15 16 21 4 14 18 2 4 21 -3 7 20 -7 7 19 -5 10 20 
20 19 21 -12 19 4 22 -19 21 -19 17 11 1 -9 14 3 -1 -15 0 17 
17 0 -15 -1 3 14 -9 1 11 17 -19 21 -19 22 4 19 -12 21 19 20 
20 10 -5 19 7 -7 20 7 -3 21 4 2 18 14 4 21 16 15 8 3 
1 -10 7 15 -11 20 2 2 7 3 1 20 16 -16 9 14 7 8 16 14 
13 -14 -15 4 1 -20 16 -15 -15 10 15 22 11 14 2 10 4 -10 20 -11 
8 2 3 19 0 19 11 20 -22 18 5 9 15 -16 16 -2 -7 4 9 2 
8 10 7 1 -17 -18 9 16 7 11 -6 3 18 7 14 7 -3 5 7 -14 
-17 22 1 -21 8 11 12 8 4 8 14 1 7 17 13 -13 16 -7 -21 -10 
4 -3 18 -14 12 2 7 12 -15 7 8 -18 14 16 2 13 14 1 6 2 
8 16 -16 22 -3 1 21 7 18 2 3 -8 -21 22 10 6 -16 -21 14 18 
20 16 12 2 3 5 12 -10 20 18 15 7 5 -21 2 12 -13 5 21 8 
51
1
0 7
19 12
0
0
