20 20
5 19 20 20 15 7 -10 6 14 21 -19 17 0 11 12 19 -6 8 19 0 
1 1 13 16 14 3 -18 1 13 13 7 21 10 9 11 10 -2 3 22 -6 
-9 5 8 9 11 10 2 4 13 15 -21 19 6 22 17 2 9 12 15 -22 
7 10 4 20 1 3 -22 19 -6 18 11 11 16 4 1 11 7 -3 8 -9 
-4 2 -19 -17 -20 7 -22 1 18 15 2 -9 9 17 -3 13 5 15 5 5 
18 12 14 17 13 20 5 -4 -13 17 10 21 21 6 5 3 -21 -15 6 10 
17 13 7 17 7 15 8 19 12 17 6 -11 8 1 -8 13 5 13 19 -5 
11 2 -18 12 6 19 12 6 -19 -2 -10 6 14 -4 -14 9 4 -19 19 10 
3 -1 16 4 -11 0 10 4 19 -12 8 -1 10 9 -15 21 21 14 3 -2 
13 -13 6 -19 22 2 13 22 2 -5 -3 9 11 8 9 -15 -19 14 10 16 
16 10 14 -19 -15 9 8 11 9 -3 -5 2 22 13 2 22 -19 6 -13 13 
-2 3 14 21 21 -15 9 10 -1 8 -12 19 4 10 0 -11 4 16 -1 3 
10 19 -19 4 9 -14 -4 14 6 -10 -2 -19 6 12 19 6 12 -18 2 11 
-5 19 13 5 13 -8 1 8 -11 6 17 12 19 8 15 7 17 7 13 17 
10 6 -15 -21 3 5 6 21 21 10 17 -13 -4 5 20 13 17 14 12 18 
5 5 15 5 13 -3 17 9 -9 2 15 18 1 -22 7 -20 -17 -19 2 -4 
-9 8 -3 7 11 1 4 16 11 11 18 -6 19 -22 3 1 20 4 10 7 
-22 15 12 9 2 17 22 6 19 -21 15 13 4 2 10 11 9 8 5 -9 
-6 22 3 -2 10 11 9 10 21 7 13 13 1 -18 3 14 16 13 1 1 
0 19 8 -6 19 12 11 0 17 -19 21 14 6 -10 7 15 20 20 19 5 
105
1
12 18
7 1
0
0
