20 20
-4 -18 16 3 11 8 15 1 16 -25 21 22 -6 0 6 -10 19 18 2 -6 
18 7 -16 7 21 16 17 -22 14 0 -20 2 18 6 -19 6 6 24 21 2 
18 25 0 22 10 12 19 11 15 -21 17 11 15 13 23 -23 13 -4 -10 -14 
13 15 22 16 3 9 25 5 13 4 14 8 6 16 4 6 2 15 23 1 
-15 3 12 -8 6 14 0 -23 7 -13 15 14 14 -9 8 17 16 -6 -12 -19 
18 13 0 24 10 24 14 22 12 17 1 25 6 14 22 16 9 19 12 25 
-14 15 -18 4 -8 10 16 -13 -23 10 -19 24 7 -16 22 7 10 -21 15 16 
1 14 9 16 19 18 14 7 8 -9 10 15 6 24 14 15 -20 0 10 -9 
6 -13 -1 -8 18 14 -19 -14 8 -5 12 6 24 6 16 10 -23 22 -23 21 
9 6 5 6 -10 -25 -21 14 11 19 23 11 23 -5 -16 7 -12 -7 4 6 
6 4 -7 -12 7 -16 -5 23 11 23 19 11 14 -21 -25 -10 6 5 6 9 
21 -23 22 -23 10 16 6 24 6 12 -5 8 -14 -19 14 18 -8 -1 -13 6 
-9 10 0 -20 15 14 24 6 15 10 -9 8 7 14 18 19 16 9 14 1 
16 15 -21 10 7 22 -16 7 24 -19 10 -23 -13 16 10 -8 4 -18 15 -14 
25 12 19 9 16 22 14 6 25 1 17 12 22 14 24 10 24 0 13 18 
-19 -12 -6 16 17 8 -9 14 14 15 -13 7 -23 0 14 6 -8 12 3 -15 
1 23 15 2 6 4 16 6 8 14 4 13 5 25 9 3 16 22 15 13 
-14 -10 -4 13 -23 23 13 15 11 17 -21 15 11 19 12 10 22 0 25 18 
2 21 24 6 6 -19 6 18 2 -20 0 14 -22 17 16 21 7 -16 7 18 
-6 2 18 19 -10 6 0 -6 22 21 -25 16 1 15 8 11 3 16 -18 -4 
91
1
0 8
19 11
0
0
