20 20
3 19 8 21 -3 -7 2 4 3 -1 9 3 14 22 -23 18 16 7 18 -6 
7 23 10 8 24 21 7 17 4 -12 1 25 18 2 20 -9 23 10 13 -23 
7 4 3 -22 -2 18 12 12 -13 13 -8 8 -21 -3 17 3 0 24 -12 18 
-13 11 1 -23 6 -6 -24 25 5 -2 18 -2 23 -8 15 -10 3 8 6 15 
0 23 14 -25 20 18 23 12 6 -14 -8 -10 0 -5 -7 25 -22 2 -20 -3 
9 8 3 -3 9 13 3 21 18 -19 16 14 -11 6 24 1 -12 8 6 6 
8 16 13 24 15 -15 20 -4 15 0 -1 -11 12 -12 17 23 11 19 7 12 
11 0 13 1 2 19 -20 22 23 25 22 24 1 5 -4 23 19 8 -8 15 
19 14 23 10 9 3 17 -17 18 15 20 -23 16 14 2 5 -19 24 -4 21 
19 20 1 20 8 3 -13 14 -5 16 18 -19 -24 8 16 -2 -6 21 -20 24 
24 -20 21 -6 -2 16 8 -24 -19 18 16 -5 14 -13 3 8 20 1 20 19 
21 -4 24 -19 5 2 14 16 -23 20 15 18 -17 17 3 9 10 23 14 19 
15 -8 8 19 23 -4 5 1 24 22 25 23 22 -20 19 2 1 13 0 11 
12 7 19 11 23 17 -12 12 -11 -1 0 15 -4 20 -15 15 24 13 16 8 
6 6 8 -12 1 24 6 -11 14 16 -19 18 21 3 13 9 -3 3 8 9 
-3 -20 2 -22 25 -7 -5 0 -10 -8 -14 6 12 23 18 20 -25 14 23 0 
15 6 8 3 -10 15 -8 23 -2 18 -2 5 25 -24 -6 6 -23 1 11 -13 
18 -12 24 0 3 17 -3 -21 8 -8 13 -13 12 12 18 -2 -22 3 4 7 
-23 13 10 23 -9 20 2 18 25 1 -12 4 17 7 21 24 8 10 23 7 
-6 18 7 16 18 -23 22 14 3 9 -1 3 4 2 -7 -3 21 8 19 3 
32
1
18 5
1 14
0
0
