20 20
16 15 11 -1 4 8 15 -15 4 3 3 -11 17 16 2 10 4 -17 10 5 
9 17 1 12 2 -9 -10 11 -13 -5 16 7 9 -3 17 13 -3 10 11 9 
-9 16 -16 -2 -5 17 13 15 0 7 2 4 5 -16 11 6 -10 10 9 7 
5 17 -9 13 17 14 12 -11 11 4 2 2 8 4 -4 3 12 -15 9 8 
0 8 8 -7 10 4 -14 3 -1 1 5 5 -8 -2 -9 2 8 1 -7 3 
12 14 16 -10 13 1 10 -6 6 15 12 15 0 -14 4 17 10 17 12 2 
13 6 13 6 15 7 10 17 15 11 2 8 10 7 -2 16 2 -9 14 5 
13 1 13 9 2 6 3 6 -8 -4 -3 10 16 7 3 10 -17 -11 -16 11 
5 -15 -8 14 16 -11 -9 16 -10 -10 -8 1 3 11 9 -6 -17 13 2 9 
15 6 12 -14 4 14 8 8 -4 1 3 17 12 8 2 2 3 13 13 12 
12 13 13 3 2 2 8 12 17 3 1 -4 8 8 14 4 -14 12 6 15 
9 2 13 -17 -6 9 11 3 1 -8 -10 -10 16 -9 -11 16 14 -8 -15 5 
11 -16 -11 -17 10 3 7 16 10 -3 -4 -8 6 3 6 2 9 13 1 13 
5 14 -9 2 16 -2 7 10 8 2 11 15 17 10 7 15 6 13 6 13 
2 12 17 10 17 4 -14 0 15 12 15 6 -6 10 1 13 -10 16 14 12 
3 -7 1 8 2 -9 -2 -8 5 5 1 -1 3 -14 4 10 -7 8 8 0 
8 9 -15 12 3 -4 4 8 2 2 4 11 -11 12 14 17 13 -9 17 5 
7 9 10 -10 6 11 -16 5 4 2 7 0 15 13 17 -5 -2 -16 16 -9 
9 11 10 -3 13 17 -3 9 7 16 -5 -13 11 -10 -9 2 12 1 17 9 
5 10 -17 4 10 2 16 17 -11 3 3 4 -15 15 8 4 -1 11 15 16 
113
1
5 11
14 8
0
0
