20 20
13 26 1 -9 26 14 -2 7 12 26 -11 15 2 16 21 3 -12 -18 18 1 
3 -3 5 19 18 2 10 -2 -23 17 -16 26 25 -18 18 -16 15 -17 -12 -21 
10 17 23 -25 24 9 6 14 8 21 -4 -23 -16 1 -19 6 -3 8 4 25 
25 25 4 -16 14 11 5 -5 22 -3 21 10 -16 21 -2 12 24 20 4 10 
9 -25 -13 7 23 -24 18 21 11 8 25 0 20 1 19 5 10 17 15 0 
25 19 24 18 0 -24 22 -9 0 6 7 22 4 -21 18 -26 7 18 7 6 
-21 6 24 -21 17 20 -22 19 23 -12 -9 5 14 19 0 17 13 7 26 24 
2 2 15 24 -22 22 16 17 -8 10 17 -19 -2 26 1 2 11 10 15 2 
8 -21 -13 25 14 8 13 7 -25 2 16 -10 10 17 14 17 -2 14 14 -7 
18 -4 -22 6 9 16 25 9 17 19 -14 16 19 0 7 13 19 1 14 19 
19 14 1 19 13 7 0 19 16 -14 19 17 9 25 16 9 6 -22 -4 18 
-7 14 14 -2 17 14 17 10 -10 16 2 -25 7 13 8 14 25 -13 -21 8 
2 15 10 11 2 1 26 -2 -19 17 10 -8 17 16 22 -22 24 15 2 2 
24 26 7 13 17 0 19 14 5 -9 -12 23 19 -22 20 17 -21 24 6 -21 
6 7 18 7 -26 18 -21 4 22 7 6 0 -9 22 -24 0 18 24 19 25 
0 15 17 10 5 19 1 20 0 25 8 11 21 18 -24 23 7 -13 -25 9 
10 4 20 24 12 -2 21 -16 10 21 -3 22 -5 5 11 14 -16 4 25 25 
25 4 8 -3 6 -19 1 -16 -23 -4 21 8 14 6 9 24 -25 23 17 10 
-21 -12 -17 15 -16 18 -18 25 26 -16 17 -23 -2 10 2 18 19 5 -3 3 
1 18 -18 -12 3 21 16 2 15 -11 26 12 7 -2 14 26 -9 1 26 13 
141
1
7 13
12 6
0
0
