20 20
7 22 19 9 7 12 8 -10 12 -17 9 1 24 14 5 -2 -18 19 -19 6 
20 15 8 17 -6 -1 14 -8 12 14 -3 3 -10 -13 2 2 9 -8 15 22 
3 -15 6 23 1 3 -14 4 15 -3 -10 -15 0 22 -7 15 22 23 -6 21 
3 -16 10 17 9 24 -18 9 5 -22 20 8 25 -14 -9 9 16 20 -18 11 
7 18 20 8 -13 1 1 -7 17 13 -4 10 5 23 25 1 23 24 21 -14 
8 17 20 19 1 3 9 10 25 12 22 19 20 19 19 -1 -24 -3 -18 17 
12 15 13 -7 24 17 22 8 -23 6 1 0 3 1 16 12 2 9 -16 -19 
-17 14 9 16 23 11 22 12 -6 8 -5 3 19 17 -12 5 5 25 25 19 
5 -20 -11 15 25 9 10 9 9 13 -23 -18 11 18 -2 14 12 -8 -17 15 
24 19 -23 -25 -2 16 17 -19 19 22 -21 11 24 1 -14 6 22 21 10 9 
9 10 21 22 6 -14 1 24 11 -21 22 19 -19 17 16 -2 -25 -23 19 24 
15 -17 -8 12 14 -2 18 11 -18 -23 13 9 9 10 9 25 15 -11 -20 5 
19 25 25 5 5 -12 17 19 3 -5 8 -6 12 22 11 23 16 9 14 -17 
-19 -16 9 2 12 16 1 3 0 1 6 -23 8 22 17 24 -7 13 15 12 
17 -18 -3 -24 -1 19 19 20 19 22 12 25 10 9 3 1 19 20 17 8 
-14 21 24 23 1 25 23 5 10 -4 13 17 -7 1 1 -13 8 20 18 7 
11 -18 20 16 9 -9 -14 25 8 20 -22 5 9 -18 24 9 17 10 -16 3 
21 -6 23 22 15 -7 22 0 -15 -10 -3 15 4 -14 3 1 23 6 -15 3 
22 15 -8 9 2 2 -13 -10 3 -3 14 12 -8 14 -1 -6 17 8 15 20 
6 -19 19 -18 -2 5 14 24 1 9 -17 12 -10 8 12 7 9 19 22 7 
165
1
12 11
7 8
0
0
