20 20
17 15 4 -17 -18 -9 13 -12 5 0 3 3 1 20 -18 -15 -8 -6 -20 11 
18 2 -8 12 17 -4 19 4 7 15 -11 20 13 9 18 -13 5 20 -5 1 
-5 -1 9 20 17 -18 12 8 15 3 0 18 -16 3 2 13 16 -10 6 -11 
-2 6 4 18 14 4 6 -10 -6 -19 3 10 -12 7 6 18 11 1 5 7 
1 11 1 5 2 17 20 3 0 -11 8 12 -15 -15 4 -13 -12 18 18 15 
-3 5 4 -16 14 -13 20 -6 -9 12 -9 16 2 -14 5 8 11 16 6 -19 
-15 3 -2 -20 5 19 -14 2 -15 5 3 8 5 -6 20 14 -13 8 1 -15 
-8 20 2 17 1 -18 16 7 -17 -1 12 -11 14 -20 18 15 -10 7 15 -3 
12 -12 15 16 15 11 17 6 18 -6 -15 -15 19 16 19 5 16 11 8 14 
2 1 2 19 5 16 -18 2 -3 -14 -13 -12 10 -17 -20 13 20 6 -18 11 
11 -18 6 20 13 -20 -17 10 -12 -13 -14 -3 2 -18 16 5 19 2 1 2 
14 8 11 16 5 19 16 19 -15 -15 -6 18 6 17 11 15 16 15 -12 12 
-3 15 7 -10 15 18 -20 14 -11 12 -1 -17 7 16 -18 1 17 2 20 -8 
-15 1 8 -13 14 20 -6 5 8 3 5 -15 2 -14 19 5 -20 -2 3 -15 
-19 6 16 11 8 5 -14 2 16 -9 12 -9 -6 20 -13 14 -16 4 5 -3 
15 18 18 -12 -13 4 -15 -15 12 8 -11 0 3 20 17 2 5 1 11 1 
7 5 1 11 18 6 7 -12 10 3 -19 -6 -10 6 4 14 18 4 6 -2 
-11 6 -10 16 13 2 3 -16 18 0 3 15 8 12 -18 17 20 9 -1 -5 
1 -5 20 5 -13 18 9 13 20 -11 15 7 4 19 -4 17 12 -8 2 18 
11 -20 -6 -8 -15 -18 20 1 3 3 0 5 -12 13 -9 -18 -17 4 15 17 
134
1
18 7
1 12
0
0
