20 20
-3 2 8 7 -5 8 1 12 1 11 -11 12 -1 -11 4 1 10 9 12 9 
8 6 4 -3 10 6 5 8 -10 7 -6 1 -12 9 4 1 2 8 1 4 
1 6 2 9 5 7 5 4 -12 5 -4 10 12 4 -6 0 11 1 -8 2 
3 -5 7 8 4 -12 -9 7 3 5 -11 7 4 3 11 9 3 -5 2 0 
4 7 4 4 -10 0 2 8 9 -7 -3 1 8 5 -10 10 -12 7 4 0 
0 11 8 -6 9 8 8 -3 6 4 9 -6 12 -1 7 2 -8 -5 -2 4 
3 12 3 -12 12 4 12 9 5 3 -12 7 -3 -12 5 6 2 -11 6 -4 
4 -8 5 6 -10 7 -2 4 6 5 4 11 3 12 6 4 7 -4 -2 -1 
3 9 7 0 0 8 4 -3 3 -10 2 2 1 -6 1 -4 -9 -3 5 9 
7 12 5 -4 -7 3 0 -5 10 8 3 3 8 12 7 3 0 10 5 -3 
-3 5 10 0 3 7 12 8 3 3 8 10 -5 0 3 -7 -4 5 12 7 
9 5 -3 -9 -4 1 -6 1 2 2 -10 3 -3 4 8 0 0 7 9 3 
-1 -2 -4 7 4 6 12 3 11 4 5 6 4 -2 7 -10 6 5 -8 4 
-4 6 -11 2 6 5 -12 -3 7 -12 3 5 9 12 4 12 -12 3 12 3 
4 -2 -5 -8 2 7 -1 12 -6 9 4 6 -3 8 8 9 -6 8 11 0 
0 4 7 -12 10 -10 5 8 1 -3 -7 9 8 2 0 -10 4 4 7 4 
0 2 -5 3 9 11 3 4 7 -11 5 3 7 -9 -12 4 8 7 -5 3 
2 -8 1 11 0 -6 4 12 10 -4 5 -12 4 5 7 5 9 2 6 1 
4 1 8 2 1 4 9 -12 1 -6 7 -10 8 5 6 10 -3 4 6 8 
9 12 9 10 1 4 -11 -1 12 -11 11 1 12 1 8 -5 7 8 2 -3 
83
1
7 16
12 3
0
0
