20 20
12 17 1 7 -12 9 17 6 -17 3 8 6 14 12 0 -11 5 -20 9 16 
18 10 11 9 18 -17 8 5 2 4 -15 2 -16 19 8 13 20 -2 1 18 
3 5 9 11 20 2 8 0 17 16 8 -16 14 -8 17 1 3 7 19 -5 
1 6 13 2 -13 6 18 16 19 -12 -20 10 14 7 7 20 9 2 -6 4 
4 11 -4 14 14 -8 -1 6 -9 21 19 -18 20 21 18 -16 18 4 -18 2 
21 -21 14 7 -13 12 -5 -21 1 6 17 2 0 21 -19 -17 6 1 15 6 
0 21 -6 -16 -2 6 19 6 16 -13 1 19 8 15 3 4 17 -1 16 17 
11 8 -6 -17 5 -7 -18 -8 -11 21 -1 19 3 21 21 0 19 0 11 1 
12 21 7 20 -17 10 -5 8 20 1 -2 0 13 15 16 10 -11 19 2 -21 
21 15 14 7 -2 -10 17 3 10 19 3 6 16 -6 5 21 -9 -18 20 0 
0 20 -18 -9 21 5 -6 16 6 3 19 10 3 17 -10 -2 7 14 15 21 
-21 2 19 -11 10 16 15 13 0 -2 1 20 8 -5 10 -17 20 7 21 12 
1 11 0 19 0 21 21 3 19 -1 21 -11 -8 -18 -7 5 -17 -6 8 11 
17 16 -1 17 4 3 15 8 19 1 -13 16 6 19 6 -2 -16 -6 21 0 
6 15 1 6 -17 -19 21 0 2 17 6 1 -21 -5 12 -13 7 14 -21 21 
2 -18 4 18 -16 18 21 20 -18 19 21 -9 6 -1 -8 14 14 -4 11 4 
4 -6 2 9 20 7 7 14 10 -20 -12 19 16 18 6 -13 2 13 6 1 
-5 19 7 3 1 17 -8 14 -16 8 16 17 0 8 2 20 11 9 5 3 
18 1 -2 20 13 8 19 -16 2 -15 4 2 5 8 -17 18 9 11 10 18 
16 9 -20 5 -11 0 12 14 6 8 3 -17 6 17 9 -12 7 1 17 12 
42
1
17 18
2 1
0
0
