20 20
14 5 -20 15 -8 4 8 12 8 -22 -6 12 19 16 4 5 10 9 13 18 
17 -7 3 11 22 -12 4 -22 10 -17 13 -14 10 1 22 4 -15 12 -10 7 
-18 6 8 20 11 -2 10 2 6 -22 -18 -2 10 -13 12 3 -9 5 11 7 
8 22 2 3 -10 1 13 11 11 -22 13 8 20 3 -10 12 -10 1 13 21 
8 5 3 -2 19 2 13 -1 10 -21 13 22 7 9 19 12 19 13 10 7 
-20 16 19 -13 10 1 21 16 17 -11 17 -20 5 14 13 19 -6 -22 1 14 
17 -7 19 16 18 4 4 7 12 11 -2 11 17 -2 -19 16 21 18 -5 10 
18 -19 17 9 9 1 -18 8 20 -7 17 -9 4 2 4 4 8 3 -19 13 
14 -1 15 21 6 17 22 -14 20 20 5 21 14 7 18 1 1 6 12 17 
7 8 10 4 18 4 2 10 6 11 -19 15 14 7 6 13 -16 0 2 15 
15 2 0 -16 13 6 7 14 15 -19 11 6 10 2 4 18 4 10 8 7 
17 12 6 1 1 18 7 14 21 5 20 20 -14 22 17 6 21 15 -1 14 
13 -19 3 8 4 4 2 4 -9 17 -7 20 8 -18 1 9 9 17 -19 18 
10 -5 18 21 16 -19 -2 17 11 -2 11 12 7 4 4 18 16 19 -7 17 
14 1 -22 -6 19 13 14 5 -20 17 -11 17 16 21 1 10 -13 19 16 -20 
7 10 13 19 12 19 9 7 22 13 -21 10 -1 13 2 19 -2 3 5 8 
21 13 1 -10 12 -10 3 20 8 13 -22 11 11 13 1 -10 3 2 22 8 
7 11 5 -9 3 12 -13 10 -2 -18 -22 6 2 10 -2 11 20 8 6 -18 
7 -10 12 -15 4 22 1 10 -14 13 -17 10 -22 4 -12 22 11 3 -7 17 
18 13 9 10 5 4 16 19 12 -6 -22 8 12 8 4 -8 15 -20 5 14 
157
1
14 16
5 3
0
0
