20 20
27 -3 5 7 8 17 -28 11 12 16 -7 3 6 -24 25 -14 -8 10 -20 2 
28 9 -12 26 24 11 28 25 4 -3 -17 -24 15 -11 21 8 -24 6 12 -19 
-25 -4 -23 15 16 -22 2 14 20 19 20 -20 -23 8 25 -15 -28 -20 8 2 
9 7 23 -12 -18 14 22 18 13 21 12 25 -24 28 8 -17 -27 27 -16 10 
18 23 18 1 0 1 1 8 26 11 16 8 19 10 20 22 26 11 11 26 
22 -7 0 -13 2 -9 22 4 25 6 16 3 25 17 3 1 15 -1 10 26 
21 1 7 22 -15 25 3 -17 20 2 -4 6 6 26 19 8 5 15 22 19 
18 22 -3 -26 0 18 27 23 11 -19 19 -16 14 -2 17 1 16 23 -7 4 
9 20 -24 5 -17 1 15 6 26 23 8 11 3 19 20 -10 14 -26 26 2 
-12 8 13 24 28 -22 1 14 -10 22 5 16 -21 22 -24 26 18 -24 22 -19 
-19 22 -24 18 26 -24 22 -21 16 5 22 -10 14 1 -22 28 24 13 8 -12 
2 26 -26 14 -10 20 19 3 11 8 23 26 6 15 1 -17 5 -24 20 9 
4 -7 23 16 1 17 -2 14 -16 19 -19 11 23 27 18 0 -26 -3 22 18 
19 22 15 5 8 19 26 6 6 -4 2 20 -17 3 25 -15 22 7 1 21 
26 10 -1 15 1 3 17 25 3 16 6 25 4 22 -9 2 -13 0 -7 22 
26 11 11 26 22 20 10 19 8 16 11 26 8 1 1 0 1 18 23 18 
10 -16 27 -27 -17 8 28 -24 25 12 21 13 18 22 14 -18 -12 23 7 9 
2 8 -20 -28 -15 25 8 -23 -20 20 19 20 14 2 -22 16 15 -23 -4 -25 
-19 12 6 -24 8 21 -11 15 -24 -17 -3 4 25 28 11 24 26 -12 9 28 
2 -20 10 -8 -14 25 -24 6 3 -7 16 12 11 -28 17 8 7 5 -3 27 
72
1
16 13
3 6
0
0
