20 20
-6 11 9 7 5 -12 10 7 6 15 15 -5 -13 1 8 2 2 11 -7 15 
7 4 3 4 10 1 10 2 7 15 1 14 15 12 12 0 1 8 1 10 
1 -1 6 6 7 -10 15 -4 -15 7 -15 0 1 8 11 -5 0 8 10 -3 
-5 -4 10 6 3 10 8 9 14 3 -5 -14 5 3 -11 15 1 3 5 -13 
-14 11 4 12 5 14 12 7 8 -2 3 6 4 -11 1 15 6 8 1 -2 
1 11 -15 2 -4 15 10 8 9 5 -2 11 4 5 -7 15 15 8 -14 9 
2 6 3 6 10 -1 -8 14 0 -1 12 11 3 1 5 -13 1 14 13 11 
-3 15 -5 -11 -14 1 4 -1 -14 -7 -15 3 6 11 6 12 10 7 -2 9 
5 11 4 -11 13 12 9 6 13 3 11 -13 2 10 8 1 -11 10 0 3 
15 12 4 4 -4 3 -3 9 13 -1 -8 6 2 13 -10 -8 1 -13 -13 14 
14 -13 -13 1 -8 -10 13 2 6 -8 -1 13 9 -3 3 -4 4 4 12 15 
3 0 10 -11 1 8 10 2 -13 11 3 13 6 9 12 13 -11 4 11 5 
9 -2 7 10 12 6 11 6 3 -15 -7 -14 -1 4 1 -14 -11 -5 15 -3 
11 13 14 1 -13 5 1 3 11 12 -1 0 14 -8 -1 10 6 3 6 2 
9 -14 8 15 15 -7 5 4 11 -2 5 9 8 10 15 -4 2 -15 11 1 
-2 1 8 6 15 1 -11 4 6 3 -2 8 7 12 14 5 12 4 11 -14 
-13 5 3 1 15 -11 3 5 -14 -5 3 14 9 8 10 3 6 10 -4 -5 
-3 10 8 0 -5 11 8 1 0 -15 7 -15 -4 15 -10 7 6 6 -1 1 
10 1 8 1 0 12 12 15 14 1 15 7 2 10 1 10 4 3 4 7 
15 -7 11 2 2 8 1 -13 -5 15 15 6 7 10 -12 5 7 9 11 -6 
52
1
6 0
13 19
0
0
