20 20
6 12 9 10 1 -1 2 4 3 1 1 5 -11 0 6 -1 -12 -10 7 6 
12 1 11 8 11 6 3 -9 8 11 12 4 11 5 10 6 7 -10 5 -7 
3 -8 -5 3 12 1 5 12 12 6 7 9 7 9 -9 11 10 11 0 7 
6 2 4 7 1 2 9 -11 8 -6 5 10 8 10 11 3 1 5 -12 -12 
0 -11 4 -8 -12 4 11 1 11 5 7 6 6 3 4 0 10 -3 -1 0 
8 12 10 2 11 5 12 6 -1 -5 10 10 -12 11 7 0 -10 11 10 -5 
3 -5 7 11 4 3 11 -11 4 -10 6 -10 -10 10 -9 2 9 -7 -4 4 
-4 7 4 1 4 12 12 3 2 12 10 10 8 6 -4 10 7 8 5 7 
1 10 9 1 3 -12 -6 -10 9 9 0 -10 11 0 11 -12 1 5 -2 5 
3 11 -3 -2 4 1 3 0 7 -5 6 6 -12 7 11 7 2 4 5 5 
5 5 4 2 7 11 7 -12 6 6 -5 7 0 3 1 4 -2 -3 11 3 
5 -2 5 1 -12 11 0 11 -10 0 9 9 -10 -6 -12 3 1 9 10 1 
7 5 8 7 10 -4 6 8 10 10 12 2 3 12 12 4 1 4 7 -4 
4 -4 -7 9 2 -9 10 -10 -10 6 -10 4 -11 11 3 4 11 7 -5 3 
-5 10 11 -10 0 7 11 -12 10 10 -5 -1 6 12 5 11 2 10 12 8 
0 -1 -3 10 0 4 3 6 6 7 5 11 1 11 4 -12 -8 4 -11 0 
-12 -12 5 1 3 11 10 8 10 5 -6 8 -11 9 2 1 7 4 2 6 
7 0 11 10 11 -9 9 7 9 7 6 12 12 5 1 12 3 -5 -8 3 
-7 5 -10 7 6 10 5 11 4 12 11 8 -9 3 6 11 8 11 1 12 
6 7 -10 -12 -1 6 0 -11 5 1 1 3 4 2 -1 1 10 9 12 6 
34
1
11 12
8 7
0
0
