20 20
-9 14 0 12 12 14 -5 5 13 8 1 3 10 15 7 -6 5 17 6 -3 
10 -14 2 3 -17 15 9 2 6 16 13 -10 4 10 -6 15 5 16 2 11 
17 -2 13 11 8 -16 -16 5 2 16 -5 6 7 -3 5 8 13 11 15 15 
-15 11 0 -7 4 1 16 0 12 2 -7 3 15 8 9 4 1 13 0 2 
6 3 -15 17 9 5 -3 11 16 2 11 5 2 -15 4 12 -11 17 5 -16 
6 -13 5 -3 -12 -9 0 4 -15 4 10 -1 15 5 -10 8 12 -7 2 0 
12 15 11 4 3 -12 16 0 17 15 3 10 14 14 3 13 -17 15 17 4 
-15 -9 10 15 3 -3 16 15 2 15 17 4 16 13 -4 8 12 3 12 -1 
-9 14 4 -14 -9 -17 -4 0 -2 10 17 7 11 5 -10 12 -5 7 10 7 
7 -16 -9 15 1 7 3 9 9 -8 7 11 -9 15 -16 -6 10 17 -14 -12 
-12 -14 17 10 -6 -16 15 -9 11 7 -8 9 9 3 7 1 15 -9 -16 7 
7 10 7 -5 12 -10 5 11 7 17 10 -2 0 -4 -17 -9 -14 4 14 -9 
-1 12 3 12 8 -4 13 16 4 17 15 2 15 16 -3 3 15 10 -9 -15 
4 17 15 -17 13 3 14 14 10 3 15 17 0 16 -12 3 4 11 15 12 
0 2 -7 12 8 -10 5 15 -1 10 4 -15 4 0 -9 -12 -3 5 -13 6 
-16 5 17 -11 12 4 -15 2 5 11 2 16 11 -3 5 9 17 -15 3 6 
2 0 13 1 4 9 8 15 3 -7 2 12 0 16 1 4 -7 0 11 -15 
15 15 11 13 8 5 -3 7 6 -5 16 2 5 -16 -16 8 11 13 -2 17 
11 2 16 5 15 -6 10 4 -10 13 16 6 2 9 15 -17 3 2 -14 10 
-3 6 17 5 -6 7 15 10 3 1 8 13 5 -5 14 12 12 0 14 -9 
83
1
5 18
14 1
0
0
