20 20
21 10 29 18 -13 9 5 -11 -15 13 8 15 -11 20 25 25 -12 28 -23 -7 
22 -19 -21 30 20 27 28 0 -19 -12 -8 27 5 24 -1 15 4 -13 18 22 
-8 28 13 -29 8 26 6 -20 14 0 5 -17 -1 2 14 -5 -25 22 4 -4 
2 -12 -29 26 26 -3 -7 24 27 18 3 16 16 10 -29 12 1 13 0 26 
1 9 4 29 22 -29 23 -25 8 -30 7 22 22 24 -1 0 6 24 -25 2 
3 9 -27 8 8 -11 29 10 29 -8 14 7 8 23 27 10 19 8 30 27 
-24 4 4 25 18 21 23 20 26 15 3 27 -2 -15 7 12 18 29 -16 -23 
23 21 9 27 -23 -2 6 5 19 -9 18 21 1 9 -11 3 16 7 -8 14 
24 -1 6 14 5 14 28 4 -5 23 22 21 -21 20 -18 22 -14 28 11 19 
22 21 17 -2 8 20 -12 17 2 30 1 -5 6 24 15 5 -15 13 3 8 
8 3 13 -15 5 15 24 6 -5 1 30 2 17 -12 20 8 -2 17 21 22 
19 11 28 -14 22 -18 20 -21 21 22 23 -5 4 28 14 5 14 6 -1 24 
14 -8 7 16 3 -11 9 1 21 18 -9 19 5 6 -2 -23 27 9 21 23 
-23 -16 29 18 12 7 -15 -2 27 3 15 26 20 23 21 18 25 4 4 -24 
27 30 8 19 10 27 23 8 7 14 -8 29 10 29 -11 8 8 -27 9 3 
2 -25 24 6 0 -1 24 22 22 7 -30 8 -25 23 -29 22 29 4 9 1 
26 0 13 1 12 -29 10 16 16 3 18 27 24 -7 -3 26 26 -29 -12 2 
-4 4 22 -25 -5 14 2 -1 -17 5 0 14 -20 6 26 8 -29 13 28 -8 
22 18 -13 4 15 -1 24 5 27 -8 -12 -19 0 28 27 20 30 -21 -19 22 
-7 -23 28 -12 25 25 20 -11 15 8 13 -15 -11 5 9 -13 18 29 10 21 
94
1
11 3
8 16
0
0
