20 20
-1 4 6 -8 8 -12 8 -7 5 10 -2 12 13 9 2 -7 -11 12 6 6 
-8 0 5 12 6 11 12 10 13 8 8 9 10 -1 -9 0 5 -14 10 7 
10 4 -4 6 9 10 6 -8 0 11 1 0 11 12 -3 -12 13 6 10 3 
-14 1 3 -10 5 1 -3 8 -3 -1 10 -11 -2 6 9 12 2 2 3 1 
10 -4 14 3 10 12 3 3 2 9 12 11 2 -6 8 9 13 1 6 -1 
-3 7 7 3 4 13 14 14 13 14 7 4 7 -11 4 2 14 -14 5 8 
12 -8 11 3 12 -14 5 -1 -14 11 11 -6 12 -7 -14 11 14 -5 5 7 
-12 9 14 -10 10 13 11 6 13 10 -9 -1 10 -10 2 4 13 -5 -8 1 
11 2 11 6 5 5 2 9 9 7 -8 2 1 9 11 6 -4 -6 -11 0 
14 -7 -1 -2 14 1 5 -11 2 4 -11 -4 6 -12 6 2 5 7 1 0 
0 1 7 5 2 6 -12 6 -4 -11 4 2 -11 5 1 14 -2 -1 -7 14 
0 -11 -6 -4 6 11 9 1 2 -8 7 9 9 2 5 5 6 11 2 11 
1 -8 -5 13 4 2 -10 10 -1 -9 10 13 6 11 13 10 -10 14 9 -12 
7 5 -5 14 11 -14 -7 12 -6 11 11 -14 -1 5 -14 12 3 11 -8 12 
8 5 -14 14 2 4 -11 7 4 7 14 13 14 14 13 4 3 7 7 -3 
-1 6 1 13 9 8 -6 2 11 12 9 2 3 3 12 10 3 14 -4 10 
1 3 2 2 12 9 6 -2 -11 10 -1 -3 8 -3 1 5 -10 3 1 -14 
3 10 6 13 -12 -3 12 11 0 1 11 0 -8 6 10 9 6 -4 4 10 
7 10 -14 5 0 -9 -1 10 9 8 8 13 10 12 11 6 12 5 0 -8 
6 6 12 -11 -7 2 9 13 12 -2 10 5 -7 8 -12 8 -8 6 4 -1 
97
1
19 6
0 13
0
0
