20 20
3 4 2 3 14 5 13 -6 6 5 12 10 10 0 -12 -11 -9 3 -14 9 
3 5 2 -7 1 1 1 13 14 14 -11 9 14 2 11 -11 10 10 10 -5 
0 -1 -7 2 7 6 12 2 3 1 13 5 -14 8 3 8 -4 -8 2 12 
2 14 -9 6 -9 4 6 -2 -13 12 11 4 1 1 8 12 8 10 13 10 
14 6 1 10 14 7 -2 -1 -9 -9 6 13 14 9 5 -11 1 8 1 10 
9 14 4 1 7 1 -2 13 6 3 14 8 2 9 10 7 10 8 14 10 
6 -13 2 4 0 1 14 7 13 -1 -12 12 3 1 8 5 2 12 8 9 
7 7 11 13 0 3 -3 9 -4 -7 -6 7 14 8 1 -10 6 1 9 11 
-11 -2 11 -3 9 9 13 13 3 14 -13 -7 3 2 12 12 4 2 6 2 
13 14 -12 -7 -2 7 4 -10 13 13 14 1 14 0 1 13 4 -4 9 0 
0 9 -4 4 13 1 0 14 1 14 13 13 -10 4 7 -2 -7 -12 14 13 
2 6 2 4 12 12 2 3 -7 -13 14 3 13 13 9 9 -3 11 -2 -11 
11 9 1 6 -10 1 8 14 7 -6 -7 -4 9 -3 3 0 13 11 7 7 
9 8 12 2 5 8 1 3 12 -12 -1 13 7 14 1 0 4 2 -13 6 
10 14 8 10 7 10 9 2 8 14 3 6 13 -2 1 7 1 4 14 9 
10 1 8 1 -11 5 9 14 13 6 -9 -9 -1 -2 7 14 10 1 6 14 
10 13 10 8 12 8 1 1 4 11 12 -13 -2 6 4 -9 6 -9 14 2 
12 2 -8 -4 8 3 8 -14 5 13 1 3 2 12 6 7 2 -7 -1 0 
-5 10 10 10 -11 11 2 14 9 -11 14 14 13 1 1 1 -7 2 5 3 
9 -14 3 -9 -11 -12 0 10 10 12 5 6 -6 13 5 14 3 2 4 3 
84
1
15 19
4 0
0
0
