20 20
8 5 12 10 -5 4 -16 5 0 14 12 15 13 -18 2 15 9 -10 13 -15 
-9 -4 7 4 8 1 -8 9 6 3 7 -1 11 1 17 12 16 3 16 18 
16 9 17 10 0 6 16 11 -14 1 4 12 -17 5 -14 -15 12 16 13 4 
4 16 13 -11 4 16 4 -7 15 13 12 13 9 17 13 0 3 16 10 16 
13 7 13 8 -18 13 10 15 0 -16 8 14 -5 9 -1 6 -13 3 11 -7 
-7 11 13 -16 11 -13 8 2 0 -8 16 2 -8 9 17 -1 17 5 6 9 
17 -18 4 -16 4 -14 -8 -11 13 -15 12 -9 6 -10 18 10 18 7 -14 4 
13 3 8 13 7 14 17 10 8 9 15 -18 -18 -10 -4 17 4 13 -1 8 
11 14 -5 7 11 9 2 15 6 -14 10 -4 10 14 12 8 3 2 -9 2 
9 -16 15 11 15 14 -11 7 -8 -11 -1 17 3 12 9 -15 -12 16 10 12 
12 10 16 -12 -15 9 12 3 17 -1 -11 -8 7 -11 14 15 11 15 -16 9 
2 -9 2 3 8 12 14 10 -4 10 -14 6 15 2 9 11 7 -5 14 11 
8 -1 13 4 17 -4 -10 -18 -18 15 9 8 10 17 14 7 13 8 3 13 
4 -14 7 18 10 18 -10 6 -9 12 -15 13 -11 -8 -14 4 -16 4 -18 17 
9 6 5 17 -1 17 9 -8 2 16 -8 0 2 8 -13 11 -16 13 11 -7 
-7 11 3 -13 6 -1 9 -5 14 8 -16 0 15 10 13 -18 8 13 7 13 
16 10 16 3 0 13 17 9 13 12 13 15 -7 4 16 4 -11 13 16 4 
4 13 16 12 -15 -14 5 -17 12 4 1 -14 11 16 6 0 10 17 9 16 
18 16 3 16 12 17 1 11 -1 7 3 6 9 -8 1 8 4 7 -4 -9 
-15 13 -10 9 15 2 -18 13 15 12 14 0 5 -16 4 -5 10 12 5 8 
128
1
13 11
6 8
0
0
