20 20
24 -25 -6 14 12 13 16 5 1 -23 17 5 21 18 3 23 -20 6 17 19 
7 22 -13 -16 9 8 20 -2 22 -17 25 2 15 -23 -17 17 8 20 -15 -19 
-21 14 23 24 -4 20 -11 3 3 -2 16 16 8 6 23 17 -19 3 10 3 
-13 25 1 -4 11 4 16 -19 9 -12 8 -17 11 14 24 17 3 -1 16 -8 
25 20 18 -12 10 0 5 17 -5 25 16 6 18 24 5 -17 9 15 -12 19 
13 8 18 -22 4 4 7 11 -12 17 21 25 -8 16 14 5 -20 22 14 21 
-19 14 -11 18 -3 21 2 22 3 17 10 -24 25 20 13 24 22 14 22 2 
8 17 20 -22 -24 21 2 0 22 24 6 1 6 -23 5 0 -24 16 -2 4 
24 18 17 4 12 13 -16 9 23 24 24 1 14 -21 12 -21 21 3 -5 12 
3 -11 24 9 20 1 20 0 -11 1 12 12 5 18 -21 8 5 11 -3 -12 
-12 -3 11 5 8 -21 18 5 12 12 1 -11 0 20 1 20 9 24 -11 3 
12 -5 3 21 -21 12 -21 14 1 24 24 23 9 -16 13 12 4 17 18 24 
4 -2 16 -24 0 5 -23 6 1 6 24 22 0 2 21 -24 -22 20 17 8 
2 22 14 22 24 13 20 25 -24 10 17 3 22 2 21 -3 18 -11 14 -19 
21 14 22 -20 5 14 16 -8 25 21 17 -12 11 7 4 4 -22 18 8 13 
19 -12 15 9 -17 5 24 18 6 16 25 -5 17 5 0 10 -12 18 20 25 
-8 16 -1 3 17 24 14 11 -17 8 -12 9 -19 16 4 11 -4 1 25 -13 
3 10 3 -19 17 23 6 8 16 16 -2 3 3 -11 20 -4 24 23 14 -21 
-19 -15 20 8 17 -17 -23 15 2 25 -17 22 -2 20 8 9 -16 -13 22 7 
19 17 6 -20 23 3 18 21 5 17 -23 1 5 16 13 12 14 -6 -25 24 
156
1
0 7
19 12
0
0
