20 20
0 20 10 7 3 10 4 -20 15 20 11 13 7 18 7 10 15 9 4 19 
13 2 21 19 -2 17 15 16 -3 -12 11 5 2 -10 -21 15 -2 -7 -15 12 
13 20 0 0 -5 9 3 -14 10 -18 5 10 -11 8 17 13 -6 6 13 -21 
3 8 5 -20 8 9 19 9 -5 4 3 -7 -18 3 11 3 7 -1 18 5 
-19 2 3 -8 5 18 13 10 19 8 4 19 -18 -19 7 3 20 7 17 13 
19 16 18 -17 -17 16 16 0 -1 11 7 10 -14 12 6 13 21 21 19 -17 
16 9 16 -4 17 17 7 -7 -19 4 -9 -15 18 8 15 -19 18 19 -19 13 
21 3 11 9 4 16 1 5 2 14 0 20 -20 -2 10 14 7 1 9 20 
11 -9 1 11 -3 11 10 4 -4 18 18 14 3 19 -3 17 14 18 9 11 
16 7 -8 -4 5 10 -2 6 15 3 18 -11 -4 10 10 13 21 11 3 8 
8 3 11 21 13 10 10 -4 -11 18 3 15 6 -2 10 5 -4 -8 7 16 
11 9 18 14 17 -3 19 3 14 18 18 -4 4 10 11 -3 11 1 -9 11 
20 9 1 7 14 10 -2 -20 20 0 14 2 5 1 16 4 9 11 3 21 
13 -19 19 18 -19 15 8 18 -15 -9 4 -19 -7 7 17 17 -4 16 9 16 
-17 19 21 21 13 6 12 -14 10 7 11 -1 0 16 16 -17 -17 18 16 19 
13 17 7 20 3 7 -19 -18 19 4 8 19 10 13 18 5 -8 3 2 -19 
5 18 -1 7 3 11 3 -18 -7 3 4 -5 9 19 9 8 -20 5 8 3 
-21 13 6 -6 13 17 8 -11 10 5 -18 10 -14 3 9 -5 0 0 20 13 
12 -15 -7 -2 15 -21 -10 2 5 11 -12 -3 16 15 17 -2 19 21 2 13 
19 4 9 15 10 7 18 7 13 11 20 15 -20 4 10 3 7 10 20 0 
50
1
18 12
1 7
0
0
