20 20
0 18 2 23 19 20 18 16 -20 22 -9 21 0 18 19 7 -3 22 18 13 
14 13 15 7 2 16 -14 20 4 14 23 2 18 22 21 14 23 23 7 0 
7 -2 23 21 16 19 9 21 -20 23 2 7 10 11 -7 10 2 18 15 13 
5 16 18 11 22 12 21 19 12 10 22 19 10 8 1 -19 -19 -5 19 17 
21 9 6 13 3 6 18 8 14 0 19 20 -15 17 20 -4 -4 14 4 -19 
-1 14 14 14 -15 -7 -9 -18 -5 22 12 7 0 18 14 15 10 -3 22 4 
4 21 3 15 2 14 21 -18 -1 4 22 13 2 14 6 -19 20 13 17 1 
19 0 -2 20 2 13 12 -14 11 5 -19 -18 2 13 2 23 13 5 4 8 
9 20 23 -8 19 5 4 9 2 17 1 17 5 21 9 18 6 22 13 8 
-19 2 15 21 15 13 6 10 14 4 3 10 18 15 16 4 -8 13 4 16 
16 4 13 -8 4 16 15 18 10 3 4 14 10 6 13 15 21 15 2 -19 
8 13 22 6 18 9 21 5 17 1 17 2 9 4 5 19 -8 23 20 9 
8 4 5 13 23 2 13 2 -18 -19 5 11 -14 12 13 2 20 -2 0 19 
1 17 13 20 -19 6 14 2 13 22 4 -1 -18 21 14 2 15 3 21 4 
4 22 -3 10 15 14 18 0 7 12 22 -5 -18 -9 -7 -15 14 14 14 -1 
-19 4 14 -4 -4 20 17 -15 20 19 0 14 8 18 6 3 13 6 9 21 
17 19 -5 -19 -19 1 8 10 19 22 10 12 19 21 12 22 11 18 16 5 
13 15 18 2 10 -7 11 10 7 2 23 -20 21 9 19 16 21 23 -2 7 
0 7 23 23 14 21 22 18 2 23 14 4 20 -14 16 2 7 15 13 14 
13 18 22 -3 7 19 18 0 21 -9 22 -20 16 18 20 19 23 2 18 0 
65
1
13 4
6 15
0
0
