20 20
13 -23 -1 22 18 -7 25 26 19 21 11 22 24 1 -13 20 -1 16 -1 3 
19 -21 8 9 -1 12 7 13 21 12 3 16 -7 18 12 -9 12 -12 10 25 
1 -9 -7 15 7 21 1 10 -24 12 1 18 11 -14 24 20 -6 22 11 8 
12 12 -15 12 4 8 4 -15 5 27 -15 -5 16 -24 -8 -9 0 22 13 3 
21 -4 -26 -23 22 -27 17 1 -12 -19 -15 -21 3 -1 6 -13 0 16 19 1 
16 20 -19 9 19 -13 -7 -25 12 26 7 0 -25 24 11 5 21 7 16 9 
-4 -11 24 3 24 9 25 20 22 11 15 3 26 10 -18 24 -5 24 -20 22 
23 27 2 13 12 18 -9 8 6 -24 23 1 21 23 25 7 -10 4 24 9 
16 -17 -15 21 3 8 10 22 -7 -19 26 18 23 -3 6 -9 14 23 -9 -26 
-7 -17 17 24 17 -10 22 5 0 26 -4 7 -12 7 18 7 6 13 11 1 
1 11 13 6 7 18 7 -12 7 -4 26 0 5 22 -10 17 24 17 -17 -7 
-26 -9 23 14 -9 6 -3 23 18 26 -19 -7 22 10 8 3 21 -15 -17 16 
9 24 4 -10 7 25 23 21 1 23 -24 6 8 -9 18 12 13 2 27 23 
22 -20 24 -5 24 -18 10 26 3 15 11 22 20 25 9 24 3 24 -11 -4 
9 16 7 21 5 11 24 -25 0 7 26 12 -25 -7 -13 19 9 -19 20 16 
1 19 16 0 -13 6 -1 3 -21 -15 -19 -12 1 17 -27 22 -23 -26 -4 21 
3 13 22 0 -9 -8 -24 16 -5 -15 27 5 -15 4 8 4 12 -15 12 12 
8 11 22 -6 20 24 -14 11 18 1 12 -24 10 1 21 7 15 -7 -9 1 
25 10 -12 12 -9 12 18 -7 16 3 12 21 13 7 12 -1 9 8 -21 19 
3 -1 16 -1 20 -13 1 24 22 11 21 19 26 25 -7 18 22 -1 -23 13 
89
1
15 6
4 13
0
0
