20 20
9 -10 8 15 6 3 4 2 10 0 11 3 14 1 4 13 -10 3 13 2 
0 -8 14 -4 9 10 13 10 5 11 14 7 4 3 8 12 4 -9 13 13 
-1 15 4 0 14 8 7 15 2 -11 5 8 6 9 15 5 14 13 14 2 
-14 -9 12 13 14 1 10 9 10 2 14 -15 15 1 12 15 6 -7 13 1 
2 15 8 10 -4 -6 -10 6 5 11 3 10 3 -13 6 -4 0 9 11 -1 
12 9 -5 10 0 -6 5 -3 0 -7 -13 2 5 9 5 8 5 6 -11 2 
-10 11 -14 12 5 2 -12 -8 9 7 2 9 10 10 -12 1 9 2 2 15 
11 -4 6 7 6 1 8 6 -13 4 -5 5 5 -12 -2 3 13 0 1 6 
1 13 3 10 10 -4 3 1 4 13 6 5 4 5 15 4 5 11 7 -14 
3 15 12 1 -4 13 -8 13 13 2 5 2 13 11 2 12 12 7 6 4 
4 6 7 12 12 2 11 13 2 5 2 13 13 -8 13 -4 1 12 15 3 
-14 7 11 5 4 15 5 4 5 6 13 4 1 3 -4 10 10 3 13 1 
6 1 0 13 3 -2 -12 5 5 -5 4 -13 6 8 1 6 7 6 -4 11 
15 2 2 9 1 -12 10 10 9 2 7 9 -8 -12 2 5 12 -14 11 -10 
2 -11 6 5 8 5 9 5 2 -13 -7 0 -3 5 -6 0 10 -5 9 12 
-1 11 9 0 -4 6 -13 3 10 3 11 5 6 -10 -6 -4 10 8 15 2 
1 13 -7 6 15 12 1 15 -15 14 2 10 9 10 1 14 13 12 -9 -14 
2 14 13 14 5 15 9 6 8 5 -11 2 15 7 8 14 0 4 15 -1 
13 13 -9 4 12 8 3 4 7 14 11 5 10 13 10 9 -4 14 -8 0 
2 13 3 -10 13 4 1 14 3 11 0 10 2 4 3 6 15 8 -10 9 
168
1
19 12
0 7
0
0
