20 20
-19 0 9 0 -13 -27 4 22 13 -23 -11 -22 27 4 -27 -12 19 -23 24 19 
27 13 26 26 4 5 9 20 1 27 -18 -11 21 14 -26 17 -25 20 13 25 
-16 25 1 2 4 -27 22 -25 -27 11 18 4 15 12 23 26 3 15 3 14 
6 23 17 27 14 19 18 -12 26 5 26 3 5 -14 -17 -18 13 14 26 4 
19 6 21 22 26 -13 -9 -7 8 2 1 -16 15 -19 -8 -17 18 -18 9 23 
-2 15 2 10 21 12 19 6 14 15 24 -13 17 24 26 2 12 -9 3 -2 
25 17 22 27 -12 11 12 25 -17 17 -1 -21 25 -9 10 -22 -19 14 -9 -14 
21 1 23 -2 25 0 14 6 5 19 23 5 22 25 0 23 22 2 5 -20 
9 4 7 20 -26 13 26 -17 -18 0 9 -12 12 24 -19 8 18 12 13 15 
14 -16 21 1 -27 20 6 4 8 1 -3 24 16 3 20 -22 20 7 27 2 
2 27 7 20 -22 20 3 16 24 -3 1 8 4 6 20 -27 1 21 -16 14 
15 13 12 18 8 -19 24 12 -12 9 0 -18 -17 26 13 -26 20 7 4 9 
-20 5 2 22 23 0 25 22 5 23 19 5 6 14 0 25 -2 23 1 21 
-14 -9 14 -19 -22 10 -9 25 -21 -1 17 -17 25 12 11 -12 27 22 17 25 
-2 3 -9 12 2 26 24 17 -13 24 15 14 6 19 12 21 10 2 15 -2 
23 9 -18 18 -17 -8 -19 15 -16 1 2 8 -7 -9 -13 26 22 21 6 19 
4 26 14 13 -18 -17 -14 5 3 26 5 26 -12 18 19 14 27 17 23 6 
14 3 15 3 26 23 12 15 4 18 11 -27 -25 22 -27 4 2 1 25 -16 
25 13 20 -25 17 -26 14 21 -11 -18 27 1 20 9 5 4 26 26 13 27 
19 24 -23 19 -12 -27 4 27 -22 -11 -23 13 22 4 -27 -13 0 9 0 -19 
172
1
15 13
4 6
0
0
