20 20
22 23 -1 7 17 21 -17 20 10 18 -20 5 7 5 0 -5 13 -19 9 11 
-18 10 11 8 23 19 22 4 -10 12 0 17 -3 14 3 21 14 -4 -12 -10 
17 12 9 5 19 -20 -8 5 19 -11 12 13 7 23 16 2 11 3 15 8 
-17 6 23 8 -4 15 12 2 10 0 18 1 22 7 22 7 -7 0 6 4 
-15 15 -13 10 15 -3 -8 6 -12 20 15 9 4 20 16 4 -7 1 -6 9 
13 -19 19 23 0 -18 22 19 23 18 9 12 13 19 9 -8 7 -16 14 20 
9 15 -2 23 13 6 -3 21 4 -14 -19 3 12 14 14 21 2 -9 17 6 
21 5 10 17 23 -2 6 12 9 -3 21 23 -11 5 -14 -14 22 -18 12 7 
23 5 14 5 15 3 6 -10 9 3 3 10 0 19 1 12 16 1 -13 23 
1 13 17 6 -13 5 -18 23 20 19 -11 1 12 5 -13 -18 23 10 18 18 
18 18 10 23 -18 -13 5 12 1 -11 19 20 23 -18 5 -13 6 17 13 1 
23 -13 1 16 12 1 19 0 10 3 3 9 -10 6 3 15 5 14 5 23 
7 12 -18 22 -14 -14 5 -11 23 21 -3 9 12 6 -2 23 17 10 5 21 
6 17 -9 2 21 14 14 12 3 -19 -14 4 21 -3 6 13 23 -2 15 9 
20 14 -16 7 -8 9 19 13 12 9 18 23 19 22 -18 0 23 19 -19 13 
9 -6 1 -7 4 16 20 4 9 15 20 -12 6 -8 -3 15 10 -13 15 -15 
4 6 0 -7 7 22 7 22 1 18 0 10 2 12 15 -4 8 23 6 -17 
8 15 3 11 2 16 23 7 13 12 -11 19 5 -8 -20 19 5 9 12 17 
-10 -12 -4 14 21 3 14 -3 17 0 12 -10 4 22 19 23 8 11 10 -18 
11 9 -19 13 -5 0 5 7 5 -20 18 10 20 -17 21 17 7 -1 23 22 
56
1
10 11
9 8
0
0
