20 20
11 10 6 3 7 -1 2 -11 15 14 1 4 -1 0 5 14 2 3 1 3 
9 8 -12 -8 5 4 5 6 14 -12 5 13 -1 -5 3 0 8 -15 4 0 
-4 5 12 0 -6 8 5 -4 15 11 4 1 7 -15 15 -10 5 1 6 -5 
3 7 4 11 -7 11 11 6 7 4 6 -2 6 -13 3 -5 -5 7 14 -4 
7 8 2 -13 1 5 9 4 13 5 5 10 -7 7 -4 -15 6 14 -9 5 
8 -10 -6 12 1 13 -1 9 7 5 5 -12 10 0 11 -3 0 15 -7 10 
14 11 -6 4 1 -13 10 10 1 3 4 10 4 8 12 10 -14 11 12 15 
15 7 0 -9 12 9 0 8 -7 14 2 8 -5 -4 9 10 -1 12 -4 -12 
10 4 4 10 12 -8 2 10 4 -10 -9 9 6 -3 13 6 11 -6 15 -8 
-11 -15 2 -4 -5 2 3 1 8 0 4 6 -2 -1 1 -2 9 13 12 7 
7 12 13 9 -2 1 -1 -2 6 4 0 8 1 3 2 -5 -4 2 -15 -11 
-8 15 -6 11 6 13 -3 6 9 -9 -10 4 10 2 -8 12 10 4 4 10 
-12 -4 12 -1 10 9 -4 -5 8 2 14 -7 8 0 9 12 -9 0 7 15 
15 12 11 -14 10 12 8 4 10 4 3 1 10 10 -13 1 4 -6 11 14 
10 -7 15 0 -3 11 0 10 -12 5 5 7 9 -1 13 1 12 -6 -10 8 
5 -9 14 6 -15 -4 7 -7 10 5 5 13 4 9 5 1 -13 2 8 7 
-4 14 7 -5 -5 3 -13 6 -2 6 4 7 6 11 11 -7 11 4 7 3 
-5 6 1 5 -10 15 -15 7 1 4 11 15 -4 5 8 -6 0 12 5 -4 
0 4 -15 8 0 3 -5 -1 13 5 -12 14 6 5 4 5 -8 -12 8 9 
3 1 3 2 14 5 0 -1 4 1 14 15 -11 2 -1 7 3 6 10 11 
129
1
12 6
7 13
0
0
