20 20
1 -10 10 2 4 1 11 15 4 15 -4 8 -8 -5 4 9 2 4 13 4 
5 3 12 0 11 -1 -13 -16 -12 -16 16 11 7 6 10 8 4 16 -10 4 
-9 8 6 14 4 5 8 3 -14 14 10 2 -13 4 -4 -4 5 7 13 3 
-16 12 15 -12 -3 0 15 8 5 11 10 -11 -7 1 -7 4 8 9 8 1 
15 1 13 6 9 7 6 6 -11 10 2 -11 9 3 -12 11 12 13 0 -3 
5 -7 0 12 -6 1 -14 4 8 5 2 -15 -1 8 11 -8 10 16 6 -11 
-8 9 4 12 15 -6 15 11 7 14 13 16 10 16 -4 14 12 10 16 15 
16 9 12 2 -8 -14 -12 14 11 9 9 10 -12 10 -15 -5 13 4 8 2 
-10 11 3 3 7 5 6 5 4 6 1 3 14 2 8 -11 14 5 16 9 
-3 11 -15 -2 7 -8 13 -3 -11 -8 3 1 8 10 12 2 -12 -2 16 9 
9 16 -2 -12 2 12 10 8 1 3 -8 -11 -3 13 -8 7 -2 -15 11 -3 
9 16 5 14 -11 8 2 14 3 1 6 4 5 6 5 7 3 3 11 -10 
2 8 4 13 -5 -15 10 -12 10 9 9 11 14 -12 -14 -8 2 12 9 16 
15 16 10 12 14 -4 16 10 16 13 14 7 11 15 -6 15 12 4 9 -8 
-11 6 16 10 -8 11 8 -1 -15 2 5 8 4 -14 1 -6 12 0 -7 5 
-3 0 13 12 11 -12 3 9 -11 2 10 -11 6 6 7 9 6 13 1 15 
1 8 9 8 4 -7 1 -7 -11 10 11 5 8 15 0 -3 -12 15 12 -16 
3 13 7 5 -4 -4 4 -13 2 10 14 -14 3 8 5 4 14 6 8 -9 
4 -10 16 4 8 10 6 7 11 16 -16 -12 -16 -13 -1 11 0 12 3 5 
4 13 4 2 9 4 -5 -8 8 -4 15 4 15 11 1 4 2 10 -10 1 
83
1
16 9
3 10
0
0
