20 20
3 -2 -23 14 6 -23 13 13 -9 20 7 -14 18 -22 -16 14 12 -4 13 21 
2 -13 4 -15 12 22 18 -15 -5 -23 -5 7 -22 16 15 -21 15 2 -14 2 
-12 -12 14 15 -6 -19 -20 20 -17 20 15 21 7 15 9 17 12 -14 10 19 
6 13 20 14 9 7 11 21 10 15 0 -23 5 -7 18 20 4 20 5 -20 
18 2 4 -18 6 16 12 -12 5 15 12 12 5 9 21 18 1 10 20 11 
9 12 6 11 -14 18 -17 7 1 16 8 23 10 23 -8 12 10 19 5 22 
5 3 15 4 -3 11 18 16 21 23 15 7 18 3 5 -1 2 17 1 -6 
0 3 23 23 5 -20 11 22 10 22 1 1 5 10 20 8 -19 2 -10 -15 
15 5 6 5 12 0 23 0 -17 4 6 12 20 4 3 9 19 22 7 9 
-9 21 16 3 4 19 17 14 10 7 2 9 -15 17 14 19 7 2 5 6 
6 5 2 7 19 14 17 -15 9 2 7 10 14 17 19 4 3 16 21 -9 
9 7 22 19 9 3 4 20 12 6 4 -17 0 23 0 12 5 6 5 15 
-15 -10 2 -19 8 20 10 5 1 1 22 10 22 11 -20 5 23 23 3 0 
-6 1 17 2 -1 5 3 18 7 15 23 21 16 18 11 -3 4 15 3 5 
22 5 19 10 12 -8 23 10 23 8 16 1 7 -17 18 -14 11 6 12 9 
11 20 10 1 18 21 9 5 12 12 15 5 -12 12 16 6 -18 4 2 18 
-20 5 20 4 20 18 -7 5 -23 0 15 10 21 11 7 9 14 20 13 6 
19 10 -14 12 17 9 15 7 21 15 20 -17 20 -20 -19 -6 15 14 -12 -12 
2 -14 2 15 -21 15 16 -22 7 -5 -23 -5 -15 18 22 12 -15 4 -13 2 
21 13 -4 12 14 -16 -22 18 -14 7 20 -9 13 13 -23 6 14 -23 -2 3 
138
1
19 12
0 7
0
0
