20 20
11 6 11 1 2 -9 1 5 9 6 -7 2 1 -9 -1 5 -5 3 -8 8 
-5 2 3 10 8 4 8 5 8 -10 5 9 -5 7 1 7 4 -11 0 11 
6 -9 7 1 3 -7 -2 6 -11 7 2 -6 -10 1 1 9 -1 2 11 -2 
3 2 -11 -10 -10 4 10 -2 2 1 4 1 -8 2 9 3 8 -3 8 9 
4 11 7 9 -11 8 5 7 3 9 9 11 8 -2 6 4 -3 9 7 -7 
11 2 3 1 6 1 3 3 3 5 11 5 7 -2 10 9 8 -8 7 4 
-8 9 -4 7 11 -7 8 10 3 4 5 11 -2 11 7 10 1 6 5 4 
9 7 5 0 6 0 3 1 -10 1 3 1 7 -10 10 10 4 1 11 4 
3 0 5 2 5 6 2 8 1 0 -9 9 -3 -1 -8 4 0 -3 5 1 
8 -8 10 -10 9 9 6 1 0 -2 2 6 3 1 1 9 9 -7 2 10 
10 2 -7 9 9 1 1 3 6 2 -2 0 1 6 9 9 -10 10 -8 8 
1 5 -3 0 4 -8 -1 -3 9 -9 0 1 8 2 6 5 2 5 0 3 
4 11 1 4 10 10 -10 7 1 3 1 -10 1 3 0 6 0 5 7 9 
4 5 6 1 10 7 11 -2 11 5 4 3 10 8 -7 11 7 -4 9 -8 
4 7 -8 8 9 10 -2 7 5 11 5 3 3 3 1 6 1 3 2 11 
-7 7 9 -3 4 6 -2 8 11 9 9 3 7 5 8 -11 9 7 11 4 
9 8 -3 8 3 9 2 -8 1 4 1 2 -2 10 4 -10 -10 -11 2 3 
-2 11 2 -1 9 1 1 -10 -6 2 7 -11 6 -2 -7 3 1 7 -9 6 
11 0 -11 4 7 1 7 -5 9 5 -10 8 5 8 4 8 10 3 2 -5 
8 -8 3 -5 5 -1 -9 1 2 -7 6 9 5 1 -9 2 1 11 6 11 
57
1
15 0
4 19
0
0
