20 20
11 2 3 9 6 9 1 -9 -1 13 -2 10 9 5 5 12 10 7 1 4 
-12 3 0 -10 13 -2 4 1 -11 1 12 8 -12 6 9 5 3 -1 4 12 
13 10 5 -12 8 8 6 12 9 -5 3 1 6 11 9 1 8 1 -9 -5 
1 4 1 13 -11 3 1 9 -11 0 3 -9 8 9 12 8 6 1 8 -7 
13 6 7 -6 10 -8 6 13 2 6 12 8 3 4 13 2 -8 -11 -7 9 
10 -7 7 1 1 -3 5 11 6 -3 11 -6 5 -8 9 12 7 5 -11 -4 
-11 12 10 6 10 7 3 9 10 7 12 2 1 6 1 4 2 -11 12 7 
5 1 -7 -11 1 -6 9 8 5 -1 -7 10 -12 -3 3 9 13 -12 -6 7 
7 3 8 9 9 10 7 13 6 -9 -12 13 -2 5 0 9 -11 2 8 12 
-1 -10 -5 11 9 1 -4 -9 -4 9 7 3 8 6 10 11 10 8 8 7 
7 8 8 10 11 10 6 8 3 7 9 -4 -9 -4 1 9 11 -5 -10 -1 
12 8 2 -11 9 0 5 -2 13 -12 -9 6 13 7 10 9 9 8 3 7 
7 -6 -12 13 9 3 -3 -12 10 -7 -1 5 8 9 -6 1 -11 -7 1 5 
7 12 -11 2 4 1 6 1 2 12 7 10 9 3 7 10 6 10 12 -11 
-4 -11 5 7 12 9 -8 5 -6 11 -3 6 11 5 -3 1 1 7 -7 10 
9 -7 -11 -8 2 13 4 3 8 12 6 2 13 6 -8 10 -6 7 6 13 
-7 8 1 6 8 12 9 8 -9 3 0 -11 9 1 3 -11 13 1 4 1 
-5 -9 1 8 1 9 11 6 1 3 -5 9 12 6 8 8 -12 5 10 13 
12 4 -1 3 5 9 6 -12 8 12 1 -11 1 4 -2 13 -10 0 3 -12 
4 1 7 10 12 5 5 9 10 -2 13 -1 -9 1 9 6 9 3 2 11 
58
1
5 16
14 3
0
0
