20 20
2 10 4 17 19 1 6 -17 11 17 -14 -17 1 16 15 14 16 0 9 -14 
4 10 -3 -9 9 -19 -3 5 17 -18 3 13 -11 16 1 -20 5 -18 19 14 
20 -4 3 5 20 10 -5 16 19 19 11 1 14 6 16 -1 -4 11 7 4 
6 1 -9 8 5 -18 4 5 10 16 6 5 -7 -15 -5 11 2 11 3 5 
20 16 10 16 13 11 7 6 18 2 19 11 8 18 2 8 17 14 12 19 
20 14 -15 1 12 20 13 11 17 11 3 -10 13 -2 0 7 9 3 15 13 
5 8 6 2 18 7 11 10 6 -13 8 1 10 20 15 11 3 9 2 3 
0 3 17 -16 -15 13 17 15 16 2 9 5 9 9 13 2 -20 13 -17 -8 
8 13 8 20 13 12 19 -14 9 20 9 0 3 -5 -1 -14 15 2 -20 5 
2 17 18 13 -2 4 6 2 14 9 3 8 20 3 3 19 3 8 1 8 
8 1 8 3 19 3 3 20 8 3 9 14 2 6 4 -2 13 18 17 2 
5 -20 2 15 -14 -1 -5 3 0 9 20 9 -14 19 12 13 20 8 13 8 
-8 -17 13 -20 2 13 9 9 5 9 2 16 15 17 13 -15 -16 17 3 0 
3 2 9 3 11 15 20 10 1 8 -13 6 10 11 7 18 2 6 8 5 
13 15 3 9 7 0 -2 13 -10 3 11 17 11 13 20 12 1 -15 14 20 
19 12 14 17 8 2 18 8 11 19 2 18 6 7 11 13 16 10 16 20 
5 3 11 2 11 -5 -15 -7 5 6 16 10 5 4 -18 5 8 -9 1 6 
4 7 11 -4 -1 16 6 14 1 11 19 19 16 -5 10 20 5 3 -4 20 
14 19 -18 5 -20 1 16 -11 13 3 -18 17 5 -3 -19 9 -9 -3 10 4 
-14 9 0 16 14 15 16 1 -17 -14 17 11 -17 6 1 19 17 4 10 2 
90
1
19 11
0 8
0
0
