20 20
21 9 21 3 0 -26 21 -5 22 16 -21 25 17 3 26 -5 11 21 -6 3 
26 18 23 22 22 18 -24 11 1 6 4 7 16 -7 -12 21 5 -25 7 -2 
10 12 20 12 23 19 3 7 20 12 17 4 -26 6 5 0 21 21 16 7 
-5 19 10 -3 11 2 11 20 19 -15 17 8 13 17 13 6 24 5 23 3 
-4 15 17 -9 7 20 21 14 1 16 -14 6 -1 8 5 0 -20 -13 22 13 
23 25 13 7 -25 4 17 13 24 23 -6 4 -2 14 19 -14 13 4 22 10 
4 2 -1 -17 4 -16 26 7 17 -13 22 8 -3 11 20 26 4 8 20 25 
-10 19 2 1 20 23 -6 1 10 4 10 11 -18 1 -17 3 17 -16 -6 -1 
9 -11 10 -15 -11 26 4 21 -21 6 -5 -25 26 9 17 -25 21 11 20 -5 
0 -22 9 -8 19 25 15 5 -26 9 1 11 12 -8 -20 24 13 4 21 -2 
-2 21 4 13 24 -20 -8 12 11 1 9 -26 5 15 25 19 -8 9 -22 0 
-5 20 11 21 -25 17 9 26 -25 -5 6 -21 21 4 26 -11 -15 10 -11 9 
-1 -6 -16 17 3 -17 1 -18 11 10 4 10 1 -6 23 20 1 2 19 -10 
25 20 8 4 26 20 11 -3 8 22 -13 17 7 26 -16 4 -17 -1 2 4 
10 22 4 13 -14 19 14 -2 4 -6 23 24 13 17 4 -25 7 13 25 23 
13 22 -13 -20 0 5 8 -1 6 -14 16 1 14 21 20 7 -9 17 15 -4 
3 23 5 24 6 13 17 13 8 17 -15 19 20 11 2 11 -3 10 19 -5 
7 16 21 21 0 5 6 -26 4 17 12 20 7 3 19 23 12 20 12 10 
-2 7 -25 5 21 -12 -7 16 7 4 6 1 11 -24 18 22 22 23 18 26 
3 -6 21 11 -5 26 3 17 25 -21 16 22 -5 21 -26 0 3 21 9 21 
62
1
2 16
17 3
0
0
