20 20
7 12 11 -25 8 9 2 -6 18 20 19 2 5 24 23 16 19 16 23 20 
-13 25 11 12 2 19 -20 -10 -2 23 15 6 9 -17 -11 19 24 16 -12 -11 
25 14 17 -3 18 -7 9 -19 -15 -2 1 13 17 19 13 18 18 5 22 22 
11 23 -16 16 23 12 12 17 18 15 13 22 16 8 -13 -9 3 2 7 22 
5 -5 0 10 15 14 -10 1 10 24 -17 14 -5 13 21 9 9 -3 19 15 
10 -14 0 -4 12 11 3 16 16 15 7 -4 6 8 -9 23 12 5 -6 5 
1 4 -7 11 20 6 11 16 -16 -3 0 21 6 5 11 -24 7 -11 -1 17 
0 19 -21 22 22 4 -20 4 17 6 23 0 6 19 3 8 19 15 -18 2 
2 17 -6 25 25 -19 7 25 -12 4 15 -13 23 19 8 -3 -11 16 20 20 
9 25 7 22 8 25 2 -13 -11 3 -13 -22 -15 16 12 17 -8 8 14 21 
21 14 8 -8 17 12 16 -15 -22 -13 3 -11 -13 2 25 8 22 7 25 9 
20 20 16 -11 -3 8 19 23 -13 15 4 -12 25 7 -19 25 25 -6 17 2 
2 -18 15 19 8 3 19 6 0 23 6 17 4 -20 4 22 22 -21 19 0 
17 -1 -11 7 -24 11 5 6 21 0 -3 -16 16 11 6 20 11 -7 4 1 
5 -6 5 12 23 -9 8 6 -4 7 15 16 16 3 11 12 -4 0 -14 10 
15 19 -3 9 9 21 13 -5 14 -17 24 10 1 -10 14 15 10 0 -5 5 
22 7 2 3 -9 -13 8 16 22 13 15 18 17 12 12 23 16 -16 23 11 
22 22 5 18 18 13 19 17 13 1 -2 -15 -19 9 -7 18 -3 17 14 25 
-11 -12 16 24 19 -11 -17 9 6 15 23 -2 -10 -20 19 2 12 11 25 -13 
20 23 16 19 16 23 24 5 2 19 20 18 -6 2 9 8 -25 11 12 7 
159
1
18 19
1 0
0
0
