20 20
20 5 -9 24 -24 12 -7 16 10 18 6 19 23 11 2 -9 9 2 6 -12 
-21 20 -20 11 7 -22 -9 9 11 16 4 20 -1 15 13 1 -13 15 2 8 
-14 5 5 0 23 13 21 -13 0 6 23 -13 23 -20 8 16 24 -12 -24 11 
23 13 10 17 19 12 15 -24 9 10 -11 17 -6 8 16 -9 -24 -24 13 5 
19 0 10 -17 15 -7 0 13 10 19 10 7 21 14 6 7 -24 8 23 7 
8 7 9 19 6 -8 22 23 22 13 15 -1 23 5 21 21 -12 2 -11 24 
-4 -13 -2 13 20 -4 -12 22 12 18 -13 1 -18 5 17 -22 -16 23 -15 10 
4 -19 21 17 1 21 12 19 4 5 21 19 19 17 12 8 1 6 -12 -16 
24 -9 -13 8 -4 12 -20 -21 21 -16 10 16 -13 9 8 13 12 -13 -8 14 
-22 -13 -8 -12 6 -19 12 15 18 3 -3 20 6 19 9 7 6 22 -14 3 
3 -14 22 6 7 9 19 6 20 -3 3 18 15 12 -19 6 -12 -8 -13 -22 
14 -8 -13 12 13 8 9 -13 16 10 -16 21 -21 -20 12 -4 8 -13 -9 24 
-16 -12 6 1 8 12 17 19 19 21 5 4 19 12 21 1 17 21 -19 4 
10 -15 23 -16 -22 17 5 -18 1 -13 18 12 22 -12 -4 20 13 -2 -13 -4 
24 -11 2 -12 21 21 5 23 -1 15 13 22 23 22 -8 6 19 9 7 8 
7 23 8 -24 7 6 14 21 7 10 19 10 13 0 -7 15 -17 10 0 19 
5 13 -24 -24 -9 16 8 -6 17 -11 10 9 -24 15 12 19 17 10 13 23 
11 -24 -12 24 16 8 -20 23 -13 23 6 0 -13 21 13 23 0 5 5 -14 
8 2 15 -13 1 13 15 -1 20 4 16 11 9 -9 -22 7 11 -20 20 -21 
-12 6 2 9 -9 2 11 23 19 6 18 10 16 -7 12 -24 24 -9 5 20 
132
1
16 7
3 12
0
0
