20 20
9 4 15 4 23 30 10 -30 9 -28 3 15 11 12 20 5 5 17 7 20 
2 17 20 3 4 4 15 7 19 19 11 -9 -10 -9 1 -15 -7 26 27 -27 
1 22 -14 11 -21 23 30 5 -9 17 24 2 0 13 27 1 -2 6 16 13 
23 23 -2 2 22 4 26 15 15 19 -18 3 17 3 2 18 12 17 11 13 
-29 30 29 27 -4 -29 17 16 15 27 17 11 14 20 16 5 -27 -1 -26 -22 
11 19 -28 -9 0 3 -9 26 15 27 -11 3 -20 29 7 29 27 -10 6 20 
3 7 21 -7 27 22 -23 20 17 11 -30 3 28 7 14 12 -28 -7 20 14 
11 14 30 -29 13 27 -6 29 11 19 -20 10 28 17 -20 13 -21 24 4 6 
7 -12 19 2 -2 12 13 -17 11 24 17 17 1 19 29 20 2 -3 10 27 
-21 8 21 14 29 16 26 13 21 -8 17 12 -22 -9 -8 9 25 8 27 29 
29 27 8 25 9 -8 -9 -22 12 17 -8 21 13 26 16 29 14 21 8 -21 
27 10 -3 2 20 29 19 1 17 17 24 11 -17 13 12 -2 2 19 -12 7 
6 4 24 -21 13 -20 17 28 10 -20 19 11 29 -6 27 13 -29 30 14 11 
14 20 -7 -28 12 14 7 28 3 -30 11 17 20 -23 22 27 -7 21 7 3 
20 6 -10 27 29 7 29 -20 3 -11 27 15 26 -9 3 0 -9 -28 19 11 
-22 -26 -1 -27 5 16 20 14 11 17 27 15 16 17 -29 -4 27 29 30 -29 
13 11 17 12 18 2 3 17 3 -18 19 15 15 26 4 22 2 -2 23 23 
13 16 6 -2 1 27 13 0 2 24 17 -9 5 30 23 -21 11 -14 22 1 
-27 27 26 -7 -15 1 -9 -10 -9 11 19 19 7 15 4 4 3 20 17 2 
20 7 17 5 5 20 12 11 15 3 -28 9 -30 10 30 23 4 15 4 9 
56
1
7 2
12 17
0
0
