20 20
1 6 10 7 3 9 -10 4 0 4 3 3 9 -3 -14 7 7 -11 3 12 
2 4 10 13 -6 3 10 9 14 1 3 7 3 -3 8 0 1 5 13 -14 
11 12 -2 7 9 11 9 3 2 3 1 2 2 13 -7 9 -6 1 7 14 
3 4 3 8 3 14 8 11 2 11 4 14 6 13 -14 10 13 10 9 -13 
-11 -11 2 5 9 14 9 14 9 -2 1 6 10 10 4 13 5 12 5 8 
0 -7 0 3 -8 9 12 -5 -9 1 13 5 -3 9 -13 9 7 2 2 6 
10 -2 13 1 -5 9 14 -12 10 14 -11 0 2 9 10 5 8 -4 8 4 
4 -7 3 8 10 14 -14 -7 4 14 -14 -2 8 1 1 9 13 1 13 -13 
4 4 5 11 7 11 4 5 7 8 -12 11 5 9 9 -1 -3 1 10 3 
11 -12 -11 11 5 12 -8 13 -6 3 6 12 -6 -11 -2 14 0 1 0 1 
1 0 1 0 14 -2 -11 -6 12 6 3 -6 13 -8 12 5 11 -11 -12 11 
3 10 1 -3 -1 9 9 5 11 -12 8 7 5 4 11 7 11 5 4 4 
-13 13 1 13 9 1 1 8 -2 -14 14 4 -7 -14 14 10 8 3 -7 4 
4 8 -4 8 5 10 9 2 0 -11 14 10 -12 14 9 -5 1 13 -2 10 
6 2 2 7 9 -13 9 -3 5 13 1 -9 -5 12 9 -8 3 0 -7 0 
8 5 12 5 13 4 10 10 6 1 -2 9 14 9 14 9 5 2 -11 -11 
-13 9 10 13 10 -14 13 6 14 4 11 2 11 8 14 3 8 3 4 3 
14 7 1 -6 9 -7 13 2 2 1 3 2 3 9 11 9 7 -2 12 11 
-14 13 5 1 0 8 -3 3 7 3 1 14 9 10 3 -6 13 10 4 2 
12 3 -11 7 7 -14 -3 9 3 3 4 0 4 -10 9 3 7 10 6 1 
166
1
19 16
0 3
0
0
