20 20
8 1 -9 -3 2 -4 10 12 -11 11 1 1 12 11 11 7 3 2 11 12 
5 -13 0 -5 1 4 13 13 9 3 3 3 -8 10 1 8 10 10 4 6 
-4 7 12 10 8 1 -5 4 12 7 -6 11 13 9 1 -12 1 6 -7 -13 
7 9 -10 -13 12 3 11 -4 6 -11 13 -11 9 13 3 -5 8 10 -10 0 
-13 -11 8 5 11 3 -1 0 13 8 12 -7 2 8 1 13 1 13 9 12 
10 10 8 13 -1 2 8 11 13 7 6 3 13 -8 3 9 3 -7 11 10 
5 0 -7 12 -11 7 7 -5 11 8 1 6 8 1 4 4 -13 3 12 4 
1 8 8 7 8 3 13 8 8 -3 4 5 9 -11 -10 13 7 0 4 5 
9 5 -11 9 11 9 3 12 3 -12 8 6 7 -5 3 10 7 4 8 13 
3 -12 10 13 10 2 10 2 3 12 4 7 2 2 7 8 -13 -10 2 3 
3 2 -10 -13 8 7 2 2 7 4 12 3 2 10 2 10 13 10 -12 3 
13 8 4 7 10 3 -5 7 6 8 -12 3 12 3 9 11 9 -11 5 9 
5 4 0 7 13 -10 -11 9 5 4 -3 8 8 13 3 8 7 8 8 1 
4 12 3 -13 4 4 1 8 6 1 8 11 -5 7 7 -11 12 -7 0 5 
10 11 -7 3 9 3 -8 13 3 6 7 13 11 8 2 -1 13 8 10 10 
12 9 13 1 13 1 8 2 -7 12 8 13 0 -1 3 11 5 8 -11 -13 
0 -10 10 8 -5 3 13 9 -11 13 -11 6 -4 11 3 12 -13 -10 9 7 
-13 -7 6 1 -12 1 9 13 11 -6 7 12 4 -5 1 8 10 12 7 -4 
6 4 10 10 8 1 10 -8 3 3 3 9 13 13 4 1 -5 0 -13 5 
12 11 2 3 7 11 11 12 1 1 11 -11 12 10 -4 2 -3 -9 1 8 
61
1
18 3
1 16
0
0
