20 20
-16 16 15 -12 5 -7 8 18 10 5 9 6 -13 6 7 11 4 16 4 7 
15 10 -4 -13 16 12 1 5 -18 14 7 3 17 5 14 12 18 7 12 5 
-11 15 13 -6 17 7 17 -15 -14 -18 1 7 14 8 18 -6 5 16 -18 15 
7 -16 6 16 6 2 4 -10 13 -9 -18 -9 12 -3 18 10 4 12 3 3 
3 14 -16 10 11 18 8 8 -17 15 0 16 11 5 -8 13 12 6 16 9 
-9 9 8 9 1 17 9 10 15 13 1 17 -16 -7 -18 11 -7 -8 11 4 
11 -10 -16 17 2 -4 -10 1 -12 -7 -9 -13 -8 -1 8 6 18 18 6 -18 
-12 12 10 13 15 3 4 4 16 9 15 4 15 11 12 -10 -12 -9 10 3 
-6 -15 7 16 -12 -3 18 13 13 8 11 8 -14 -17 9 9 9 2 13 13 
9 2 10 -14 2 6 -3 5 3 -17 3 -8 12 13 9 10 0 15 2 7 
7 2 15 0 10 9 13 12 -8 3 -17 3 5 -3 6 2 -14 10 2 9 
13 13 2 9 9 9 -17 -14 8 11 8 13 13 18 -3 -12 16 7 -15 -6 
3 10 -9 -12 -10 12 11 15 4 15 9 16 4 4 3 15 13 10 12 -12 
-18 6 18 18 6 8 -1 -8 -13 -9 -7 -12 1 -10 -4 2 17 -16 -10 11 
4 11 -8 -7 11 -18 -7 -16 17 1 13 15 10 9 17 1 9 8 9 -9 
9 16 6 12 13 -8 5 11 16 0 15 -17 8 8 18 11 10 -16 14 3 
3 3 12 4 10 18 -3 12 -9 -18 -9 13 -10 4 2 6 16 6 -16 7 
15 -18 16 5 -6 18 8 14 7 1 -18 -14 -15 17 7 17 -6 13 15 -11 
5 12 7 18 12 14 5 17 3 7 14 -18 5 1 12 16 -13 -4 10 15 
7 4 16 4 11 7 6 -13 6 9 5 10 18 8 -7 5 -12 15 16 -16 
112
1
12 8
7 11
0
0
