20 20
21 1 21 23 2 4 21 5 -8 8 -2 22 19 25 8 -17 -5 13 7 17 
-12 11 -5 20 -16 17 12 6 18 27 27 3 19 13 27 1 20 17 6 12 
-14 25 21 15 3 12 -22 17 21 25 -12 18 -9 6 18 8 6 4 3 15 
5 12 -17 7 -8 -9 -19 16 -25 -27 12 17 12 15 12 16 1 9 20 22 
18 2 5 -4 -20 7 -22 13 16 -27 12 3 -23 5 14 -2 26 11 -25 17 
6 16 -3 -8 11 9 -16 16 17 6 23 -18 13 -15 12 23 4 12 12 1 
-22 24 3 -7 9 25 27 3 4 4 -17 6 -18 -24 15 -27 8 -13 9 10 
10 25 6 16 21 14 -16 9 12 -1 18 26 6 24 12 -26 26 9 9 -14 
22 -2 25 8 26 25 12 2 -21 26 7 6 -14 -20 7 19 27 -5 16 14 
2 -5 2 18 21 -4 -4 22 26 -19 14 -18 -3 -8 13 5 13 8 14 20 
20 14 8 13 5 13 -8 -3 -18 14 -19 26 22 -4 -4 21 18 2 -5 2 
14 16 -5 27 19 7 -20 -14 6 7 26 -21 2 12 25 26 8 25 -2 22 
-14 9 9 26 -26 12 24 6 26 18 -1 12 9 -16 14 21 16 6 25 10 
10 9 -13 8 -27 15 -24 -18 6 -17 4 4 3 27 25 9 -7 3 24 -22 
1 12 12 4 23 12 -15 13 -18 23 6 17 16 -16 9 11 -8 -3 16 6 
17 -25 11 26 -2 14 5 -23 3 12 -27 16 13 -22 7 -20 -4 5 2 18 
22 20 9 1 16 12 15 12 17 12 -27 -25 16 -19 -9 -8 7 -17 12 5 
15 3 4 6 8 18 6 -9 18 -12 25 21 17 -22 12 3 15 21 25 -14 
12 6 17 20 1 27 13 19 3 27 27 18 6 12 17 -16 20 -5 11 -12 
17 7 13 -5 -17 8 25 19 22 -2 8 -8 5 21 4 2 23 21 1 21 
71
1
11 5
8 14
0
0
