20 20
-11 11 -7 7 -1 -1 0 6 5 12 -10 -2 0 -2 -5 3 2 1 10 -12 
-11 10 6 7 6 11 -3 12 1 6 -7 -5 2 10 7 -3 -4 7 -3 8 
9 10 9 9 9 10 -5 6 2 0 3 -10 6 3 1 -1 1 -7 -5 11 
9 0 9 8 3 6 3 2 5 4 -8 9 2 -11 -10 10 1 12 1 7 
-7 9 11 -11 12 6 12 6 -1 3 -4 4 10 3 10 11 12 0 0 7 
9 9 -6 10 1 3 12 11 8 6 4 2 11 1 12 1 -4 6 6 11 
1 -8 -9 -8 10 7 8 9 11 0 -1 5 0 4 7 1 5 9 -8 12 
-5 -9 1 7 2 4 8 9 -1 -12 9 11 12 1 -12 3 5 -5 11 11 
12 12 12 6 7 5 -4 -7 4 0 8 6 5 2 -2 11 1 -2 0 4 
-5 -8 4 1 11 -10 6 1 6 9 6 -4 9 6 7 -1 -5 12 -8 9 
9 -8 12 -5 -1 7 6 9 -4 6 9 6 1 6 -10 11 1 4 -8 -5 
4 0 -2 1 11 -2 2 5 6 8 0 4 -7 -4 5 7 6 12 12 12 
11 11 -5 5 3 -12 1 12 11 9 -12 -1 9 8 4 2 7 1 -9 -5 
12 -8 9 5 1 7 4 0 5 -1 0 11 9 8 7 10 -8 -9 -8 1 
11 6 6 -4 1 12 1 11 2 4 6 8 11 12 3 1 10 -6 9 9 
7 0 0 12 11 10 3 10 4 -4 3 -1 6 12 6 12 -11 11 9 -7 
7 1 12 1 10 -10 -11 2 9 -8 4 5 2 3 6 3 8 9 0 9 
11 -5 -7 1 -1 1 3 6 -10 3 0 2 6 -5 10 9 9 9 10 9 
8 -3 7 -4 -3 7 10 2 -5 -7 6 1 12 -3 11 6 7 6 10 -11 
-12 10 1 2 3 -5 -2 0 -2 -10 12 5 6 0 -1 -1 7 -7 11 -11 
196
1
8 2
11 17
0
0
