20 20
-7 -5 10 2 -3 0 9 5 2 10 2 6 2 -6 2 1 10 7 11 -3 
1 2 5 6 2 10 0 9 10 6 -4 10 8 1 8 5 -6 9 5 5 
-8 1 -6 0 0 6 3 -9 11 -8 -6 9 10 3 0 6 4 10 0 2 
-3 7 9 -4 1 3 6 10 5 -5 1 6 6 7 11 11 8 0 1 10 
1 -11 1 5 2 -8 4 10 8 6 0 -2 -2 -9 3 1 -8 1 4 10 
-6 10 6 -3 0 11 3 7 0 10 5 -6 3 9 11 8 1 0 -10 -2 
11 11 5 7 -4 1 10 0 9 -6 9 5 -2 10 6 8 -6 5 8 6 
-4 7 3 -8 -3 9 7 11 4 -1 0 1 2 4 8 9 7 4 0 10 
5 7 8 -2 3 -9 0 3 6 -11 -8 -5 0 8 6 5 5 11 10 -7 
8 -3 8 3 9 8 5 -7 -10 3 2 11 -9 11 7 -3 1 11 -11 11 
11 -11 11 1 -3 7 11 -9 11 2 3 -10 -7 5 8 9 3 8 -3 8 
-7 10 11 5 5 6 8 0 -5 -8 -11 6 3 0 -9 3 -2 8 7 5 
10 0 4 7 9 8 4 2 1 0 -1 4 11 7 9 -3 -8 3 7 -4 
6 8 5 -6 8 6 10 -2 5 9 -6 9 0 10 1 -4 7 5 11 11 
-2 -10 0 1 8 11 9 3 -6 5 10 0 7 3 11 0 -3 6 10 -6 
10 4 1 -8 1 3 -9 -2 -2 0 6 8 10 4 -8 2 5 1 -11 1 
10 1 0 8 11 11 7 6 6 1 -5 5 10 6 3 1 -4 9 7 -3 
2 0 10 4 6 0 3 10 9 -6 -8 11 -9 3 6 0 0 -6 1 -8 
5 5 9 -6 5 8 1 8 10 -4 6 10 9 0 10 2 6 5 2 1 
-3 11 7 10 1 2 -6 2 6 2 10 2 5 9 0 -3 2 10 -5 -7 
186
1
6 11
13 8
0
0
