20 20
19 18 18 14 -4 10 11 -14 5 -18 18 -12 -7 14 -16 3 12 12 18 0 
19 -10 0 -3 4 -19 -5 -5 17 -2 12 11 2 -13 -4 -3 4 -18 0 -8 
10 -13 6 7 11 14 10 17 10 3 -17 8 11 -5 -6 2 14 12 -3 13 
-11 -12 19 1 5 18 5 9 19 14 -17 -16 9 12 1 11 -11 15 -13 -9 
14 8 2 6 16 -14 13 11 13 18 12 1 2 8 11 -18 2 11 -13 13 
-16 17 18 0 18 -17 4 15 -17 2 0 -2 -7 11 3 -1 5 -13 12 8 
16 15 -2 4 2 15 4 -14 12 9 11 -9 -14 18 17 0 -9 -11 5 10 
-19 13 14 17 10 16 6 16 5 19 3 19 16 15 11 3 12 15 -3 18 
3 3 1 19 14 9 10 -9 14 4 4 11 6 19 8 18 13 -5 4 18 
4 6 14 9 5 14 -13 19 5 19 14 8 4 17 4 11 17 0 10 6 
6 10 0 17 11 4 17 4 8 14 19 5 19 -13 14 5 9 14 6 4 
18 4 -5 13 18 8 19 6 11 4 4 14 -9 10 9 14 19 1 3 3 
18 -3 15 12 3 11 15 16 19 3 19 5 16 6 16 10 17 14 13 -19 
10 5 -11 -9 0 17 18 -14 -9 11 9 12 -14 4 15 2 4 -2 15 16 
8 12 -13 5 -1 3 11 -7 -2 0 2 -17 15 4 -17 18 0 18 17 -16 
13 -13 11 2 -18 11 8 2 1 12 18 13 11 13 -14 16 6 2 8 14 
-9 -13 15 -11 11 1 12 9 -16 -17 14 19 9 5 18 5 1 19 -12 -11 
13 -3 12 14 2 -6 -5 11 8 -17 3 10 17 10 14 11 7 6 -13 10 
-8 0 -18 4 -3 -4 -13 2 11 12 -2 17 -5 -5 -19 4 -3 0 -10 19 
0 18 12 12 3 -16 14 -7 -12 18 -18 5 -14 11 10 -4 14 18 18 19 
50
1
3 15
16 4
0
0
