20 20
-6 1 9 -14 -10 1 7 1 12 14 4 -7 7 12 -9 2 12 3 4 3 
1 11 10 -12 5 5 1 0 10 10 14 4 5 10 -12 11 -14 7 6 9 
14 -3 10 -2 5 11 -14 12 6 9 5 1 4 3 10 6 7 1 -14 0 
-10 4 -12 7 -1 8 6 2 13 11 -14 -1 8 6 8 9 12 8 13 10 
8 10 -5 13 -7 -5 -4 11 5 8 1 1 10 -7 13 9 4 -7 4 13 
14 8 3 5 7 12 1 5 10 -7 4 3 7 12 14 -2 -10 -4 -6 9 
-8 8 11 5 3 5 -8 0 4 2 14 14 14 12 6 7 4 14 3 4 
5 11 1 10 6 14 1 4 10 -1 -12 9 13 14 2 3 0 9 -4 1 
1 11 9 1 7 14 -14 7 14 11 14 -8 -1 12 1 1 1 10 7 11 
5 -13 6 10 0 14 7 7 -14 1 1 1 10 2 11 8 6 -1 -14 8 
8 -14 -1 6 8 11 2 10 1 1 1 -14 7 7 14 0 10 6 -13 5 
11 7 10 1 1 1 12 -1 -8 14 11 14 7 -14 14 7 1 9 11 1 
1 -4 9 0 3 2 14 13 9 -12 -1 10 4 1 14 6 10 1 11 5 
4 3 14 4 7 6 12 14 14 14 2 4 0 -8 5 3 5 11 8 -8 
9 -6 -4 -10 -2 14 12 7 3 4 -7 10 5 1 12 7 5 3 8 14 
13 4 -7 4 9 13 -7 10 1 1 8 5 11 -4 -5 -7 13 -5 10 8 
10 13 8 12 9 8 6 8 -1 -14 11 13 2 6 8 -1 7 -12 4 -10 
0 -14 1 7 6 10 3 4 1 5 9 6 12 -14 11 5 -2 10 -3 14 
9 6 7 -14 11 -12 10 5 4 14 10 10 0 1 5 5 -12 10 11 1 
3 4 3 12 2 -9 12 7 -7 4 14 12 1 7 1 -10 -14 9 1 -6 
161
1
12 15
7 4
0
0
