20 20
13 12 11 3 1 5 14 5 5 12 10 4 0 2 13 1 7 0 6 -4 
10 4 5 -3 -4 2 12 11 5 14 4 3 13 12 13 6 13 1 10 15 
5 -8 4 11 6 15 7 2 -15 10 10 -7 -10 1 9 3 8 11 3 -13 
15 6 12 11 9 12 11 1 12 1 -3 3 15 5 -15 -4 -2 -3 1 11 
15 7 13 4 13 5 4 14 8 -3 14 9 10 6 -3 10 -11 5 9 6 
10 -14 14 5 4 2 9 11 12 4 -12 9 -13 -9 4 1 4 8 8 6 
10 7 5 1 8 9 0 9 10 -3 10 1 -10 15 8 0 -14 -7 7 4 
-6 2 7 7 5 -3 -3 4 13 4 -6 10 -3 12 10 -4 -10 9 -1 15 
-7 1 -15 -9 3 13 10 11 8 -15 1 8 8 15 -8 8 15 1 8 3 
9 9 0 1 10 7 8 4 12 2 7 9 3 -1 14 -10 -8 1 11 14 
14 11 1 -8 -10 14 -1 3 9 7 2 12 4 8 7 10 1 0 9 9 
3 8 1 15 8 -8 15 8 8 1 -15 8 11 10 13 3 -9 -15 1 -7 
15 -1 9 -10 -4 10 12 -3 10 -6 4 13 4 -3 -3 5 7 7 2 -6 
4 7 -7 -14 0 8 15 -10 1 10 -3 10 9 0 9 8 1 5 7 10 
6 8 8 4 1 4 -9 -13 9 -12 4 12 11 9 2 4 5 14 -14 10 
6 9 5 -11 10 -3 6 10 9 14 -3 8 14 4 5 13 4 13 7 15 
11 1 -3 -2 -4 -15 5 15 3 -3 1 12 1 11 12 9 11 12 6 15 
-13 3 11 8 3 9 1 -10 -7 10 10 -15 2 7 15 6 11 4 -8 5 
15 10 1 13 6 13 12 13 3 4 14 5 11 12 2 -4 -3 5 4 10 
-4 6 0 7 1 13 2 0 4 10 12 5 5 14 5 1 3 11 12 13 
81
1
6 0
13 19
0
0
