20 20
12 18 -11 -19 -3 11 3 16 -8 13 3 9 16 6 14 13 1 10 14 19 
-12 -2 2 -15 11 3 0 3 14 -8 9 6 5 5 2 12 6 -15 10 19 
13 14 17 1 7 18 14 18 18 14 18 -2 19 13 12 12 8 11 3 11 
-7 -6 1 4 6 19 13 -5 -17 18 19 17 10 3 5 -12 3 7 2 10 
3 3 12 7 16 16 -1 11 9 -6 -7 4 17 4 -18 -10 18 2 17 4 
-11 18 4 3 6 15 -13 9 19 12 15 -15 -5 12 16 -8 6 0 -18 19 
9 -11 13 -19 13 -2 14 19 19 -15 -18 -7 1 -15 16 0 16 5 3 8 
6 5 7 -1 -19 -4 17 14 14 7 -16 16 -19 2 -8 -13 12 12 6 -5 
-8 -4 11 19 9 -18 -7 -11 -16 5 11 3 15 13 16 -10 7 -18 19 -1 
17 4 1 8 12 4 -7 11 -18 16 11 16 -4 -16 2 15 2 -5 10 7 
7 10 -5 2 15 2 -16 -4 16 11 16 -18 11 -7 4 12 8 1 4 17 
-1 19 -18 7 -10 16 13 15 3 11 5 -16 -11 -7 -18 9 19 11 -4 -8 
-5 6 12 12 -13 -8 2 -19 16 -16 7 14 14 17 -4 -19 -1 7 5 6 
8 3 5 16 0 16 -15 1 -7 -18 -15 19 19 14 -2 13 -19 13 -11 9 
19 -18 0 6 -8 16 12 -5 -15 15 12 19 9 -13 15 6 3 4 18 -11 
4 17 2 18 -10 -18 4 17 4 -7 -6 9 11 -1 16 16 7 12 3 3 
10 2 7 3 -12 5 3 10 17 19 18 -17 -5 13 19 6 4 1 -6 -7 
11 3 11 8 12 12 13 19 -2 18 14 18 18 14 18 7 1 17 14 13 
19 10 -15 6 12 2 5 5 6 9 -8 14 3 0 3 11 -15 2 -2 -12 
19 14 10 1 13 14 6 16 9 3 13 -8 16 3 11 -3 -19 -11 18 12 
49
1
18 14
1 5
0
0
