20 20
4 11 14 -14 26 9 24 2 -8 17 -14 -24 15 14 23 23 26 9 5 12 
-11 18 8 13 0 -7 19 17 -25 26 25 -16 21 2 26 1 -22 4 -5 14 
12 24 24 10 16 -16 2 12 26 1 -12 -12 -20 -16 16 15 0 -10 5 -16 
20 10 8 9 9 3 14 11 3 13 -11 24 8 16 23 23 -25 19 1 7 
0 10 18 8 9 2 23 -23 -17 -18 20 12 5 17 6 16 6 -2 17 -6 
9 16 17 -1 5 11 22 13 -5 14 -3 2 -1 2 11 19 2 2 2 20 
2 14 4 9 1 12 19 13 -14 -24 9 25 7 7 6 1 6 11 4 0 
-22 26 0 -8 21 8 20 9 0 20 9 4 14 -2 18 11 7 25 18 19 
-10 26 3 -4 17 -9 -12 15 0 -16 -4 5 -6 23 23 18 6 17 -5 -6 
-25 24 20 14 21 -17 8 -21 1 5 12 3 26 2 23 21 2 10 19 5 
5 19 10 2 21 23 2 26 3 12 5 1 -21 8 -17 21 14 20 24 -25 
-6 -5 17 6 18 23 23 -6 5 -4 -16 0 15 -12 -9 17 -4 3 26 -10 
19 18 25 7 11 18 -2 14 4 9 20 0 9 20 8 21 -8 0 26 -22 
0 4 11 6 1 6 7 7 25 9 -24 -14 13 19 12 1 9 4 14 2 
20 2 2 2 19 11 2 -1 2 -3 14 -5 13 22 11 5 -1 17 16 9 
-6 17 -2 6 16 6 17 5 12 20 -18 -17 -23 23 2 9 8 18 10 0 
7 1 19 -25 23 23 16 8 24 -11 13 3 11 14 3 9 9 8 10 20 
-16 5 -10 0 15 16 -16 -20 -12 -12 1 26 12 2 -16 16 10 24 24 12 
14 -5 4 -22 1 26 2 21 -16 25 26 -25 17 19 -7 0 13 8 18 -11 
12 5 9 26 23 23 14 15 -24 -14 17 -8 2 24 9 26 -14 14 11 4 
154
1
0 11
19 8
0
0
