20 20
11 13 6 18 -12 20 -6 13 20 -8 9 1 6 13 10 16 -4 -9 15 14 
17 12 7 11 4 -22 -20 1 7 -13 -13 5 11 15 10 7 10 12 17 15 
18 19 15 13 -19 5 9 -3 -21 5 8 -15 20 20 -18 -2 2 8 16 15 
3 -9 5 20 16 10 -20 2 22 22 19 -22 22 22 14 -17 3 18 10 -11 
8 17 14 -7 -13 16 -17 4 19 8 8 12 7 22 6 4 20 -22 11 20 
16 -17 14 -22 1 4 16 2 3 12 18 13 13 16 4 5 -8 -16 3 6 
17 14 -10 1 17 11 1 7 22 13 12 3 21 18 -18 21 10 2 20 20 
22 -2 -12 2 4 -21 -3 -11 0 17 -21 -6 1 0 11 0 12 -12 2 12 
4 -21 16 -6 10 11 4 1 16 14 1 9 22 21 21 4 13 -5 13 -4 
9 -2 15 18 -14 -18 16 21 16 -19 14 -6 -7 7 -18 16 -22 18 4 21 
21 4 18 -22 16 -18 7 -7 -6 14 -19 16 21 16 -18 -14 18 15 -2 9 
-4 13 -5 13 4 21 21 22 9 1 14 16 1 4 11 10 -6 16 -21 4 
12 2 -12 12 0 11 0 1 -6 -21 17 0 -11 -3 -21 4 2 -12 -2 22 
20 20 2 10 21 -18 18 21 3 12 13 22 7 1 11 17 1 -10 14 17 
6 3 -16 -8 5 4 16 13 13 18 12 3 2 16 4 1 -22 14 -17 16 
20 11 -22 20 4 6 22 7 12 8 8 19 4 -17 16 -13 -7 14 17 8 
-11 10 18 3 -17 14 22 22 -22 19 22 22 2 -20 10 16 20 5 -9 3 
15 16 8 2 -2 -18 20 20 -15 8 5 -21 -3 9 5 -19 13 15 19 18 
15 17 12 10 7 10 15 11 5 -13 -13 7 1 -20 -22 4 11 7 12 17 
14 15 -9 -4 16 10 13 6 1 9 -8 20 13 -6 20 -12 18 6 13 11 
37
1
15 13
4 6
0
0
