20 20
8 9 14 -4 -10 17 1 -13 11 12 15 0 20 13 0 13 -13 -5 10 5 
-1 -1 3 4 7 5 1 14 1 6 7 -2 -2 10 5 11 -3 9 3 -7 
16 6 -14 -2 10 21 21 -2 4 5 9 4 17 3 -15 4 11 4 17 6 
-21 4 1 17 7 14 18 3 18 16 8 -8 -4 1 2 1 4 16 5 8 
17 14 20 13 3 7 17 8 -12 -5 18 -3 -7 6 -5 21 0 14 18 18 
6 -8 19 16 3 1 2 21 -19 9 2 11 17 5 0 -4 11 18 10 -18 
13 15 14 15 20 20 5 11 4 17 11 -10 -14 20 14 -9 0 -3 16 -1 
21 21 18 -4 2 12 14 -5 -11 0 20 8 15 8 8 14 1 -10 10 20 
-18 16 8 4 3 8 1 4 -14 2 2 2 1 -20 3 3 -8 3 5 4 
7 5 7 -20 8 21 7 20 18 8 12 4 6 -16 7 18 7 13 14 3 
3 14 13 7 18 7 -16 6 4 12 8 18 20 7 21 8 -20 7 5 7 
4 5 3 -8 3 3 -20 1 2 2 2 -14 4 1 8 3 4 8 16 -18 
20 10 -10 1 14 8 8 15 8 20 0 -11 -5 14 12 2 -4 18 21 21 
-1 16 -3 0 -9 14 20 -14 -10 11 17 4 11 5 20 20 15 14 15 13 
-18 10 18 11 -4 0 5 17 11 2 9 -19 21 2 1 3 16 19 -8 6 
18 18 14 0 21 -5 6 -7 -3 18 -5 -12 8 17 7 3 13 20 14 17 
8 5 16 4 1 2 1 -4 -8 8 16 18 3 18 14 7 17 1 4 -21 
6 17 4 11 4 -15 3 17 4 9 5 4 -2 21 21 10 -2 -14 6 16 
-7 3 9 -3 11 5 10 -2 -2 7 6 1 14 1 5 7 4 3 -1 -1 
5 10 -5 -13 13 0 13 20 0 15 12 11 -13 1 17 -10 -4 14 9 8 
96
1
9 5
10 14
0
0
