20 20
19 11 4 17 1 4 11 -17 4 1 8 0 10 14 12 9 8 -7 6 -17 
8 5 12 -17 -19 9 2 -7 18 12 0 -19 12 -6 6 8 1 13 -16 1 
6 17 1 13 -3 11 -15 18 14 5 7 10 4 16 2 10 -4 -3 11 19 
-19 8 19 -15 16 11 15 8 -10 5 4 -16 18 16 -11 19 13 18 3 11 
7 -5 14 -17 3 9 15 7 16 16 12 6 -2 1 -8 -7 -15 8 19 15 
3 7 2 15 11 5 -1 6 -3 4 4 15 7 13 2 9 16 15 17 12 
6 19 5 11 19 16 7 16 -16 2 -1 1 -6 -19 -5 11 16 2 6 -18 
-14 9 19 -4 18 19 0 17 5 17 12 1 -7 5 3 18 -13 12 -2 12 
10 3 -9 -12 14 11 -1 11 1 -5 19 14 16 5 17 12 6 -1 3 -18 
-8 19 6 -1 0 13 17 -2 17 17 11 3 -4 -10 0 19 3 19 14 6 
6 14 19 3 19 0 -10 -4 3 11 17 17 -2 17 13 0 -1 6 19 -8 
-18 3 -1 6 12 17 5 16 14 19 -5 1 11 -1 11 14 -12 -9 3 10 
12 -2 12 -13 18 3 5 -7 1 12 17 5 17 0 19 18 -4 19 9 -14 
-18 6 2 16 11 -5 -19 -6 1 -1 2 -16 16 7 16 19 11 5 19 6 
12 17 15 16 9 2 13 7 15 4 4 -3 6 -1 5 11 15 2 7 3 
15 19 8 -15 -7 -8 1 -2 6 12 16 16 7 15 9 3 -17 14 -5 7 
11 3 18 13 19 -11 16 18 -16 4 5 -10 8 15 11 16 -15 19 8 -19 
19 11 -3 -4 10 2 16 4 10 7 5 14 18 -15 11 -3 13 1 17 6 
1 -16 13 1 8 6 -6 12 -19 0 12 18 -7 2 9 -19 -17 12 5 8 
-17 6 -7 8 9 12 14 10 0 8 1 4 -17 11 4 1 17 4 11 19 
125
1
17 11
2 8
0
0
