20 20
-12 20 18 4 -7 5 5 15 0 12 16 18 21 20 -14 -17 15 12 4 5 
-5 12 15 0 -19 8 5 21 11 -18 3 18 21 12 15 7 19 16 20 13 
-18 17 18 6 20 14 -5 22 -2 -7 -22 8 13 -15 21 17 2 19 -18 12 
-16 21 22 17 21 21 -17 3 11 -5 10 11 -7 17 1 0 4 -7 5 10 
6 22 5 1 16 16 -5 13 -15 10 10 5 2 13 -21 11 -15 -14 4 2 
13 14 10 4 21 13 4 15 18 -16 2 -14 -2 -10 6 -18 14 1 -20 7 
-7 20 15 8 -19 21 22 21 9 1 18 18 12 -2 17 8 22 6 7 20 
8 20 12 4 4 17 -8 6 -5 -16 7 19 5 5 -19 17 5 -2 -10 14 
6 11 18 16 15 8 8 0 -16 14 10 16 1 8 16 18 20 11 -16 11 
-18 14 -17 4 14 14 -4 17 4 -13 14 -2 12 11 2 -2 -17 12 12 -17 
-17 12 12 -17 -2 2 11 12 -2 14 -13 4 17 -4 14 14 4 -17 14 -18 
11 -16 11 20 18 16 8 1 16 10 14 -16 0 8 8 15 16 18 11 6 
14 -10 -2 5 17 -19 5 5 19 7 -16 -5 6 -8 17 4 4 12 20 8 
20 7 6 22 8 17 -2 12 18 18 1 9 21 22 21 -19 8 15 20 -7 
7 -20 1 14 -18 6 -10 -2 -14 2 -16 18 15 4 13 21 4 10 14 13 
2 4 -14 -15 11 -21 13 2 5 10 10 -15 13 -5 16 16 1 5 22 6 
10 5 -7 4 0 1 17 -7 11 10 -5 11 3 -17 21 21 17 22 21 -16 
12 -18 19 2 17 21 -15 13 8 -22 -7 -2 22 -5 14 20 6 18 17 -18 
13 20 16 19 7 15 12 21 18 3 -18 11 21 5 8 -19 0 15 12 -5 
5 4 12 15 -17 -14 20 21 18 16 12 0 15 5 5 -7 4 18 20 -12 
146
1
16 18
3 1
0
0
