20 20
5 16 3 8 12 -9 14 -3 -14 18 -12 17 -13 16 -14 18 -6 0 6 11 
3 16 2 11 -5 1 -12 9 4 -2 5 7 18 11 -15 15 -8 12 7 -13 
2 4 -1 8 15 6 2 7 10 3 -6 17 13 -6 17 0 13 4 17 13 
14 11 4 18 5 -4 8 17 8 10 11 4 -18 12 5 6 6 2 18 17 
-10 -2 12 -7 9 1 9 4 14 9 -12 1 -11 10 2 14 4 -2 -4 8 
11 9 3 17 -12 2 9 18 2 2 13 2 11 7 8 -12 3 11 11 -6 
1 -9 4 17 12 16 -11 8 1 14 4 6 13 2 -4 15 -16 4 13 0 
11 10 5 -3 7 9 8 -2 18 14 9 4 3 18 7 5 10 14 1 10 
18 18 12 18 10 16 7 3 3 4 17 13 8 -10 0 -3 2 12 15 -13 
7 3 1 2 5 15 3 -13 5 7 16 16 17 -5 -11 11 7 2 -14 13 
13 -14 2 7 11 -11 -5 17 16 16 7 5 -13 3 15 5 2 1 3 7 
-13 15 12 2 -3 0 -10 8 13 17 4 3 3 7 16 10 18 12 18 18 
10 1 14 10 5 7 18 3 4 9 14 18 -2 8 9 7 -3 5 10 11 
0 13 4 -16 15 -4 2 13 6 4 14 1 8 -11 16 12 17 4 -9 1 
-6 11 11 3 -12 8 7 11 2 13 2 2 18 9 2 -12 17 3 9 11 
8 -4 -2 4 14 2 10 -11 1 -12 9 14 4 9 1 9 -7 12 -2 -10 
17 18 2 6 6 5 12 -18 4 11 10 8 17 8 -4 5 18 4 11 14 
13 17 4 13 0 17 -6 13 17 -6 3 10 7 2 6 15 8 -1 4 2 
-13 7 12 -8 15 -15 11 18 7 5 -2 4 9 -12 1 -5 11 2 16 3 
11 6 0 -6 18 -14 16 -13 17 -12 18 -14 -3 14 -9 12 8 3 16 5 
106
1
14 16
5 3
0
0
