20 20
-15 5 -23 -20 14 -3 -18 2 0 1 3 18 -1 18 18 -18 -13 14 7 -14 
23 21 8 15 1 -2 -20 15 -16 15 -1 -16 20 14 10 5 21 23 11 7 
13 -23 15 5 19 -16 9 -16 5 6 6 6 -23 17 19 -2 -10 23 21 17 
-5 13 20 1 -5 9 -16 23 6 6 9 8 8 21 -16 -15 17 6 5 1 
2 -8 3 20 4 17 3 -22 23 21 17 2 11 18 16 9 11 -6 -12 20 
22 -22 -4 12 19 0 11 12 -7 2 5 15 9 22 7 -5 14 -16 15 6 
2 -18 3 8 -3 21 -20 -22 -14 13 7 0 20 21 14 12 4 3 22 21 
9 -1 2 21 -16 7 21 13 1 11 -22 15 2 -10 17 14 3 8 1 20 
-4 12 14 22 -23 -4 12 -19 -20 -12 -8 3 15 22 -5 5 -21 21 -8 18 
13 3 -22 19 -22 15 0 -19 10 10 22 -7 4 15 -21 -3 15 21 17 20 
20 17 21 15 -3 -21 15 4 -7 22 10 10 -19 0 15 -22 19 -22 3 13 
18 -8 21 -21 5 -5 22 15 3 -8 -12 -20 -19 12 -4 -23 22 14 12 -4 
20 1 8 3 14 17 -10 2 15 -22 11 1 13 21 7 -16 21 2 -1 9 
21 22 3 4 12 14 21 20 0 7 13 -14 -22 -20 21 -3 8 3 -18 2 
6 15 -16 14 -5 7 22 9 15 5 2 -7 12 11 0 19 12 -4 -22 22 
20 -12 -6 11 9 16 18 11 2 17 21 23 -22 3 17 4 20 3 -8 2 
1 5 6 17 -15 -16 21 8 8 9 6 6 23 -16 9 -5 1 20 13 -5 
17 21 23 -10 -2 19 17 -23 6 6 6 5 -16 9 -16 19 5 15 -23 13 
7 11 23 21 5 10 14 20 -16 -1 15 -16 15 -20 -2 1 15 8 21 23 
-14 7 14 -13 -18 18 18 -1 18 3 1 0 2 -18 -3 14 -20 -23 5 -15 
138
1
13 6
6 13
0
0
