20 20
19 -9 21 -6 6 4 12 2 5 7 -20 9 2 -18 -12 7 19 17 4 -4 
15 23 8 0 11 5 22 5 2 5 13 15 -4 16 22 20 9 22 7 18 
-13 20 18 16 20 22 13 14 10 6 2 3 -8 4 1 17 2 6 1 5 
-14 13 17 -10 -1 -17 19 23 -16 22 8 -4 20 -3 19 12 -18 -13 19 -8 
17 7 18 -3 23 17 -11 5 2 1 14 2 4 17 2 14 18 23 -3 15 
10 -18 12 5 17 19 -6 -21 11 8 19 12 18 -13 11 2 1 12 -6 2 
7 7 23 1 1 16 -2 20 -14 4 22 12 20 4 0 1 12 21 -23 16 
7 18 23 6 14 11 9 -23 5 -8 18 15 14 6 20 -2 7 12 -23 1 
0 3 -9 -12 10 -1 -1 4 7 -19 8 10 20 16 10 18 0 20 9 14 
12 14 -5 -20 -5 -9 -20 18 9 15 23 11 -20 -14 -1 8 17 2 -15 3 
3 -15 2 17 8 -1 -14 -20 11 23 15 9 18 -20 -9 -5 -20 -5 14 12 
14 9 20 0 18 10 16 20 10 8 -19 7 4 -1 -1 10 -12 -9 3 0 
1 -23 12 7 -2 20 6 14 15 18 -8 5 -23 9 11 14 6 23 18 7 
16 -23 21 12 1 0 4 20 12 22 4 -14 20 -2 16 1 1 23 7 7 
2 -6 12 1 2 11 -13 18 12 19 8 11 -21 -6 19 17 5 12 -18 10 
15 -3 23 18 14 2 17 4 2 14 1 2 5 -11 17 23 -3 18 7 17 
-8 19 -13 -18 12 19 -3 20 -4 8 22 -16 23 19 -17 -1 -10 17 13 -14 
5 1 6 2 17 1 4 -8 3 2 6 10 14 13 22 20 16 18 20 -13 
18 7 22 9 20 22 16 -4 15 13 5 2 5 22 5 11 0 8 23 15 
-4 4 17 19 7 -12 -18 2 9 -20 7 5 2 12 4 6 -6 21 -9 19 
96
1
0 5
19 14
0
0
