20 20
1 12 4 5 16 28 -12 -23 4 -12 22 25 22 2 28 12 20 16 3 -14 
10 10 -23 22 17 -21 25 7 -13 5 14 -3 -19 25 24 29 -14 11 21 -22 
28 10 20 13 8 25 11 5 2 3 -6 23 8 3 13 3 -22 -16 1 29 
1 23 -25 23 8 15 8 18 17 10 26 17 -25 -1 28 -1 5 -25 15 -7 
-8 5 2 23 14 2 22 -27 11 22 3 19 28 19 8 10 20 7 24 6 
3 15 1 -15 9 -13 -24 1 -10 8 11 24 10 3 6 -23 17 -26 6 14 
-15 29 21 -1 -4 2 -11 15 18 15 -25 22 7 10 6 6 -17 19 6 27 
10 21 21 -12 16 29 -24 -27 21 24 24 20 -27 -1 -1 -26 15 26 -6 12 
21 19 14 7 14 -29 18 -8 29 10 1 6 16 23 -28 6 22 15 9 6 
29 -1 -5 10 27 -3 5 11 11 -21 -11 21 26 25 13 2 0 4 -22 15 
15 -22 4 0 2 13 25 26 21 -11 -21 11 11 5 -3 27 10 -5 -1 29 
6 9 15 22 6 -28 23 16 6 1 10 29 -8 18 -29 14 7 14 19 21 
12 -6 26 15 -26 -1 -1 -27 20 24 24 21 -27 -24 29 16 -12 21 21 10 
27 6 19 -17 6 6 10 7 22 -25 15 18 15 -11 2 -4 -1 21 29 -15 
14 6 -26 17 -23 6 3 10 24 11 8 -10 1 -24 -13 9 -15 1 15 3 
6 24 7 20 10 8 19 28 19 3 22 11 -27 22 2 14 23 2 5 -8 
-7 15 -25 5 -1 28 -1 -25 17 26 10 17 18 8 15 8 23 -25 23 1 
29 1 -16 -22 3 13 3 8 23 -6 3 2 5 11 25 8 13 20 10 28 
-22 21 11 -14 29 24 25 -19 -3 14 5 -13 7 25 -21 17 22 -23 10 10 
-14 3 16 20 12 28 2 22 25 22 -12 4 -23 -12 28 16 5 4 12 1 
182
1
11 3
8 16
0
0
