20 20
4 12 -10 -13 6 2 -2 8 -14 -2 1 -9 -2 13 7 14 9 1 -10 11 
5 6 7 3 6 12 14 0 14 9 9 -2 14 13 4 -8 4 7 14 6 
-4 9 -10 -5 11 3 14 -7 13 5 8 -14 12 11 4 -3 3 13 -4 3 
13 10 0 7 12 14 3 -7 1 -6 0 7 9 14 -6 -10 1 5 -3 -14 
7 14 9 9 -2 2 11 4 7 4 3 1 4 6 12 1 -10 5 -4 -7 
2 4 11 4 13 5 1 4 -8 -7 13 11 12 -11 -3 8 -13 11 -8 5 
-5 -14 -1 7 -14 -7 -13 -8 5 -3 -9 -10 -1 14 2 11 2 14 9 12 
0 8 -13 -1 -1 11 4 3 1 7 2 6 6 5 -3 4 4 6 -8 -5 
14 11 -8 3 -14 1 -12 5 -3 2 8 2 6 3 2 -5 -13 0 1 -14 
1 0 2 1 10 14 12 14 7 -7 3 4 1 14 7 -14 -6 8 12 3 
3 12 8 -6 -14 7 14 1 4 3 -7 7 14 12 14 10 1 2 0 1 
-14 1 0 -13 -5 2 3 6 2 8 2 -3 5 -12 1 -14 3 -8 11 14 
-5 -8 6 4 4 -3 5 6 6 2 7 1 3 4 11 -1 -1 -13 8 0 
12 9 14 2 11 2 14 -1 -10 -9 -3 5 -8 -13 -7 -14 7 -1 -14 -5 
5 -8 11 -13 8 -3 -11 12 11 13 -7 -8 4 1 5 13 4 11 4 2 
-7 -4 5 -10 1 12 6 4 1 3 4 7 4 11 2 -2 9 9 14 7 
-14 -3 5 1 -10 -6 14 9 7 0 -6 1 -7 3 14 12 7 0 10 13 
3 -4 13 3 -3 4 11 12 -14 8 5 13 -7 14 3 11 -5 -10 9 -4 
6 14 7 4 -8 4 13 14 -2 9 9 14 0 14 12 6 3 7 6 5 
11 -10 1 9 14 7 13 -2 -9 1 -2 -14 8 -2 2 6 -13 -10 12 4 
94
1
19 1
0 18
0
0
