20 20
16 9 5 20 11 5 16 20 26 4 21 4 -14 -10 21 8 7 -6 23 -2 
7 8 -3 16 -4 -25 4 -13 11 26 11 23 -7 -5 3 1 3 16 -9 26 
5 10 1 2 10 -9 4 0 6 -2 13 -5 -20 19 3 -18 2 15 26 21 
19 -17 -7 2 19 5 -5 -8 -14 -26 18 23 -24 5 16 25 -17 20 22 20 
19 -6 20 18 0 7 -4 9 2 5 26 -23 24 -8 3 9 19 3 24 13 
-25 15 -5 -26 25 12 8 10 -4 -12 3 24 26 16 25 26 8 12 10 4 
18 7 20 1 13 -7 18 -20 4 13 -26 22 17 -5 15 23 13 -6 3 9 
23 9 20 15 1 -25 0 21 14 21 4 0 23 26 6 15 19 -17 24 26 
-20 15 26 12 -18 22 10 7 6 11 -6 -3 6 7 9 17 -26 19 8 -18 
14 3 17 -3 21 -5 -5 2 19 7 14 8 26 11 24 4 18 4 19 -19 
-19 19 4 18 4 24 11 26 8 14 7 19 2 -5 -5 21 -3 17 3 14 
-18 8 19 -26 17 9 7 6 -3 -6 11 6 7 10 22 -18 12 26 15 -20 
26 24 -17 19 15 6 26 23 0 4 21 14 21 0 -25 1 15 20 9 23 
9 3 -6 13 23 15 -5 17 22 -26 13 4 -20 18 -7 13 1 20 7 18 
4 10 12 8 26 25 16 26 24 3 -12 -4 10 8 12 25 -26 -5 15 -25 
13 24 3 19 9 3 -8 24 -23 26 5 2 9 -4 7 0 18 20 -6 19 
20 22 20 -17 25 16 5 -24 23 18 -26 -14 -8 -5 5 19 2 -7 -17 19 
21 26 15 2 -18 3 19 -20 -5 13 -2 6 0 4 -9 10 2 1 10 5 
26 -9 16 3 1 3 -5 -7 23 11 26 11 -13 4 -25 -4 16 -3 8 7 
-2 23 -6 7 8 21 -10 -14 4 21 4 26 20 16 5 11 20 5 9 16 
198
1
2 11
17 8
0
0
