20 20
15 7 4 1 4 14 14 4 12 8 8 -18 10 11 -8 15 11 -17 -15 12 
-11 -2 6 1 2 10 4 10 13 13 -18 11 7 1 1 12 4 -1 5 17 
16 -17 5 -12 14 4 13 6 12 3 -11 15 13 -1 -14 6 5 -6 8 15 
2 17 -13 14 1 3 3 17 9 14 17 3 17 -8 9 -14 7 6 7 7 
16 6 -13 -13 12 7 11 -15 -12 16 6 12 17 1 -12 9 11 11 7 -18 
-10 8 6 7 8 -9 2 -2 -18 17 3 1 7 13 4 -13 1 -15 1 -7 
9 -5 11 -12 -5 -3 18 0 7 3 6 1 6 6 4 -18 7 12 7 -1 
16 0 9 -4 0 0 3 4 10 -5 -13 9 2 13 6 12 17 1 17 -16 
13 -7 -2 12 14 18 7 -12 13 10 -3 -11 6 17 6 -1 1 11 2 3 
3 -9 11 0 4 3 1 -4 -5 -16 14 16 3 15 1 16 2 0 3 6 
6 3 0 2 16 1 15 3 16 14 -16 -5 -4 1 3 4 0 11 -9 3 
3 2 11 1 -1 6 17 6 -11 -3 10 13 -12 7 18 14 12 -2 -7 13 
-16 17 1 17 12 6 13 2 9 -13 -5 10 4 3 0 0 -4 9 0 16 
-1 7 12 7 -18 4 6 6 1 6 3 7 0 18 -3 -5 -12 11 -5 9 
-7 1 -15 1 -13 4 13 7 1 3 17 -18 -2 2 -9 8 7 6 8 -10 
-18 7 11 11 9 -12 1 17 12 6 16 -12 -15 11 7 12 -13 -13 6 16 
7 7 6 7 -14 9 -8 17 3 17 14 9 17 3 3 1 14 -13 17 2 
15 8 -6 5 6 -14 -1 13 15 -11 3 12 6 13 4 14 -12 5 -17 16 
17 5 -1 4 12 1 1 7 11 -18 13 13 10 4 10 2 1 6 -2 -11 
12 -15 -17 11 15 -8 11 10 -18 8 8 12 4 14 14 4 1 4 7 15 
154
1
2 12
17 7
0
0
