20 20
16 27 3 15 -10 25 16 26 6 3 25 23 -1 20 -22 9 15 10 1 -9 
2 20 -14 9 22 -5 -24 26 8 6 12 11 5 17 26 0 11 16 13 5 
0 15 8 1 17 -21 22 21 19 26 27 8 10 12 -15 28 -15 -1 11 2 
25 22 27 0 7 23 4 2 1 -5 19 22 -22 28 13 -26 17 -1 -12 23 
25 17 15 4 16 -21 1 0 23 -21 12 -14 7 1 27 26 24 17 -6 19 
-23 10 10 15 23 20 23 9 14 4 25 27 9 17 7 15 17 11 -22 20 
13 11 27 -23 7 1 -22 28 -22 -24 21 10 3 28 26 7 8 26 2 22 
15 -5 5 25 -21 16 -17 26 22 22 16 4 -2 3 11 16 14 11 18 26 
21 26 -6 2 11 2 -21 24 20 24 0 16 17 15 1 -20 13 23 -5 3 
3 14 18 16 20 -5 16 7 1 25 -27 24 1 12 23 -20 -28 22 -4 15 
15 -4 22 -28 -20 23 12 1 24 -27 25 1 7 16 -5 20 16 18 14 3 
3 -5 23 13 -20 1 15 17 16 0 24 20 24 -21 2 11 2 -6 26 21 
26 18 11 14 16 11 3 -2 4 16 22 22 26 -17 16 -21 25 5 -5 15 
22 2 26 8 7 26 28 3 10 21 -24 -22 28 -22 1 7 -23 27 11 13 
20 -22 11 17 15 7 17 9 27 25 4 14 9 23 20 23 15 10 10 -23 
19 -6 17 24 26 27 1 7 -14 12 -21 23 0 1 -21 16 4 15 17 25 
23 -12 -1 17 -26 13 28 -22 22 19 -5 1 2 4 23 7 0 27 22 25 
2 11 -1 -15 28 -15 12 10 8 27 26 19 21 22 -21 17 1 8 15 0 
5 13 16 11 0 26 17 5 11 12 6 8 26 -24 -5 22 9 -14 20 2 
-9 1 10 15 9 -22 20 -1 23 25 3 6 26 16 25 -10 15 3 27 16 
175
1
2 6
17 13
0
0
