20 20
-5 8 -9 20 13 20 9 3 -4 3 1 7 14 -1 21 17 -1 20 7 -13 
6 19 6 10 -19 3 13 2 9 3 21 0 14 4 1 -15 0 12 18 3 
10 7 8 1 13 11 0 11 20 -20 20 16 11 16 14 6 16 16 7 -10 
10 7 -15 -19 11 11 -20 -7 -6 13 1 0 2 -16 5 -15 13 14 19 16 
6 4 21 7 19 15 5 2 13 -4 8 -20 15 -5 10 1 -15 -7 -14 19 
-18 -17 2 5 11 7 -19 4 19 7 3 -18 20 17 11 0 14 6 12 2 
19 -17 0 -9 -12 9 -21 -6 10 -19 -4 -1 2 -9 -12 21 16 6 20 15 
19 20 15 -12 -5 13 -9 -9 18 3 -19 1 18 18 -16 13 16 17 -3 6 
-7 4 21 -13 13 18 10 -20 15 -4 4 12 17 4 5 -7 0 14 -1 16 
16 6 21 13 21 6 13 15 1 11 19 16 -11 2 12 13 6 12 -17 21 
21 -17 12 6 13 12 2 -11 16 19 11 1 15 13 6 21 13 21 6 16 
16 -1 14 0 -7 5 4 17 12 4 -4 15 -20 10 18 13 -13 21 4 -7 
6 -3 17 16 13 -16 18 18 1 -19 3 18 -9 -9 13 -5 -12 15 20 19 
15 20 6 16 21 -12 -9 2 -1 -4 -19 10 -6 -21 9 -12 -9 0 -17 19 
2 12 6 14 0 11 17 20 -18 3 7 19 4 -19 7 11 5 2 -17 -18 
19 -14 -7 -15 1 10 -5 15 -20 8 -4 13 2 5 15 19 7 21 4 6 
16 19 14 13 -15 5 -16 2 0 1 13 -6 -7 -20 11 11 -19 -15 7 10 
-10 7 16 16 6 14 16 11 16 20 -20 20 11 0 11 13 1 8 7 10 
3 18 12 0 -15 1 4 14 0 21 3 9 2 13 3 -19 10 6 19 6 
-13 7 20 -1 17 21 -1 14 7 1 3 -4 3 9 20 13 20 -9 8 -5 
83
1
18 6
1 13
0
0
