20 20
5 2 3 -8 10 -11 4 -16 -1 3 1 3 -13 -9 3 13 7 11 -5 7 
-3 1 12 5 13 1 0 0 6 6 8 8 3 -11 4 -9 -2 3 1 14 
8 11 15 6 -4 6 13 5 1 3 2 6 16 10 8 8 12 6 -1 10 
10 8 -8 11 11 15 9 2 -12 16 6 5 4 7 -14 11 1 -5 14 2 
12 5 -1 0 8 6 8 2 -5 5 6 14 -4 -15 16 12 2 5 -10 0 
6 4 10 0 8 7 14 2 14 -2 10 2 11 12 2 0 -10 8 -6 7 
2 12 6 15 0 14 3 -4 -1 10 11 7 3 -9 13 2 6 4 -15 -14 
12 8 16 7 1 13 3 0 -12 -2 3 2 -14 7 5 2 15 -12 9 -10 
1 -7 15 -4 15 -14 16 12 4 11 1 0 12 10 -16 9 -14 12 5 4 
-2 -7 -9 1 13 15 12 3 6 -9 16 14 9 15 -14 15 3 3 13 8 
8 13 3 3 15 -14 15 9 14 16 -9 6 3 12 15 13 1 -9 -7 -2 
4 5 12 -14 9 -16 10 12 0 1 11 4 12 16 -14 15 -4 15 -7 1 
-10 9 -12 15 2 5 7 -14 2 3 -2 -12 0 3 13 1 7 16 8 12 
-14 -15 4 6 2 13 -9 3 7 11 10 -1 -4 3 14 0 15 6 12 2 
7 -6 8 -10 0 2 12 11 2 10 -2 14 2 14 7 8 0 10 4 6 
0 -10 5 2 12 16 -15 -4 14 6 5 -5 2 8 6 8 0 -1 5 12 
2 14 -5 1 11 -14 7 4 5 6 16 -12 2 9 15 11 11 -8 8 10 
10 -1 6 12 8 8 10 16 6 2 3 1 5 13 6 -4 6 15 11 8 
14 1 3 -2 -9 4 -11 3 8 8 6 6 0 0 1 13 5 12 1 -3 
7 -5 11 7 13 3 -9 -13 3 1 3 -1 -16 4 -11 10 -8 3 2 5 
52
1
16 4
3 15
0
0
