20 20
2 11 16 5 -6 1 10 -1 -13 12 -1 6 -9 7 12 13 15 -1 11 7 
12 3 -9 16 4 1 -9 7 -2 12 12 -16 -7 -5 11 3 3 8 -15 12 
8 7 -15 16 14 11 10 3 10 7 9 11 -9 4 3 6 -15 2 6 9 
-11 -2 -16 11 1 9 16 4 13 13 2 0 3 5 13 4 -13 -14 14 -15 
3 2 7 -13 15 4 13 -7 5 16 11 12 -16 4 -5 13 6 9 10 4 
10 15 -6 2 9 14 -16 2 12 -5 14 14 6 12 5 4 2 8 13 3 
5 9 5 11 3 11 13 14 -5 14 8 2 6 13 -7 8 14 -12 9 3 
15 -8 2 -5 -6 1 13 4 13 8 7 2 15 15 14 4 12 9 -1 -16 
5 13 6 12 14 -12 14 1 1 7 -10 -2 12 16 -16 15 13 0 13 10 
14 2 -5 6 15 -13 8 6 12 -4 1 -3 -6 2 1 -3 -1 15 9 4 
4 9 15 -1 -3 1 2 -6 -3 1 -4 12 6 8 -13 15 6 -5 2 14 
10 13 0 13 15 -16 16 12 -2 -10 7 1 1 14 -12 14 12 6 13 5 
-16 -1 9 12 4 14 15 15 2 7 8 13 4 13 1 -6 -5 2 -8 15 
3 9 -12 14 8 -7 13 6 2 8 14 -5 14 13 11 3 11 5 9 5 
3 13 8 2 4 5 12 6 14 14 -5 12 2 -16 14 9 2 -6 15 10 
4 10 9 6 13 -5 4 -16 12 11 16 5 -7 13 4 15 -13 7 2 3 
-15 14 -14 -13 4 13 5 3 0 2 13 13 4 16 9 1 11 -16 -2 -11 
9 6 2 -15 6 3 4 -9 11 9 7 10 3 10 11 14 16 -15 7 8 
12 -15 8 3 3 11 -5 -7 -16 12 12 -2 7 -9 1 4 16 -9 3 12 
7 11 -1 15 13 12 7 -9 6 -1 12 -13 -1 10 1 -6 5 16 11 2 
67
1
0 16
19 3
0
0
