20 20
13 2 22 8 5 19 14 15 15 2 -19 15 6 2 15 -3 20 18 3 20 
19 -20 5 -17 -3 13 -3 11 9 4 12 18 4 3 -2 -14 4 -8 8 -6 
2 0 -19 20 3 20 5 -3 10 -16 20 21 2 6 13 2 15 10 2 7 
17 17 -4 -18 3 9 12 1 6 -20 2 16 11 5 18 -2 -6 2 22 21 
17 18 9 17 5 3 1 11 16 -6 13 12 -18 12 -12 6 -21 3 0 18 
-4 21 16 6 -1 3 3 3 17 13 5 4 3 18 11 -18 9 5 -2 2 
14 17 9 -9 18 -4 5 20 18 9 19 -8 -7 22 12 17 15 18 16 1 
10 -1 4 1 -8 3 8 9 6 1 1 11 3 -16 4 21 0 2 19 16 
3 -10 -18 13 2 -15 -20 -6 -14 -2 18 16 3 12 -16 18 10 21 4 3 
-12 -17 -16 17 -5 -15 7 13 13 5 11 18 22 9 15 -12 8 1 10 5 
5 10 1 8 -12 15 9 22 18 11 5 13 13 7 -15 -5 17 -16 -17 -12 
3 4 21 10 18 -16 12 3 16 18 -2 -14 -6 -20 -15 2 13 -18 -10 3 
16 19 2 0 21 4 -16 3 11 1 1 6 9 8 3 -8 1 4 -1 10 
1 16 18 15 17 12 22 -7 -8 19 9 18 20 5 -4 18 -9 9 17 14 
2 -2 5 9 -18 11 18 3 4 5 13 17 3 3 3 -1 6 16 21 -4 
18 0 3 -21 6 -12 12 -18 12 13 -6 16 11 1 3 5 17 9 18 17 
21 22 2 -6 -2 18 5 11 16 2 -20 6 1 12 9 3 -18 -4 17 17 
7 2 10 15 2 13 6 2 21 20 -16 10 -3 5 20 3 20 -19 0 2 
-6 8 -8 4 -14 -2 3 4 18 12 4 9 11 -3 13 -3 -17 5 -20 19 
20 3 18 20 -3 15 2 6 15 -19 2 15 15 14 19 5 8 22 2 13 
116
1
5 8
14 11
0
0
