20 20
8 -19 19 -19 17 17 7 17 19 17 15 -6 -4 7 18 8 7 8 15 19 
8 -9 7 7 14 14 13 14 3 5 -17 -2 19 12 15 6 18 15 6 18 
13 15 15 15 9 13 -2 -8 18 1 13 13 -3 4 14 -1 3 15 -5 7 
-3 15 -17 6 -17 16 -15 15 -8 14 5 -2 3 11 -13 11 17 5 4 10 
-14 -1 1 -6 9 1 16 -3 13 4 18 -2 15 -9 13 19 2 13 -5 10 
13 5 18 17 9 2 17 7 10 2 16 13 9 -13 19 10 7 -1 -1 3 
2 -16 18 11 9 0 13 13 -12 18 4 0 4 8 12 10 2 13 2 -3 
15 8 -18 11 5 1 4 18 12 -10 -7 19 2 -16 18 -14 15 12 4 1 
17 8 6 4 7 -16 5 10 -13 1 6 -15 11 9 16 19 13 15 15 -13 
12 14 -9 10 18 0 12 0 0 11 -9 4 11 7 8 14 -1 9 -17 9 
9 -17 9 -1 14 8 7 11 4 -9 11 0 0 12 0 18 10 -9 14 12 
-13 15 15 13 19 16 9 11 -15 6 1 -13 10 5 -16 7 4 6 8 17 
1 4 12 15 -14 18 -16 2 19 -7 -10 12 18 4 1 5 11 -18 8 15 
-3 2 13 2 10 12 8 4 0 4 18 -12 13 13 0 9 11 18 -16 2 
3 -1 -1 7 10 19 -13 9 13 16 2 10 7 17 2 9 17 18 5 13 
10 -5 13 2 19 13 -9 15 -2 18 4 13 -3 16 1 9 -6 1 -1 -14 
10 4 5 17 11 -13 11 3 -2 5 14 -8 15 -15 16 -17 6 -17 15 -3 
7 -5 15 3 -1 14 4 -3 13 13 1 18 -8 -2 13 9 15 15 15 13 
18 6 15 18 6 15 12 19 -2 -17 5 3 14 13 14 14 7 7 -9 8 
19 15 8 7 8 18 7 -4 -6 15 17 19 17 7 17 17 -19 19 -19 8 
37
1
15 2
4 17
0
0
