20 20
-11 8 27 14 11 -20 -15 6 14 7 5 22 -24 8 27 3 24 23 -5 10 
19 28 -30 8 -19 -21 24 -15 -11 10 25 -3 13 -14 22 10 24 9 28 -26 
9 5 28 27 12 19 18 2 21 15 -30 17 15 1 17 -28 18 20 16 19 
5 24 29 4 6 5 -14 12 15 26 2 29 29 10 8 16 11 1 6 18 
5 5 21 26 -9 -22 -24 4 16 20 19 -16 14 16 17 10 -29 0 22 -17 
6 25 16 -10 4 20 29 11 8 -15 13 11 28 26 18 -21 13 -14 -12 -25 
21 27 9 30 25 21 10 -10 28 0 29 4 11 25 16 30 15 25 21 6 
0 14 12 -23 17 24 0 11 17 -5 25 -4 17 4 2 21 8 -5 -4 -26 
14 -22 8 -3 9 8 27 -18 22 -27 14 21 -12 -17 4 27 7 22 24 11 
16 25 25 -13 9 10 18 17 1 4 -17 30 13 17 1 21 9 7 17 -9 
-9 17 7 9 21 1 17 13 30 -17 4 1 17 18 10 9 -13 25 25 16 
11 24 22 7 27 4 -17 -12 21 14 -27 22 -18 27 8 9 -3 8 -22 14 
-26 -4 -5 8 21 2 4 17 -4 25 -5 17 11 0 24 17 -23 12 14 0 
6 21 25 15 30 16 25 11 4 29 0 28 -10 10 21 25 30 9 27 21 
-25 -12 -14 13 -21 18 26 28 11 13 -15 8 11 29 20 4 -10 16 25 6 
-17 22 0 -29 10 17 16 14 -16 19 20 16 4 -24 -22 -9 26 21 5 5 
18 6 1 11 16 8 10 29 29 2 26 15 12 -14 5 6 4 29 24 5 
19 16 20 18 -28 17 1 15 17 -30 15 21 2 18 19 12 27 28 5 9 
-26 28 9 24 10 22 -14 13 -3 25 10 -11 -15 24 -21 -19 8 -30 28 19 
10 -5 23 24 3 27 8 -24 22 5 7 14 6 -15 -20 11 14 27 8 -11 
43
1
14 5
5 14
0
0
