20 20
2 5 2 4 6 9 6 -11 1 6 -7 6 -5 3 5 -9 -2 4 7 -13 
11 -12 -12 7 -7 11 4 -13 -5 -7 -1 13 1 -9 11 9 -11 -4 7 9 
-10 7 -9 13 -7 3 10 4 10 8 12 -9 11 7 -12 1 11 10 11 -5 
6 1 6 13 13 12 12 2 -13 -12 7 -10 10 2 -11 2 0 13 13 13 
9 -7 -2 10 2 12 10 10 3 -3 -5 0 8 3 12 1 -3 -9 -13 1 
6 9 5 0 5 0 -2 6 2 -5 13 -9 4 8 6 -9 -13 13 -9 9 
4 4 -5 4 -10 9 13 1 8 -7 12 3 2 0 -13 11 13 5 6 6 
8 -7 -12 7 -9 6 6 4 -9 -8 8 -12 -11 3 2 3 13 2 13 12 
2 2 1 7 7 2 -11 5 4 3 3 -5 9 -13 10 12 -1 6 13 10 
11 9 -3 11 7 2 7 12 -2 -5 5 8 12 11 -7 2 1 12 -5 -12 
-12 -5 12 1 2 -7 11 12 8 5 -5 -2 12 7 2 7 11 -3 9 11 
10 13 6 -1 12 10 -13 9 -5 3 3 4 5 -11 2 7 7 1 2 2 
12 13 2 13 3 2 3 -11 -12 8 -8 -9 4 6 6 -9 7 -12 -7 8 
6 6 5 13 11 -13 0 2 3 12 -7 8 1 13 9 -10 4 -5 4 4 
9 -9 13 -13 -9 6 8 4 -9 13 -5 2 6 -2 0 5 0 5 9 6 
1 -13 -9 -3 1 12 3 8 0 -5 -3 3 10 10 12 2 10 -2 -7 9 
13 13 13 0 2 -11 2 10 -10 7 -12 -13 2 12 12 13 13 6 1 6 
-5 11 10 11 1 -12 7 11 -9 12 8 10 4 10 3 -7 13 -9 7 -10 
9 7 -4 -11 9 11 -9 1 13 -1 -7 -5 -13 4 11 -7 7 -12 -12 11 
-13 7 4 -2 -9 5 3 -5 6 -7 6 1 -11 6 9 6 4 2 5 2 
193
1
18 1
1 18
0
0
