20 20
-7 3 16 5 -12 9 5 17 8 10 13 9 2 17 4 -1 8 -14 -8 12 
14 -1 -10 -3 9 11 5 13 9 6 5 14 4 2 13 9 16 15 1 11 
-4 -1 15 9 0 7 9 -7 9 13 16 -16 0 13 -17 -17 -17 7 10 -1 
4 17 1 8 11 7 -8 -4 16 4 6 -14 10 10 -13 -10 -11 4 -7 -14 
1 7 -13 -7 14 3 9 14 12 12 6 -12 9 9 -13 3 11 16 2 5 
14 11 13 -16 -3 -6 15 13 0 4 -11 0 4 -8 5 -4 11 -3 15 3 
-17 10 -15 10 12 13 13 4 5 3 -5 10 15 -4 -11 5 9 14 3 3 
4 3 2 -16 1 -14 7 3 1 -16 12 -4 -1 8 -2 -8 17 -4 -3 9 
2 13 -6 4 5 13 12 10 9 13 -5 10 -9 2 1 0 17 10 -2 13 
5 11 13 -10 6 2 6 14 -7 17 8 6 -9 3 5 12 6 -14 13 5 
5 13 -14 6 12 5 3 -9 6 8 17 -7 14 6 2 6 -10 13 11 5 
13 -2 10 17 0 1 2 -9 10 -5 13 9 10 12 13 5 4 -6 13 2 
9 -3 -4 17 -8 -2 8 -1 -4 12 -16 1 3 7 -14 1 -16 2 3 4 
3 3 14 9 5 -11 -4 15 10 -5 3 5 4 13 13 12 10 -15 10 -17 
3 15 -3 11 -4 5 -8 4 0 -11 4 0 13 15 -6 -3 -16 13 11 14 
5 2 16 11 3 -13 9 9 -12 6 12 12 14 9 3 14 -7 -13 7 1 
-14 -7 4 -11 -10 -13 10 10 -14 6 4 16 -4 -8 7 11 8 1 17 4 
-1 10 7 -17 -17 -17 13 0 -16 16 13 9 -7 9 7 0 9 15 -1 -4 
11 1 15 16 9 13 2 4 14 5 6 9 13 5 11 9 -3 -10 -1 14 
12 -8 -14 8 -1 4 17 2 9 13 10 8 17 5 9 -12 5 16 3 -7 
34
1
1 6
18 13
0
0
