20 20
11 -3 8 15 8 1 10 0 2 0 6 0 16 14 -3 10 0 15 -5 -3 
17 0 6 17 18 17 13 14 16 18 2 12 -15 9 15 16 13 1 1 -2 
-9 13 16 3 2 -6 -16 4 8 1 4 7 10 8 2 6 8 18 2 10 
13 1 10 6 0 -13 2 1 -14 -2 12 10 2 -16 8 5 -7 1 9 16 
-2 1 11 11 -6 5 2 2 -18 18 1 16 15 0 14 11 8 14 10 9 
16 6 13 11 3 17 6 10 2 10 -18 -16 1 0 16 13 -11 11 2 14 
12 3 7 -17 0 13 10 -12 -16 4 11 -10 -17 18 -6 -2 17 -2 -18 0 
16 6 0 11 1 -10 14 12 3 7 12 6 7 12 11 5 15 -13 10 13 
4 5 15 5 -18 -9 12 12 17 14 -13 8 18 -13 13 13 2 15 2 1 
15 18 5 12 0 -16 8 5 16 0 0 7 13 17 16 -5 -17 4 12 -2 
-2 12 4 -17 -5 16 17 13 7 0 0 16 5 8 -16 0 12 5 18 15 
1 2 15 2 13 13 -13 18 8 -13 14 17 12 12 -9 -18 5 15 5 4 
13 10 -13 15 5 11 12 7 6 12 7 3 12 14 -10 1 11 0 6 16 
0 -18 -2 17 -2 -6 18 -17 -10 11 4 -16 -12 10 13 0 -17 7 3 12 
14 2 11 -11 13 16 0 1 -16 -18 10 2 10 6 17 3 11 13 6 16 
9 10 14 8 11 14 0 15 16 1 18 -18 2 2 5 -6 11 11 1 -2 
16 9 1 -7 5 8 -16 2 10 12 -2 -14 1 2 -13 0 6 10 1 13 
10 2 18 8 6 2 8 10 7 4 1 8 4 -16 -6 2 3 16 13 -9 
-2 1 1 13 16 15 9 -15 12 2 18 16 14 13 17 18 17 6 0 17 
-3 -5 15 0 10 -3 14 16 0 6 0 2 0 10 1 8 15 8 -3 11 
97
1
18 5
1 14
0
0
