20 20
1 7 7 -1 -11 8 -10 9 9 4 2 5 -5 -12 3 -11 3 -10 5 10 
10 5 -10 -2 2 6 -11 4 -2 9 3 5 9 3 6 10 -5 -1 8 3 
6 12 -11 1 -7 -3 3 -12 5 12 6 -3 -3 3 7 10 10 7 3 1 
-8 1 10 4 -2 1 -2 1 -9 8 -11 12 7 3 -12 8 8 4 5 9 
5 -8 -1 1 -2 2 7 -3 6 1 7 12 -2 12 9 11 12 6 3 0 
4 -7 -3 7 6 -11 5 9 6 9 3 1 11 -7 -5 2 8 9 -12 2 
7 3 0 2 7 6 -12 3 5 4 2 1 3 8 0 8 1 10 6 12 
-7 5 6 -8 5 -8 -8 -4 6 6 1 1 11 2 9 12 -5 3 10 0 
7 7 11 -6 5 3 10 12 10 5 10 12 -11 4 6 0 9 11 4 10 
7 -12 4 12 3 11 2 4 12 5 -11 -1 3 12 12 3 8 1 -5 -12 
-12 -5 1 8 3 12 12 3 -1 -11 5 12 4 2 11 3 12 4 -12 7 
10 4 11 9 0 6 4 -11 12 10 5 10 12 10 3 5 -6 11 7 7 
0 10 3 -5 12 9 2 11 1 1 6 6 -4 -8 -8 5 -8 6 5 -7 
12 6 10 1 8 0 8 3 1 2 4 5 3 -12 6 7 2 0 3 7 
2 -12 9 8 2 -5 -7 11 1 3 9 6 9 5 -11 6 7 -3 -7 4 
0 3 6 12 11 9 12 -2 12 7 1 6 -3 7 2 -2 1 -1 -8 5 
9 5 4 8 8 -12 3 7 12 -11 8 -9 1 -2 1 -2 4 10 1 -8 
1 3 7 10 10 7 3 -3 -3 6 12 5 -12 3 -3 -7 1 -11 12 6 
3 8 -1 -5 10 6 3 9 5 3 9 -2 4 -11 6 2 -2 -10 5 10 
10 5 -10 3 -11 3 -12 -5 5 2 4 9 9 -10 8 -11 -1 7 7 1 
85
1
8 14
11 5
0
0
