20 20
7 -3 -2 14 5 4 -23 -21 -17 0 -12 24 -17 -7 11 1 14 15 20 23 
-4 -24 8 18 0 13 14 25 15 -15 25 13 4 18 6 9 17 13 0 11 
-11 3 24 3 11 18 15 15 1 19 24 2 16 5 2 23 -19 1 17 5 
-16 3 17 -23 12 4 3 -16 10 19 1 6 -19 -13 0 -11 22 5 -20 22 
14 13 21 1 17 2 17 -21 18 19 12 -12 -9 23 22 23 10 12 -13 1 
-15 22 -24 15 -10 23 7 -1 -9 14 18 2 11 -19 25 18 -6 -21 19 -21 
22 10 -2 16 20 19 -18 16 25 18 0 12 16 -1 -15 17 24 19 -17 25 
14 -20 17 1 17 16 5 5 20 20 7 23 15 -20 -5 -4 2 -9 21 9 
12 3 3 8 0 -21 18 6 -18 10 7 -12 5 1 17 -15 23 15 4 -21 
5 -10 25 4 -1 10 11 18 18 -6 9 7 4 23 18 9 4 4 25 2 
2 25 4 4 9 18 23 4 7 9 -6 18 18 11 10 -1 4 25 -10 5 
-21 4 15 23 -15 17 1 5 -12 7 10 -18 6 18 -21 0 8 3 3 12 
9 21 -9 2 -4 -5 -20 15 23 7 20 20 5 5 16 17 1 17 -20 14 
25 -17 19 24 17 -15 -1 16 12 0 18 25 16 -18 19 20 16 -2 10 22 
-21 19 -21 -6 18 25 -19 11 2 18 14 -9 -1 7 23 -10 15 -24 22 -15 
1 -13 12 10 23 22 23 -9 -12 12 19 18 -21 17 2 17 1 21 13 14 
22 -20 5 22 -11 0 -13 -19 6 1 19 10 -16 3 4 12 -23 17 3 -16 
5 17 1 -19 23 2 5 16 2 24 19 1 15 15 18 11 3 24 3 -11 
11 0 13 17 9 6 18 4 13 25 -15 15 25 14 13 0 18 8 -24 -4 
23 20 15 14 1 11 -7 -17 24 -12 0 -17 -21 -23 4 5 14 -2 -3 7 
98
1
7 14
12 5
0
0
