20 20
16 12 12 12 5 -11 6 -14 4 9 10 -5 5 -14 -7 16 7 6 3 13 
9 12 1 -2 1 11 3 16 -5 -14 14 2 12 -14 2 12 2 0 8 6 
15 15 -8 10 11 -9 11 -1 3 -12 4 8 10 -8 13 14 -5 12 -10 12 
9 9 2 7 5 -6 16 1 2 4 1 -7 -2 16 -14 15 13 7 4 -4 
-10 2 12 6 4 6 -6 0 9 -16 -11 5 -5 14 6 13 15 13 1 14 
2 16 6 -9 11 12 -15 6 16 -9 -10 -2 0 7 16 6 1 -8 -15 13 
11 12 -9 8 0 2 15 -7 4 5 3 3 9 -8 -1 7 1 7 4 6 
-15 8 10 9 5 -1 11 -13 -14 13 14 4 -6 7 -13 4 0 8 3 13 
6 11 10 5 8 8 13 13 9 14 -14 11 15 4 -6 10 15 2 2 14 
12 7 16 -11 12 -1 2 3 3 12 -12 5 -7 1 16 -2 7 0 1 -8 
-8 1 0 7 -2 16 1 -7 5 -12 12 3 3 2 -1 12 -11 16 7 12 
14 2 2 15 10 -6 4 15 11 -14 14 9 13 13 8 8 5 10 11 6 
13 3 8 0 4 -13 7 -6 4 14 13 -14 -13 11 -1 5 9 10 8 -15 
6 4 7 1 7 -1 -8 9 3 3 5 4 -7 15 2 0 8 -9 12 11 
13 -15 -8 1 6 16 7 0 -2 -10 -9 16 6 -15 12 11 -9 6 16 2 
14 1 13 15 13 6 14 -5 5 -11 -16 9 0 -6 6 4 6 12 2 -10 
-4 4 7 13 15 -14 16 -2 -7 1 4 2 1 16 -6 5 7 2 9 9 
12 -10 12 -5 14 13 -8 10 8 4 -12 3 -1 11 -9 11 10 -8 15 15 
6 8 0 2 12 2 -14 12 2 14 -14 -5 16 3 11 1 -2 1 12 9 
13 3 6 7 16 -7 -14 5 -5 10 9 4 -14 6 -11 5 12 12 12 16 
91
1
4 12
15 7
0
0
