20 20
-16 10 18 7 4 3 -16 22 -10 -10 16 22 -20 -13 -3 12 23 -12 4 14 
26 20 10 6 26 0 19 -18 -25 12 23 -13 14 10 3 -16 21 -16 18 -9 
27 27 20 25 25 10 -10 14 -27 -23 -8 3 2 2 15 21 22 -1 16 10 
23 -4 -12 13 4 12 -22 -13 19 -1 9 27 -6 10 -13 27 17 21 17 3 
8 8 7 -10 20 5 20 12 22 27 26 12 -14 13 5 16 9 11 11 26 
-14 10 15 12 -23 19 24 1 15 -24 21 14 -14 25 4 6 13 24 19 17 
-6 14 -22 1 13 3 -19 0 12 -24 17 6 1 12 3 -12 22 -17 25 19 
19 21 -18 11 25 15 14 8 27 10 -22 16 4 8 22 7 27 -22 -12 9 
-12 -2 16 1 25 1 20 3 20 26 9 0 -22 27 11 13 -24 16 15 -21 
10 16 19 20 18 22 18 -17 -21 5 -13 6 18 17 -27 2 7 -8 7 5 
5 7 -8 7 2 -27 17 18 6 -13 5 -21 -17 18 22 18 20 19 16 10 
-21 15 16 -24 13 11 27 -22 0 9 26 20 3 20 1 25 1 16 -2 -12 
9 -12 -22 27 7 22 8 4 16 -22 10 27 8 14 15 25 11 -18 21 19 
19 25 -17 22 -12 3 12 1 6 17 -24 12 0 -19 3 13 1 -22 14 -6 
17 19 24 13 6 4 25 -14 14 21 -24 15 1 24 19 -23 12 15 10 -14 
26 11 11 9 16 5 13 -14 12 26 27 22 12 20 5 20 -10 7 8 8 
3 17 21 17 27 -13 10 -6 27 9 -1 19 -13 -22 12 4 13 -12 -4 23 
10 16 -1 22 21 15 2 2 3 -8 -23 -27 14 -10 10 25 25 20 27 27 
-9 18 -16 21 -16 3 10 14 -13 23 12 -25 -18 19 0 26 6 10 20 26 
14 4 -12 23 12 -3 -13 -20 22 16 -10 -10 22 -16 3 4 7 18 10 -16 
74
1
9 0
10 19
0
0
