20 20
-4 0 2 5 2 1 -3 7 9 2 8 -3 -9 -3 9 -7 -1 -5 2 8 
4 7 0 3 6 2 9 8 9 6 -1 7 0 8 6 5 7 -5 9 3 
2 0 6 -5 6 7 4 9 1 1 4 -1 2 9 0 -9 1 3 0 7 
-9 3 4 -9 -1 -8 3 0 7 -9 -1 6 3 6 -6 2 8 -6 3 1 
2 -1 -8 5 6 3 3 8 7 8 1 -3 4 1 -9 7 5 9 6 -2 
8 9 5 6 1 -6 2 6 1 1 -6 7 7 -6 7 1 8 -4 -7 9 
6 2 2 2 7 0 1 1 1 8 2 8 4 5 -9 1 7 2 6 9 
-2 2 2 -7 1 4 0 5 4 9 -1 1 -4 1 8 4 -4 7 -8 0 
0 4 0 9 7 6 8 4 4 5 5 1 9 3 2 -2 -2 5 7 1 
7 3 9 0 9 6 -4 -4 -5 7 3 2 8 0 1 3 -2 3 7 8 
8 7 3 -2 3 1 0 8 2 3 7 -5 -4 -4 6 9 0 9 3 7 
1 7 5 -2 -2 2 3 9 1 5 5 4 4 8 6 7 9 0 4 0 
0 -8 7 -4 4 8 1 -4 1 -1 9 4 5 0 4 1 -7 2 2 -2 
9 6 2 7 1 -9 5 4 8 2 8 1 1 1 0 7 2 2 2 6 
9 -7 -4 8 1 7 -6 7 7 -6 1 1 6 2 -6 1 6 5 9 8 
-2 6 9 5 7 -9 1 4 -3 1 8 7 8 3 3 6 5 -8 -1 2 
1 3 -6 8 2 -6 6 3 6 -1 -9 7 0 3 -8 -1 -9 4 3 -9 
7 0 3 1 -9 0 9 2 -1 4 1 1 9 4 7 6 -5 6 0 2 
3 9 -5 7 5 6 8 0 7 -1 6 9 8 9 2 6 3 0 7 4 
8 2 -5 -1 -7 9 -3 -9 -3 8 2 9 7 -3 1 2 5 2 0 -4 
91
1
8 6
11 13
0
0
