20 20
9 4 10 11 7 11 -5 2 -3 5 10 4 9 7 9 5 -9 11 -11 4 
8 4 -4 4 -5 -7 -10 -3 -5 2 7 0 11 5 3 1 6 8 11 10 
-9 -2 9 -7 9 1 11 3 6 6 7 10 2 9 9 5 11 10 0 8 
-7 3 7 7 -10 3 3 6 3 3 5 8 -6 6 3 10 9 -8 0 -5 
8 11 7 1 -1 1 8 -11 0 -3 -7 5 11 5 0 -6 8 3 10 1 
0 -6 5 -11 1 10 10 3 3 9 -7 6 2 -8 5 -11 10 3 6 9 
1 7 2 3 2 4 8 5 7 5 3 5 5 2 11 9 -8 -9 5 10 
9 1 3 -2 -11 7 6 10 -6 1 10 -8 -5 5 5 2 -3 -10 -2 8 
0 -3 -4 7 -8 1 0 2 10 11 1 4 5 -11 -7 5 11 -10 2 3 
-4 -4 3 -2 -4 6 1 -4 -3 3 -1 -5 9 -6 2 4 1 -11 3 9 
9 3 -11 1 4 2 -6 9 -5 -1 3 -3 -4 1 6 -4 -2 3 -4 -4 
3 2 -10 11 5 -7 -11 5 4 1 11 10 2 0 1 -8 7 -4 -3 0 
8 -2 -10 -3 2 5 5 -5 -8 10 1 -6 10 6 7 -11 -2 3 1 9 
10 5 -9 -8 9 11 2 5 5 3 5 7 5 8 4 2 3 2 7 1 
9 6 3 10 -11 5 -8 2 6 -7 9 3 3 10 10 1 -11 5 -6 0 
1 10 3 8 -6 0 5 11 5 -7 -3 0 -11 8 1 -1 1 7 11 8 
-5 0 -8 9 10 3 6 -6 8 5 3 3 6 3 3 -10 7 7 3 -7 
8 0 10 11 5 9 9 2 10 7 6 6 3 11 1 9 -7 9 -2 -9 
10 11 8 6 1 3 5 11 0 7 2 -5 -3 -10 -7 -5 4 -4 4 8 
4 -11 11 -9 5 9 7 9 4 10 5 -3 2 -5 11 7 11 10 4 9 
71
1
2 4
17 15
0
0
