20 20
10 1 7 11 10 1 5 12 14 9 10 8 14 7 8 7 11 3 4 1 
12 -2 1 7 0 6 3 12 11 10 7 -6 1 -5 0 7 3 9 1 -5 
0 8 -6 -13 2 3 8 12 6 0 -4 6 9 7 9 -9 6 1 -13 7 
-12 1 4 6 10 4 1 -14 7 5 13 11 -4 9 10 7 0 -4 1 10 
8 12 2 5 2 4 -9 -13 5 -13 5 3 12 1 -2 -9 0 7 9 -10 
8 -1 3 2 10 6 7 6 13 11 -6 13 6 -6 -9 3 14 12 8 5 
-1 -3 -9 6 13 14 9 -8 9 12 3 10 -13 -6 2 9 2 12 3 2 
-8 2 8 7 -6 -5 12 8 13 2 6 13 2 11 12 6 -9 -8 4 14 
13 12 -11 -6 7 12 11 8 9 9 11 11 8 5 -13 12 8 5 11 2 
1 9 8 8 2 0 5 3 -5 10 3 8 7 -11 9 14 -1 7 -3 12 
12 -3 7 -1 14 9 -11 7 8 3 10 -5 3 5 0 2 8 8 9 1 
2 11 5 8 12 -13 5 8 11 11 9 9 8 11 12 7 -6 -11 12 13 
14 4 -8 -9 6 12 11 2 13 6 2 13 8 12 -5 -6 7 8 2 -8 
2 3 12 2 9 2 -6 -13 10 3 12 9 -8 9 14 13 6 -9 -3 -1 
5 8 12 14 3 -9 -6 6 13 -6 11 13 6 7 6 10 2 3 -1 8 
-10 9 7 0 -9 -2 1 12 3 5 -13 5 -13 -9 4 2 5 2 12 8 
10 1 -4 0 7 10 9 -4 11 13 5 7 -14 1 4 10 6 4 1 -12 
7 -13 1 6 -9 9 7 9 6 -4 0 6 12 8 3 2 -13 -6 8 0 
-5 1 9 3 7 0 -5 1 -6 7 10 11 12 3 6 0 7 1 -2 12 
1 4 3 11 7 8 7 14 8 10 9 14 12 5 1 10 11 7 1 10 
166
1
15 0
4 19
0
0
