20 20
-5 5 3 11 11 11 10 13 4 13 -11 6 5 14 0 0 10 5 4 -6 
7 -10 1 4 1 11 -12 -7 -7 -1 0 8 6 14 13 8 5 12 8 7 
1 2 -14 4 9 2 -12 3 6 -9 2 -11 12 0 -4 0 5 10 0 5 
-9 4 13 -6 11 1 -13 -8 8 10 -10 4 7 12 3 5 -11 13 -8 -11 
2 -8 0 -3 3 -13 -12 3 11 3 7 14 3 12 3 0 12 14 11 11 
-14 2 8 -3 12 -8 13 1 -3 -13 11 -9 9 8 10 14 -10 1 12 -6 
2 5 4 13 8 -6 -10 -13 -13 5 2 8 8 -6 5 10 6 2 7 -11 
-11 -4 9 1 2 -5 9 -14 12 -3 13 9 -13 2 1 11 -11 5 -8 -4 
8 13 2 -5 14 5 9 -6 -2 -5 13 -14 9 13 11 7 2 -10 -12 11 
1 0 10 12 -10 7 13 2 11 11 -11 8 9 12 12 4 3 1 -11 8 
8 -11 1 3 4 12 12 9 8 -11 11 11 2 13 7 -10 12 10 0 1 
11 -12 -10 2 7 11 13 9 -14 13 -5 -2 -6 9 5 14 -5 2 13 8 
-4 -8 5 -11 11 1 2 -13 9 13 -3 12 -14 9 -5 2 1 9 -4 -11 
-11 7 2 6 10 5 -6 8 8 2 5 -13 -13 -10 -6 8 13 4 5 2 
-6 12 1 -10 14 10 8 9 -9 11 -13 -3 1 13 -8 12 -3 8 2 -14 
11 11 14 12 0 3 12 3 14 7 3 11 3 -12 -13 3 -3 0 -8 2 
-11 -8 13 -11 5 3 12 7 4 -10 10 8 -8 -13 1 11 -6 13 4 -9 
5 0 10 5 0 -4 0 12 -11 2 -9 6 3 -12 2 9 4 -14 2 1 
7 8 12 5 8 13 14 6 8 0 -1 -7 -7 -12 11 1 4 1 -10 7 
-6 4 5 10 0 0 14 5 6 -11 13 4 13 10 11 11 11 3 5 -5 
69
1
10 9
9 10
0
0
