20 20
18 7 20 23 -7 -19 7 16 13 -13 23 5 12 20 8 -18 16 -17 -22 1 
13 4 23 4 5 -1 -20 23 3 6 19 -22 13 12 24 16 22 23 4 19 
17 9 -11 13 14 22 21 15 14 16 23 -11 24 -7 2 2 23 14 11 7 
5 21 21 8 21 23 -24 1 17 18 10 3 1 6 5 12 14 3 -19 -22 
-15 19 10 8 -4 22 21 1 -5 24 -9 21 24 -7 8 4 19 7 6 -3 
14 -14 10 1 9 6 -3 16 18 10 24 14 22 -6 5 7 4 -4 12 -19 
17 -11 -21 1 13 16 19 19 5 15 13 22 24 21 5 3 8 11 0 13 
14 16 1 16 21 10 1 -19 -23 -2 4 23 19 0 21 10 14 18 9 9 
-15 21 16 -6 3 14 11 10 24 9 8 22 10 4 -17 6 18 6 9 17 
24 13 15 14 14 11 6 10 9 5 13 1 8 -1 -21 4 16 -5 11 6 
6 11 -5 16 4 -21 -1 8 1 13 5 9 10 6 11 14 14 15 13 24 
17 9 6 18 6 -17 4 10 22 8 9 24 10 11 14 3 -6 16 21 -15 
9 9 18 14 10 21 0 19 23 4 -2 -23 -19 1 10 21 16 1 16 14 
13 0 11 8 3 5 21 24 22 13 15 5 19 19 16 13 1 -21 -11 17 
-19 12 -4 4 7 5 -6 22 14 24 10 18 16 -3 6 9 1 10 -14 14 
-3 6 7 19 4 8 -7 24 21 -9 24 -5 1 21 22 -4 8 10 19 -15 
-22 -19 3 14 12 5 6 1 3 10 18 17 1 -24 23 21 8 21 21 5 
7 11 14 23 2 2 -7 24 -11 23 16 14 15 21 22 14 13 -11 9 17 
19 4 23 22 16 24 12 13 -22 19 6 3 23 -20 -1 5 4 23 4 13 
1 -22 -17 16 -18 8 20 12 5 23 -13 13 16 7 -19 -7 23 20 7 18 
98
1
2 13
17 6
0
0
