20 20
23 23 19 -11 24 -4 -20 24 1 -6 19 17 14 3 -19 16 6 8 -24 -15 
21 21 14 11 -7 17 -16 9 -17 9 7 10 -2 0 5 7 19 21 1 24 
14 4 20 -12 -24 19 21 -17 15 -19 18 22 11 0 15 2 16 0 -23 -7 
-17 3 3 -16 6 -23 12 -15 5 14 7 21 11 12 -13 -14 -22 1 5 -5 
5 10 21 15 24 13 6 -24 15 17 14 7 -6 -20 13 13 18 2 14 11 
3 9 24 -16 22 10 4 -1 24 2 -17 10 -4 7 1 20 11 -12 4 -19 
11 9 -8 14 20 -20 1 9 17 19 8 11 -11 20 1 -19 4 -19 -18 -21 
-20 -19 -5 5 10 5 18 8 -8 11 3 2 13 3 17 10 23 -4 -9 9 
19 -9 18 4 12 -20 10 16 14 5 17 10 21 4 8 21 9 11 -9 10 
3 -21 18 7 24 -21 -8 17 -18 8 -23 13 24 3 15 13 10 -19 12 10 
10 12 -19 10 13 15 3 24 13 -23 8 -18 17 -8 -21 24 7 18 -21 3 
10 -9 11 9 21 8 4 21 10 17 5 14 16 10 -20 12 4 18 -9 19 
9 -9 -4 23 10 17 3 13 2 3 11 -8 8 18 5 10 5 -5 -19 -20 
-21 -18 -19 4 -19 1 20 -11 11 8 19 17 9 1 -20 20 14 -8 9 11 
-19 4 -12 11 20 1 7 -4 10 -17 2 24 -1 4 10 22 -16 24 9 3 
11 14 2 18 13 13 -20 -6 7 14 17 15 -24 6 13 24 15 21 10 5 
-5 5 1 -22 -14 -13 12 11 21 7 14 5 -15 12 -23 6 -16 3 3 -17 
-7 -23 0 16 2 15 0 11 22 18 -19 15 -17 21 19 -24 -12 20 4 14 
24 1 21 19 7 5 0 -2 10 7 9 -17 9 -16 17 -7 11 14 21 21 
-15 -24 8 6 16 -19 3 14 17 19 -6 1 24 -20 -4 24 -11 19 23 23 
56
1
13 14
6 5
0
0
