20 20
13 6 15 -4 4 3 0 2 15 15 -11 -6 14 12 16 8 12 2 -12 8 
3 2 7 8 4 4 6 12 3 16 -1 12 12 1 6 10 -4 6 8 3 
5 1 6 13 -13 7 8 1 13 15 14 9 5 -16 7 -7 -5 14 -4 -16 
-5 15 6 -12 9 9 16 15 5 -8 -10 6 -5 9 10 8 10 -9 8 6 
10 13 4 4 6 1 -4 2 8 7 -5 9 11 15 -11 13 5 -10 1 3 
-8 6 -12 11 10 -6 4 -8 6 15 -4 9 7 15 7 -2 13 16 4 -2 
-15 -11 -8 16 9 11 5 5 6 3 7 5 0 13 14 -2 -12 -8 7 14 
0 2 14 6 11 5 6 -14 9 -6 -1 -4 8 13 13 6 9 9 11 -13 
3 11 6 9 10 -2 2 12 3 9 1 13 3 6 -16 15 12 -11 -5 16 
-3 -12 12 9 -2 -7 -14 -1 9 3 3 8 -1 -6 -13 6 12 11 11 7 
7 11 11 12 6 -13 -6 -1 8 3 3 9 -1 -14 -7 -2 9 12 -12 -3 
16 -5 -11 12 15 -16 6 3 13 1 9 3 12 2 -2 10 9 6 11 3 
-13 11 9 9 6 13 13 8 -4 -1 -6 9 -14 6 5 11 6 14 2 0 
14 7 -8 -12 -2 14 13 0 5 7 3 6 5 5 11 9 16 -8 -11 -15 
-2 4 16 13 -2 7 15 7 9 -4 15 6 -8 4 -6 10 11 -12 6 -8 
3 1 -10 5 13 -11 15 11 9 -5 7 8 2 -4 1 6 4 4 13 10 
6 8 -9 10 8 10 9 -5 6 -10 -8 5 15 16 9 9 -12 6 15 -5 
-16 -4 14 -5 -7 7 -16 5 9 14 15 13 1 8 7 -13 13 6 1 5 
3 8 6 -4 10 6 1 12 12 -1 16 3 12 6 4 4 8 7 2 3 
8 -12 2 12 8 16 12 14 -6 -11 15 15 2 0 3 4 -4 15 6 13 
73
1
12 10
7 9
0
0
