20 20
12 7 -4 2 17 -8 3 3 -4 15 5 3 12 17 8 -17 11 -6 -16 11 
-2 2 -7 10 7 17 -9 2 -6 -7 -4 4 8 11 16 11 5 11 2 1 
10 15 2 -7 17 12 7 -11 4 1 7 5 12 10 17 -9 12 15 9 10 
7 15 -2 -14 -15 17 -6 12 12 -14 -2 17 17 -8 16 4 12 13 2 1 
4 16 -2 -14 1 2 -8 15 11 15 11 13 10 17 -4 1 2 14 2 -17 
10 -2 10 7 14 14 15 3 -3 7 12 -11 13 6 -16 5 -17 9 15 11 
-10 15 6 1 4 13 1 16 -17 16 3 4 11 17 5 9 11 12 -8 -16 
14 4 4 9 6 14 14 9 11 10 9 15 5 17 5 4 -16 5 -13 13 
14 12 -14 -7 9 -8 6 15 1 14 1 5 5 1 2 -9 5 6 -2 11 
6 -12 14 -3 -17 8 12 15 17 -4 -17 10 6 8 3 1 -13 -4 14 15 
15 14 -4 -13 1 3 8 6 10 -17 -4 17 15 12 8 -17 -3 14 -12 6 
11 -2 6 5 -9 2 1 5 5 1 14 1 15 6 -8 9 -7 -14 12 14 
13 -13 5 -16 4 5 17 5 15 9 10 11 9 14 14 6 9 4 4 14 
-16 -8 12 11 9 5 17 11 4 3 16 -17 16 1 13 4 1 6 15 -10 
11 15 9 -17 5 -16 6 13 -11 12 7 -3 3 15 14 14 7 10 -2 10 
-17 2 14 2 1 -4 17 10 13 11 15 11 15 -8 2 1 -14 -2 16 4 
1 2 13 12 4 16 -8 17 17 -2 -14 12 12 -6 17 -15 -14 -2 15 7 
10 9 15 12 -9 17 10 12 5 7 1 4 -11 7 12 17 -7 2 15 10 
1 2 11 5 11 16 11 8 4 -4 -7 -6 2 -9 17 7 10 -7 2 -2 
11 -16 -6 11 -17 8 17 12 3 5 15 -4 3 3 -8 17 2 -4 7 12 
176
1
0 12
19 7
0
0
