20 20
-4 4 16 17 9 -4 15 9 10 14 -15 9 8 10 15 -8 8 14 4 -14 
4 8 16 17 3 6 16 9 17 4 14 -13 16 2 5 0 9 17 7 5 
11 11 -4 -9 13 7 16 5 4 3 13 0 8 -15 16 16 5 13 2 17 
4 5 11 11 4 -8 -5 7 8 -13 16 -1 5 8 5 17 5 -13 1 5 
-17 9 -4 -8 -9 7 9 14 -16 17 2 8 1 0 4 15 12 15 7 8 
-12 -12 0 11 -16 8 9 -16 2 17 2 17 6 10 -6 8 17 1 8 2 
-17 -16 10 10 8 6 2 8 2 10 -6 4 -5 6 -6 14 12 8 -7 8 
-16 6 16 5 13 6 3 14 16 -9 9 4 11 -12 -12 3 -14 1 12 -16 
14 -16 5 14 14 -5 5 13 12 16 4 4 -17 -7 4 -14 -17 13 6 2 
-9 3 17 17 11 4 7 -13 -4 8 17 9 -2 8 6 14 -5 2 13 -17 
-17 13 2 -5 14 6 8 -2 9 17 8 -4 -13 7 4 11 17 17 3 -9 
2 6 13 -17 -14 4 -7 -17 4 4 16 12 13 5 -5 14 14 5 -16 14 
-16 12 1 -14 3 -12 -12 11 4 9 -9 16 14 3 6 13 5 16 6 -16 
8 -7 8 12 14 -6 6 -5 4 -6 10 2 8 2 6 8 10 10 -16 -17 
2 8 1 17 8 -6 10 6 17 2 17 2 -16 9 8 -16 11 0 -12 -12 
8 7 15 12 15 4 0 1 8 2 17 -16 14 9 7 -9 -8 -4 9 -17 
5 1 -13 5 17 5 8 5 -1 16 -13 8 7 -5 -8 4 11 11 5 4 
17 2 13 5 16 16 -15 8 0 13 3 4 5 16 7 13 -9 -4 11 11 
5 7 17 9 0 5 2 16 -13 14 4 17 9 16 6 3 17 16 8 4 
-14 4 14 8 -8 15 10 8 9 -15 14 10 9 15 -4 9 17 16 4 -4 
132
1
3 18
16 1
0
0
