20 20
13 18 17 6 7 -13 16 18 1 -2 5 -9 6 21 0 2 -18 11 16 -21 
13 15 -13 -2 0 -11 20 6 13 15 11 8 0 12 17 2 -12 10 -20 -9 
13 -6 -18 -8 9 8 3 6 4 -2 10 17 11 14 -21 -5 13 -11 1 21 
-4 3 18 -17 13 15 -14 5 5 11 3 -18 -18 -4 10 11 8 21 18 7 
19 17 7 -12 3 8 2 16 -6 18 10 8 17 16 -11 5 2 15 -9 21 
4 19 -16 17 18 -2 5 -11 1 -13 8 14 13 16 17 17 -16 5 2 8 
15 3 8 3 5 20 -6 -16 6 -7 -17 -7 11 -14 13 19 15 21 -10 9 
2 -20 2 -7 -21 5 16 1 -17 -5 8 19 16 12 21 -1 -14 -18 19 -7 
14 18 19 16 15 3 3 -4 -13 -8 14 10 -15 -14 13 20 4 16 1 10 
17 6 9 7 5 8 -19 1 11 -2 16 5 14 17 21 12 -10 9 1 16 
16 1 9 -10 12 21 17 14 5 16 -2 11 1 -19 8 5 7 9 6 17 
10 1 16 4 20 13 -14 -15 10 14 -8 -13 -4 3 3 15 16 19 18 14 
-7 19 -18 -14 -1 21 12 16 19 8 -5 -17 1 16 5 -21 -7 2 -20 2 
9 -10 21 15 19 13 -14 11 -7 -17 -7 6 -16 -6 20 5 3 8 3 15 
8 2 5 -16 17 17 16 13 14 8 -13 1 -11 5 -2 18 17 -16 19 4 
21 -9 15 2 5 -11 16 17 8 10 18 -6 16 2 8 3 -12 7 17 19 
7 18 21 8 11 10 -4 -18 -18 3 11 5 5 -14 15 13 -17 18 3 -4 
21 1 -11 13 -5 -21 14 11 17 10 -2 4 6 3 8 9 -8 -18 -6 13 
-9 -20 10 -12 2 17 12 0 8 11 15 13 6 20 -11 0 -2 -13 15 13 
-21 16 11 -18 2 0 21 6 -9 5 -2 1 18 16 -13 7 6 17 18 13 
97
1
16 11
3 8
0
0
