20 20
21 16 -9 0 17 12 1 15 3 -21 13 -23 3 23 -22 -14 1 -21 -2 7 
-19 24 -18 12 -13 6 10 -23 9 6 1 -9 16 15 9 -8 14 -13 3 -24 
10 11 4 6 19 18 6 9 1 5 13 19 -5 8 18 11 19 0 3 22 
11 17 22 22 7 7 19 -21 24 11 -18 8 11 -4 12 23 18 3 12 1 
17 24 4 12 22 20 1 16 24 9 6 -14 8 22 1 -23 19 7 -2 -11 
21 19 1 -20 16 -8 4 4 11 11 7 4 6 -9 -12 2 16 0 19 1 
-10 19 6 13 19 6 17 13 0 9 -18 16 13 -18 11 2 17 21 -10 10 
6 22 19 17 11 -24 22 2 16 20 11 8 20 13 6 1 20 1 -23 21 
18 6 -1 -19 3 -22 3 24 7 15 12 -4 24 16 20 11 6 3 -18 8 
23 -24 8 -21 21 -23 0 8 24 -6 11 -23 3 0 -4 -15 24 7 -20 22 
22 -20 7 24 -15 -4 0 3 -23 11 -6 24 8 0 -23 21 -21 8 -24 23 
8 -18 3 6 11 20 16 24 -4 12 15 7 24 3 -22 3 -19 -1 6 18 
21 -23 1 20 1 6 13 20 8 11 20 16 2 22 -24 11 17 19 22 6 
10 -10 21 17 2 11 -18 13 16 -18 9 0 13 17 6 19 13 6 19 -10 
1 19 0 16 2 -12 -9 6 4 7 11 11 4 4 -8 16 -20 1 19 21 
-11 -2 7 19 -23 1 22 8 -14 6 9 24 16 1 20 22 12 4 24 17 
1 12 3 18 23 12 -4 11 8 -18 11 24 -21 19 7 7 22 22 17 11 
22 3 0 19 11 18 8 -5 19 13 5 1 9 6 18 19 6 4 11 10 
-24 3 -13 14 -8 9 15 16 -9 1 6 9 -23 10 6 -13 12 -18 24 -19 
7 -2 -21 1 -14 -22 23 3 -23 13 -21 3 15 1 12 17 0 -9 16 21 
77
1
11 3
8 16
0
0
