20 20
-4 6 3 7 2 -10 1 2 -10 3 2 10 3 -8 9 -3 2 -7 1 6 
3 7 2 9 3 -10 8 5 11 -6 5 -3 3 -2 5 9 8 9 5 9 
2 -10 10 11 -8 2 1 10 11 1 -9 10 4 2 -5 9 11 1 2 1 
4 5 -1 11 0 -10 10 5 5 5 -3 6 9 4 2 3 -7 8 3 1 
4 4 -4 2 7 8 6 -8 2 -2 -3 9 3 1 4 0 4 1 4 1 
8 10 10 3 -9 -1 0 4 -3 10 7 9 11 -4 4 2 10 -9 0 -8 
5 -4 8 4 0 0 6 -8 5 4 0 8 3 -6 10 3 3 3 11 3 
10 9 11 9 4 -7 -2 7 4 3 3 7 9 5 3 -4 5 -3 5 8 
2 3 -7 3 8 9 3 9 0 10 7 7 2 4 9 1 -9 7 -5 -10 
8 4 3 1 0 -6 1 10 10 6 11 -6 -5 -9 -11 2 3 -7 11 6 
6 11 -7 3 2 -11 -9 -5 -6 11 6 10 10 1 -6 0 1 3 4 8 
-10 -5 7 -9 1 9 4 2 7 7 10 0 9 3 9 8 3 -7 3 2 
8 5 -3 5 -4 3 5 9 7 3 3 4 7 -2 -7 4 9 11 9 10 
3 11 3 3 3 10 -6 3 8 0 4 5 -8 6 0 0 4 8 -4 5 
-8 0 -9 10 2 4 -4 11 9 7 10 -3 4 0 -1 -9 3 10 10 8 
1 4 1 4 0 4 1 3 9 -3 -2 2 -8 6 8 7 2 -4 4 4 
1 3 8 -7 3 2 4 9 6 -3 5 5 5 10 -10 0 11 -1 5 4 
1 2 1 11 9 -5 2 4 10 -9 1 11 10 1 2 -8 11 10 -10 2 
9 5 9 8 9 5 -2 3 -3 5 -6 11 5 8 -10 3 9 2 7 3 
6 1 -7 2 -3 9 -8 3 10 2 3 -10 2 1 -10 2 7 3 6 -4 
75
1
2 3
17 16
0
0
