20 20
16 9 19 17 11 14 10 8 16 -5 -5 5 -3 -8 -4 10 7 -13 8 2 
16 -16 2 0 -3 10 17 13 15 4 -16 6 11 18 5 16 10 -19 14 13 
7 -10 6 6 14 12 -8 0 -6 1 -9 -2 15 20 6 -19 11 15 6 19 
10 15 13 3 10 15 11 17 2 5 2 9 8 -11 12 6 12 1 9 19 
14 19 6 14 3 4 -18 1 2 0 2 9 -6 6 4 2 -15 -15 15 6 
18 -8 0 14 1 10 3 18 -20 20 4 16 15 -5 0 13 -8 17 20 -6 
3 -15 16 16 3 5 4 14 1 8 6 -8 13 16 10 6 5 -9 7 0 
11 -10 -3 -14 7 5 7 13 10 17 15 13 -16 -8 15 12 17 14 4 14 
9 19 12 -11 9 5 5 -9 -1 2 6 2 4 14 18 -15 3 4 3 0 
-18 4 20 14 10 5 3 3 17 -14 16 15 -16 18 16 7 -12 15 11 5 
5 11 15 -12 7 16 18 -16 15 16 -14 17 3 3 5 10 14 20 4 -18 
0 3 4 3 -15 18 14 4 2 6 2 -1 -9 5 5 9 -11 12 19 9 
14 4 14 17 12 15 -8 -16 13 15 17 10 13 7 5 7 -14 -3 -10 11 
0 7 -9 5 6 10 16 13 -8 6 8 1 14 4 5 3 16 16 -15 3 
-6 20 17 -8 13 0 -5 15 16 4 20 -20 18 3 10 1 14 0 -8 18 
6 15 -15 -15 2 4 6 -6 9 2 0 2 1 -18 4 3 14 6 19 14 
19 9 1 12 6 12 -11 8 9 2 5 2 17 11 15 10 3 13 15 10 
19 6 15 11 -19 6 20 15 -2 -9 1 -6 0 -8 12 14 6 6 -10 7 
13 14 -19 10 16 5 18 11 6 -16 4 15 13 17 10 -3 0 2 -16 16 
2 8 -13 7 10 -4 -8 -3 5 -5 -5 16 8 10 14 11 17 19 9 16 
91
1
17 4
2 15
0
0
