20 20
18 5 18 18 9 2 5 9 13 0 -18 16 19 16 17 8 19 10 12 12 
15 5 13 11 -18 -9 2 -2 -4 -18 1 17 6 -18 9 7 -12 -6 8 -6 
11 14 9 10 10 -3 12 16 6 14 7 4 -10 13 18 10 6 0 -16 5 
-11 11 14 7 -6 16 13 7 -1 -13 -14 -15 3 13 4 4 8 13 11 14 
-10 8 9 17 6 8 -11 1 0 10 14 11 9 -12 1 15 9 9 12 1 
19 10 1 18 7 3 17 -10 -7 -1 1 14 -16 13 17 13 4 12 16 13 
12 19 3 11 10 6 3 3 3 -11 -16 8 4 -2 -19 3 1 10 9 8 
14 9 4 -9 19 15 11 11 14 9 13 5 0 -18 10 5 2 18 4 10 
12 4 17 16 3 16 9 -2 19 9 10 15 2 5 3 -5 0 11 13 -5 
3 -5 -15 3 0 9 17 5 13 18 15 10 3 -16 12 6 -10 0 7 16 
16 7 0 -10 6 12 -16 3 10 15 18 13 5 17 9 0 3 -15 -5 3 
-5 13 11 0 -5 3 5 2 15 10 9 19 -2 9 16 3 16 17 4 12 
10 4 18 2 5 10 -18 0 5 13 9 14 11 11 15 19 -9 4 9 14 
8 9 10 1 3 -19 -2 4 8 -16 -11 3 3 3 6 10 11 3 19 12 
13 16 12 4 13 17 13 -16 14 1 -1 -7 -10 17 3 7 18 1 10 19 
1 12 9 9 15 1 -12 9 11 14 10 0 1 -11 8 6 17 9 8 -10 
14 11 13 8 4 4 13 3 -15 -14 -13 -1 7 13 16 -6 7 14 11 -11 
5 -16 0 6 10 18 13 -10 4 7 14 6 16 12 -3 10 10 9 14 11 
-6 8 -6 -12 7 9 -18 6 17 1 -18 -4 -2 2 -9 -18 11 13 5 15 
12 12 10 19 8 17 16 19 16 -18 0 13 9 5 2 9 18 18 5 18 
34
1
14 10
5 9
0
0
