20 20
2 5 -21 24 14 -7 10 14 7 24 19 18 21 21 6 9 10 17 -3 -7 
12 7 -3 -2 -6 10 2 -1 5 12 22 18 -3 3 7 23 17 -12 21 13 
7 0 23 -21 11 13 7 21 6 3 17 7 21 5 9 8 9 5 -10 -9 
6 16 3 6 2 6 12 12 11 -21 10 19 15 8 21 -10 5 20 8 21 
7 1 -23 19 12 -5 -2 -23 -21 -14 -11 17 -16 12 8 7 -24 -14 5 21 
1 -15 -23 9 2 13 -21 -4 11 -19 -19 16 17 6 24 21 -9 8 -9 4 
3 -6 23 6 20 19 15 23 8 22 19 -9 19 18 4 16 1 21 23 14 
-18 0 10 16 -7 -7 0 3 3 -12 21 21 -16 -23 9 24 -24 11 14 4 
6 23 5 -18 14 24 4 22 15 -13 22 4 15 6 12 -21 3 2 0 10 
15 16 -7 -13 -1 18 -24 -18 8 -5 8 -1 20 4 21 -6 1 -11 -21 15 
15 -21 -11 1 -6 21 4 20 -1 8 -5 8 -18 -24 18 -1 -13 -7 16 15 
10 0 2 3 -21 12 6 15 4 22 -13 15 22 4 24 14 -18 5 23 6 
4 14 11 -24 24 9 -23 -16 21 21 -12 3 3 0 -7 -7 16 10 0 -18 
14 23 21 1 16 4 18 19 -9 19 22 8 23 15 19 20 6 23 -6 3 
4 -9 8 -9 21 24 6 17 16 -19 -19 11 -4 -21 13 2 9 -23 -15 1 
21 5 -14 -24 7 8 12 -16 17 -11 -14 -21 -23 -2 -5 12 19 -23 1 7 
21 8 20 5 -10 21 8 15 19 10 -21 11 12 12 6 2 6 3 16 6 
-9 -10 5 9 8 9 5 21 7 17 3 6 21 7 13 11 -21 23 0 7 
13 21 -12 17 23 7 3 -3 18 22 12 5 -1 2 10 -6 -2 -3 7 12 
-7 -3 17 10 9 6 21 21 18 19 24 7 14 10 -7 14 24 -21 5 2 
81
1
12 0
7 19
0
0
