20 20
-12 9 5 -4 3 13 3 5 0 13 5 9 10 14 4 0 1 11 -2 11 
0 12 1 9 5 -1 8 10 0 2 14 -2 4 11 -8 4 -11 0 3 -3 
-8 12 0 14 -11 7 6 1 7 2 0 3 5 5 6 8 8 9 14 5 
14 5 3 14 2 2 4 5 -2 -1 7 6 5 9 -11 6 5 7 9 6 
-7 -1 -11 12 2 7 -13 1 5 4 13 -2 9 9 -3 10 4 -14 -12 1 
-9 13 3 14 13 -11 7 8 -8 11 3 -10 8 2 11 1 -14 7 12 3 
0 5 8 14 2 9 -6 -8 -1 10 6 -1 10 9 7 -13 8 14 13 -14 
-10 -7 10 11 5 3 1 8 7 14 1 9 7 12 11 -14 8 5 11 -5 
12 -6 4 12 6 10 11 1 -7 12 -8 6 5 6 -10 5 7 -13 5 7 
5 8 5 0 -11 9 -7 5 3 8 6 7 -1 11 4 -5 13 0 12 13 
13 12 0 13 -5 4 11 -1 7 6 8 3 5 -7 9 -11 0 5 8 5 
7 5 -13 7 5 -10 6 5 6 -8 12 -7 1 11 10 6 12 4 -6 12 
-5 11 5 8 -14 11 12 7 9 1 14 7 8 1 3 5 11 10 -7 -10 
-14 13 14 8 -13 7 9 10 -1 6 10 -1 -8 -6 9 2 14 8 5 0 
3 12 7 -14 1 11 2 8 -10 3 11 -8 8 7 -11 13 14 3 13 -9 
1 -12 -14 4 10 -3 9 9 -2 13 4 5 1 -13 7 2 12 -11 -1 -7 
6 9 7 5 6 -11 9 5 6 7 -1 -2 5 4 2 2 14 3 5 14 
5 14 9 8 8 6 5 5 3 0 2 7 1 6 7 -11 14 0 12 -8 
-3 3 0 -11 4 -8 11 4 -2 14 2 0 10 8 -1 5 9 1 12 0 
11 -2 11 1 0 4 14 10 9 5 13 0 5 3 13 3 -4 5 9 -12 
39
1
3 7
16 12
0
0
