20 20
15 19 -16 21 2 -21 17 17 8 -18 16 -6 -14 19 2 -17 8 5 1 -2 
-3 4 5 10 -16 20 -14 13 -9 7 12 3 -21 1 12 -6 17 21 9 12 
-5 1 15 -11 11 -3 -12 3 8 3 3 6 8 20 9 6 -15 16 10 -21 
21 0 8 -16 -17 21 20 0 12 15 19 6 13 -9 3 6 -4 -3 1 -8 
19 -12 -4 -17 -4 8 5 14 2 11 -14 12 21 0 9 5 20 18 17 -10 
16 7 5 14 12 18 -13 19 1 19 5 8 13 11 14 19 6 8 5 -3 
8 11 -1 21 -13 -20 18 -5 7 20 2 14 11 -4 11 20 10 11 4 12 
10 18 13 13 8 -15 17 -15 14 -4 -14 -3 18 15 18 13 -19 1 4 18 
5 -3 -4 2 9 11 14 9 9 2 19 8 4 4 8 9 12 21 13 21 
-21 13 7 9 6 13 7 -11 -2 -1 10 -7 18 17 14 17 19 20 0 8 
8 0 20 19 17 14 17 18 -7 10 -1 -2 -11 7 13 6 9 7 13 -21 
21 13 21 12 9 8 4 4 8 19 2 9 9 14 11 9 2 -4 -3 5 
18 4 1 -19 13 18 15 18 -3 -14 -4 14 -15 17 -15 8 13 13 18 10 
12 4 11 10 20 11 -4 11 14 2 20 7 -5 18 -20 -13 21 -1 11 8 
-3 5 8 6 19 14 11 13 8 5 19 1 19 -13 18 12 14 5 7 16 
-10 17 18 20 5 9 0 21 12 -14 11 2 14 5 8 -4 -17 -4 -12 19 
-8 1 -3 -4 6 3 -9 13 6 19 15 12 0 20 21 -17 -16 8 0 21 
-21 10 16 -15 6 9 20 8 6 3 3 8 3 -12 -3 11 -11 15 1 -5 
12 9 21 17 -6 12 1 -21 3 12 7 -9 13 -14 20 -16 10 5 4 -3 
-2 1 5 8 -17 2 19 -14 -6 16 -18 8 17 17 -21 2 21 -16 19 15 
94
1
9 3
10 16
0
0
