20 20
11 6 4 2 11 -6 4 15 -3 17 4 3 -2 13 18 -18 6 15 19 -4 
-13 -3 5 18 -14 -19 2 19 11 -14 8 6 15 8 15 -8 11 5 18 -18 
16 16 14 11 0 0 10 7 -11 3 11 -1 12 11 -10 2 -9 12 19 11 
12 12 11 -2 5 15 16 2 7 -6 16 1 10 13 11 0 1 6 2 11 
6 -13 5 2 -11 -8 17 13 18 13 18 3 3 4 9 -20 -13 15 5 -15 
8 -14 -7 7 -7 1 1 20 -9 7 20 20 11 -6 3 2 19 13 -2 14 
2 7 2 1 -18 0 11 15 14 -13 11 -2 -8 16 14 11 6 13 12 -19 
9 14 -2 -8 5 -13 8 -4 13 17 -9 3 8 8 -3 -16 18 1 12 -5 
20 14 -16 2 14 3 17 16 -5 18 18 15 12 12 6 -4 7 6 3 7 
-13 -17 14 -17 9 -20 11 20 16 15 13 -3 14 -15 -19 17 4 7 4 11 
11 4 7 4 17 -19 -15 14 -3 13 15 16 20 11 -20 9 -17 14 -17 -13 
7 3 6 7 -4 6 12 12 15 18 18 -5 16 17 3 14 2 -16 14 20 
-5 12 1 18 -16 -3 8 8 3 -9 17 13 -4 8 -13 5 -8 -2 14 9 
-19 12 13 6 11 14 16 -8 -2 11 -13 14 15 11 0 -18 1 2 7 2 
14 -2 13 19 2 3 -6 11 20 20 7 -9 20 1 1 -7 7 -7 -14 8 
-15 5 15 -13 -20 9 4 3 3 18 13 18 13 17 -8 -11 2 5 -13 6 
11 2 6 1 0 11 13 10 1 16 -6 7 2 16 15 5 -2 11 12 12 
11 19 12 -9 2 -10 11 12 -1 11 3 -11 7 10 0 0 11 14 16 16 
-18 18 5 11 -8 15 8 15 6 8 -14 11 19 2 -19 -14 18 5 -3 -13 
-4 19 15 6 -18 18 13 -2 3 4 17 -3 15 4 -6 11 2 4 6 11 
198
1
16 0
3 19
0
0
