20 20
14 10 -3 16 6 15 -7 -1 16 16 1 -10 9 10 -12 1 14 7 -15 2 
0 3 -4 6 3 4 11 0 2 -6 5 12 15 14 -6 3 11 3 15 -16 
3 -6 5 8 4 3 6 16 12 8 15 4 5 8 -4 -16 6 3 6 0 
-4 8 12 14 -11 6 3 0 15 -8 4 -10 2 10 3 -3 -7 -14 5 2 
-3 16 8 4 13 -15 8 -9 15 0 2 11 15 9 4 11 4 -2 5 2 
-12 13 2 11 9 7 -8 13 13 -1 -8 -8 4 9 -8 -7 -5 10 12 7 
-14 16 16 12 16 4 -8 13 11 11 6 7 10 11 15 11 6 6 -4 16 
6 11 7 7 15 5 2 -8 9 16 0 -13 5 2 1 1 12 13 10 16 
5 14 13 8 15 10 12 -16 -1 3 -7 -9 14 12 1 8 12 7 -11 6 
16 2 1 13 5 13 11 8 -12 -14 6 1 0 -10 13 11 2 -11 0 1 
1 0 -11 2 11 13 -10 0 1 6 -14 -12 8 11 13 5 13 1 2 16 
6 -11 7 12 8 1 12 14 -9 -7 3 -1 -16 12 10 15 8 13 14 5 
16 10 13 12 1 1 2 5 -13 0 16 9 -8 2 5 15 7 7 11 6 
16 -4 6 6 11 15 11 10 7 6 11 11 13 -8 4 16 12 16 16 -14 
7 12 10 -5 -7 -8 9 4 -8 -8 -1 13 13 -8 7 9 11 2 13 -12 
2 5 -2 4 11 4 9 15 11 2 0 15 -9 8 -15 13 4 8 16 -3 
2 5 -14 -7 -3 3 10 2 -10 4 -8 15 0 3 6 -11 14 12 8 -4 
0 6 3 6 -16 -4 8 5 4 15 8 12 16 6 3 4 8 5 -6 3 
-16 15 3 11 3 -6 14 15 12 5 -6 2 0 11 4 3 6 -4 3 0 
2 -15 7 14 1 -12 10 9 -10 1 16 16 -1 -7 15 6 16 -3 10 14 
119
1
18 12
1 7
0
0
