20 20
-22 15 -12 -6 -14 16 8 6 22 13 22 7 17 16 -13 25 4 14 17 22 
21 20 16 21 -17 22 9 -3 10 19 -11 -17 5 6 8 9 -29 25 17 14 
20 27 0 2 14 2 -16 2 16 9 24 21 15 5 23 24 19 -6 18 5 
25 27 2 14 27 2 -14 -28 8 18 3 -29 -6 5 20 -21 10 29 2 10 
8 19 9 16 12 -14 -18 12 18 -22 11 27 10 17 -25 29 -11 25 9 23 
22 -8 -7 1 26 11 22 16 8 25 4 -14 17 -8 1 -19 2 29 26 19 
-29 -17 12 9 16 3 17 15 5 4 22 26 -6 -27 29 28 0 1 24 5 
29 4 -5 16 21 22 -19 29 8 -7 4 -2 21 15 -28 -17 25 2 26 5 
28 7 24 15 -5 4 8 19 29 12 -5 -14 12 15 14 24 17 -4 -23 24 
4 27 24 6 18 27 10 11 10 13 22 11 -18 3 6 11 5 12 29 28 
28 29 12 5 11 6 3 -18 11 22 13 10 11 10 27 18 6 24 27 4 
24 -23 -4 17 24 14 15 12 -14 -5 12 29 19 8 4 -5 15 24 7 28 
5 26 2 25 -17 -28 15 21 -2 4 -7 8 29 -19 22 21 16 -5 4 29 
5 24 1 0 28 29 -27 -6 26 22 4 5 15 17 3 16 9 12 -17 -29 
19 26 29 2 -19 1 -8 17 -14 4 25 8 16 22 11 26 1 -7 -8 22 
23 9 25 -11 29 -25 17 10 27 11 -22 18 12 -18 -14 12 16 9 19 8 
10 2 29 10 -21 20 5 -6 -29 3 18 8 -28 -14 2 27 14 2 27 25 
5 18 -6 19 24 23 5 15 21 24 9 16 2 -16 2 14 2 0 27 20 
14 17 25 -29 9 8 6 5 -17 -11 19 10 -3 9 22 -17 21 16 20 21 
22 17 14 4 25 -13 16 17 7 22 13 22 6 8 16 -14 -6 -12 15 -22 
33
1
5 19
14 0
0
0
