20 20
1 6 -4 -13 8 -7 -11 2 3 -12 11 10 -12 -1 10 -6 8 -7 0 5 
5 12 8 0 0 1 9 -7 8 -8 6 1 2 2 -12 13 12 5 9 9 
10 11 -13 -2 11 10 -1 7 -12 7 11 10 -4 12 9 -1 3 11 0 -10 
11 13 7 10 -4 -5 9 -3 6 9 -8 10 4 9 12 10 8 4 -6 -12 
3 9 10 7 -10 -12 -7 -4 -4 8 9 1 0 -2 3 11 12 6 11 6 
-2 0 10 1 8 3 11 -7 -5 9 6 5 5 -6 10 -5 7 9 -8 5 
5 -10 11 2 5 11 13 6 -5 -6 1 1 4 0 3 8 3 12 4 4 
8 -5 9 13 -2 4 2 6 3 6 8 4 13 -5 9 -4 7 -6 -11 10 
-11 7 5 12 6 2 0 -5 -7 -7 0 -12 13 7 13 2 -1 -12 0 7 
2 2 2 10 6 9 0 5 0 11 4 4 -11 -4 11 12 -10 7 10 2 
2 10 7 -10 12 11 -4 -11 4 4 11 0 5 0 9 6 10 2 2 2 
7 0 -12 -1 2 13 7 13 -12 0 -7 -7 -5 0 2 6 12 5 7 -11 
10 -11 -6 7 -4 9 -5 13 4 8 6 3 6 2 4 -2 13 9 -5 8 
4 4 12 3 8 3 0 4 1 1 -6 -5 6 13 11 5 2 11 -10 5 
5 -8 9 7 -5 10 -6 5 5 6 9 -5 -7 11 3 8 1 10 0 -2 
6 11 6 12 11 3 -2 0 1 9 8 -4 -4 -7 -12 -10 7 10 9 3 
-12 -6 4 8 10 12 9 4 10 -8 9 6 -3 9 -5 -4 10 7 13 11 
-10 0 11 3 -1 9 12 -4 10 11 7 -12 7 -1 10 11 -2 -13 11 10 
9 9 5 12 13 -12 2 2 1 6 -8 8 -7 9 1 0 0 8 12 5 
5 0 -7 8 -6 10 -1 -12 10 11 -12 3 2 -11 -7 8 -13 -4 6 1 
156
1
6 3
13 16
0
0
