20 20
18 17 20 12 18 -9 0 20 1 19 13 -2 20 12 21 3 8 21 18 -8 
2 -8 1 -11 -11 17 -24 -17 18 8 -13 -21 6 -8 -15 24 15 9 11 -11 
24 -10 20 -10 -24 23 16 18 -18 5 -14 19 -9 -20 13 17 -9 15 19 23 
6 6 -8 11 -6 21 14 17 16 -6 13 -7 16 20 10 5 2 -15 7 1 
5 -16 3 -23 6 9 -6 14 -1 20 5 -23 4 0 20 -13 7 13 18 11 
24 -24 24 -16 14 7 -1 -10 -3 23 3 -4 -5 11 20 8 11 11 16 7 
2 -12 -3 2 23 17 17 -5 14 11 24 21 7 12 -14 21 3 11 1 6 
2 12 3 2 7 14 -4 24 5 15 18 24 8 1 6 23 -8 2 18 2 
3 14 -10 -2 6 11 16 -18 -22 3 20 -19 -22 0 9 11 1 -10 1 13 
21 16 4 17 23 20 17 18 10 -12 23 17 8 6 18 -22 10 24 5 10 
10 5 24 10 -22 18 6 8 17 23 -12 10 18 17 20 23 17 4 16 21 
13 1 -10 1 11 9 0 -22 -19 20 3 -22 -18 16 11 6 -2 -10 14 3 
2 18 2 -8 23 6 1 8 24 18 15 5 24 -4 14 7 2 3 12 2 
6 1 11 3 21 -14 12 7 21 24 11 14 -5 17 17 23 2 -3 -12 2 
7 16 11 11 8 20 11 -5 -4 3 23 -3 -10 -1 7 14 -16 24 -24 24 
11 18 13 7 -13 20 0 4 -23 5 20 -1 14 -6 9 6 -23 3 -16 5 
1 7 -15 2 5 10 20 16 -7 13 -6 16 17 14 21 -6 11 -8 6 6 
23 19 15 -9 17 13 -20 -9 19 -14 5 -18 18 16 23 -24 -10 20 -10 24 
-11 11 9 15 24 -15 -8 6 -21 -13 8 18 -17 -24 17 -11 -11 1 -8 2 
-8 18 21 8 3 21 12 20 -2 13 19 1 20 0 -9 18 12 20 17 18 
73
1
8 15
11 4
0
0
