20 20
2 -4 7 11 2 10 4 -1 6 8 -3 -11 1 12 2 3 10 6 3 8 
-9 -11 -11 11 12 -6 6 -3 5 10 5 2 3 5 12 -5 5 8 11 6 
1 -6 5 5 11 11 -12 2 12 -9 5 -8 12 4 7 6 4 -9 8 7 
9 -2 -10 3 -2 5 -3 -7 -1 2 11 7 4 9 12 11 7 12 5 -8 
10 -11 -6 -2 2 -5 1 7 10 -4 -5 -9 7 4 1 -9 10 -3 3 5 
0 10 3 5 1 4 -7 1 5 4 7 10 4 7 11 10 -2 4 6 -3 
0 9 6 2 8 6 9 -7 -2 6 3 9 10 11 1 9 8 10 5 -10 
-7 10 11 10 2 5 1 0 -7 -2 2 8 5 7 12 -9 1 10 2 1 
1 -7 12 -9 -1 12 11 -12 8 8 0 -3 -5 -3 -1 11 5 8 2 1 
-11 6 3 -3 12 -3 -5 1 2 11 -8 -12 3 1 -1 3 -5 3 6 1 
1 6 3 -5 3 -1 1 3 -12 -8 11 2 1 -5 -3 12 -3 3 6 -11 
1 2 8 5 11 -1 -3 -5 -3 0 8 8 -12 11 12 -1 -9 12 -7 1 
1 2 10 1 -9 12 7 5 8 2 -2 -7 0 1 5 2 10 11 10 -7 
-10 5 10 8 9 1 11 10 9 3 6 -2 -7 9 6 8 2 6 9 0 
-3 6 4 -2 10 11 7 4 10 7 4 5 1 -7 4 1 5 3 10 0 
5 3 -3 10 -9 1 4 7 -9 -5 -4 10 7 1 -5 2 -2 -6 -11 10 
-8 5 12 7 11 12 9 4 7 11 2 -1 -7 -3 5 -2 3 -10 -2 9 
7 8 -9 4 6 7 4 12 -8 5 -9 12 2 -12 11 11 5 5 -6 1 
6 11 8 5 -5 12 5 3 2 5 10 5 -3 6 -6 12 11 -11 -11 -9 
8 3 6 10 3 2 12 1 -11 -3 8 6 -1 4 10 2 11 7 -4 2 
71
1
8 14
11 5
0
0
