20 20
-17 7 15 19 17 4 17 8 -8 -10 16 20 -13 18 4 -11 -12 -7 5 -4 
10 -5 -15 6 12 15 17 19 -9 11 16 -19 1 4 4 10 15 -9 -5 15 
-2 1 18 2 8 -12 0 19 3 7 1 18 6 -8 -10 -10 -9 7 -1 16 
0 0 2 7 3 0 18 14 -17 5 3 14 -5 16 12 18 9 8 7 17 
14 3 11 15 10 17 -1 20 11 -18 3 10 1 16 -16 5 7 4 20 20 
3 3 5 -12 3 -8 -8 -8 -15 1 17 8 3 20 19 2 -16 11 -3 6 
-3 0 -20 6 17 14 6 14 15 -9 10 10 3 -8 20 6 10 15 -14 19 
-4 11 -15 20 14 9 -3 3 -4 14 6 -19 -6 1 -6 8 18 -11 -16 11 
13 14 -18 -6 4 6 -18 -16 -1 17 8 19 6 -5 19 2 -19 9 6 -1 
15 12 20 17 2 2 20 -20 4 8 6 2 13 11 19 16 11 -12 5 -11 
-11 5 -12 11 16 19 11 13 2 6 8 4 -20 20 2 2 17 20 12 15 
-1 6 9 -19 2 19 -5 6 19 8 17 -1 -16 -18 6 4 -6 -18 14 13 
11 -16 -11 18 8 -6 1 -6 -19 6 14 -4 3 -3 9 14 20 -15 11 -4 
19 -14 15 10 6 20 -8 3 10 10 -9 15 14 6 14 17 6 -20 0 -3 
6 -3 11 -16 2 19 20 3 8 17 1 -15 -8 -8 -8 3 -12 5 3 3 
20 20 4 7 5 -16 16 1 10 3 -18 11 20 -1 17 10 15 11 3 14 
17 7 8 9 18 12 16 -5 14 3 5 -17 14 18 0 3 7 2 0 0 
16 -1 7 -9 -10 -10 -8 6 18 1 7 3 19 0 -12 8 2 18 1 -2 
15 -5 -9 15 10 4 4 1 -19 16 11 -9 19 17 15 12 6 -15 -5 10 
-4 5 -7 -12 -11 4 18 -13 20 16 -10 -8 8 17 4 17 19 15 7 -17 
65
1
2 18
17 1
0
0
