20 20
1 -11 4 9 3 2 11 5 3 -6 11 11 5 -8 -9 9 -5 -10 -6 -11 
10 3 5 6 4 11 0 6 9 3 10 8 1 4 9 -4 -9 4 9 2 
2 11 1 2 10 6 8 5 3 8 -10 -7 5 7 2 8 3 2 3 1 
3 10 2 11 -1 -8 11 4 7 7 -10 4 0 6 6 6 9 0 3 10 
11 2 10 1 7 -11 -8 3 8 -6 -5 -8 -11 5 -2 6 7 10 2 11 
-10 11 1 -3 10 11 8 0 9 1 -5 6 -4 6 10 3 -9 3 4 1 
3 -8 6 4 6 9 4 7 -6 1 7 11 -7 8 11 5 -8 9 -10 11 
-3 10 -8 2 0 8 5 3 6 -8 4 -8 2 -6 -8 7 2 8 10 2 
5 1 3 5 6 4 6 3 6 3 7 6 -8 2 1 3 -2 -11 1 3 
5 1 -4 11 5 7 6 5 8 4 11 6 4 8 7 6 6 6 5 4 
4 5 6 6 6 7 8 4 6 11 4 8 5 6 7 5 11 -4 1 5 
3 1 -11 -2 3 1 2 -8 6 7 3 6 3 6 4 6 5 3 1 5 
2 10 8 2 7 -8 -6 2 -8 4 -8 6 3 5 8 0 2 -8 10 -3 
11 -10 9 -8 5 11 8 -7 11 7 1 -6 7 4 9 6 4 6 -8 3 
1 4 3 -9 3 10 6 -4 6 -5 1 9 0 8 11 10 -3 1 11 -10 
11 2 10 7 6 -2 5 -11 -8 -5 -6 8 3 -8 -11 7 1 10 2 11 
10 3 0 9 6 6 6 0 4 -10 7 7 4 11 -8 -1 11 2 10 3 
1 3 2 3 8 2 7 5 -7 -10 8 3 5 8 6 10 2 1 11 2 
2 9 4 -9 -4 9 4 1 8 10 3 9 6 0 11 4 6 5 3 10 
-11 -6 -10 -5 9 -9 -8 5 11 11 -6 3 5 11 2 3 9 4 -11 1 
197
1
5 8
14 11
0
0
