20 20
-15 -20 9 7 6 8 -3 7 -18 7 12 12 6 -17 -11 2 13 11 10 6 
12 10 9 6 19 2 4 4 11 16 7 20 4 11 -12 10 0 5 6 16 
-5 20 4 5 10 -15 15 20 18 -6 1 9 10 17 19 17 18 15 19 19 
4 15 19 2 15 -12 18 16 5 9 -5 12 -2 -15 1 1 -18 8 19 13 
4 17 13 -15 19 2 6 -3 7 1 0 -20 -16 11 13 6 20 -20 19 5 
-8 2 4 1 -19 5 10 6 -4 17 15 15 8 12 14 6 5 9 5 2 
7 8 14 3 13 7 11 7 18 5 16 18 -8 12 19 0 -15 0 -9 12 
14 6 14 4 2 13 -9 -19 -20 -1 17 3 17 12 18 12 18 12 -20 11 
7 18 10 -7 6 1 9 11 -15 17 6 14 12 12 -11 6 12 5 3 13 
15 12 14 15 -7 9 -10 14 4 12 15 -18 -19 -2 -9 10 -5 7 -18 3 
3 -18 7 -5 10 -9 -2 -19 -18 15 12 4 14 -10 9 -7 15 14 12 15 
13 3 5 12 6 -11 12 12 14 6 17 -15 11 9 1 6 -7 10 18 7 
11 -20 12 18 12 18 12 17 3 17 -1 -20 -19 -9 13 2 4 14 6 14 
12 -9 0 -15 0 19 12 -8 18 16 5 18 7 11 7 13 3 14 8 7 
2 5 9 5 6 14 12 8 15 15 17 -4 6 10 5 -19 1 4 2 -8 
5 19 -20 20 6 13 11 -16 -20 0 1 7 -3 6 2 19 -15 13 17 4 
13 19 8 -18 1 1 -15 -2 12 -5 9 5 16 18 -12 15 2 19 15 4 
19 19 15 18 17 19 17 10 9 1 -6 18 20 15 -15 10 5 4 20 -5 
16 6 5 0 10 -12 11 4 20 7 16 11 4 4 2 19 6 9 10 12 
6 10 11 13 2 -11 -17 6 12 12 7 -18 7 -3 8 6 7 9 -20 -15 
61
1
18 12
1 7
0
0
