20 20
-13 13 11 -1 14 -14 12 7 -1 1 16 14 13 13 15 7 7 15 -2 4 
4 13 0 -3 7 6 6 4 15 11 0 4 14 -3 -11 16 16 2 6 12 
4 10 -14 -10 4 -16 6 -7 11 6 -11 -16 16 4 5 15 13 7 10 -12 
6 10 7 -14 7 13 0 14 5 11 5 -1 16 -5 0 11 14 2 11 11 
5 15 0 2 8 -10 -5 -4 1 -9 10 4 13 -2 -3 10 2 4 0 7 
5 16 14 -1 -15 -9 4 -11 4 3 5 13 9 10 -16 -5 8 1 3 4 
-5 -8 14 3 12 13 4 6 10 0 15 13 10 4 -11 14 -12 15 -8 -9 
16 12 -9 9 -9 15 2 12 11 -1 13 -1 15 8 16 12 0 -2 9 2 
7 3 4 5 1 -12 5 -10 8 10 14 6 6 -12 3 11 2 2 14 -15 
10 -10 5 11 4 -2 15 10 8 15 16 14 -7 5 12 13 12 12 -6 7 
7 -6 12 12 13 12 5 -7 14 16 15 8 10 15 -2 4 11 5 -10 10 
-15 14 2 2 11 3 -12 6 6 14 10 8 -10 5 -12 1 5 4 3 7 
2 9 -2 0 12 16 8 15 -1 13 -1 11 12 2 15 -9 9 -9 12 16 
-9 -8 15 -12 14 -11 4 10 13 15 0 10 6 4 13 12 3 14 -8 -5 
4 3 1 8 -5 -16 10 9 13 5 3 4 -11 4 -9 -15 -1 14 16 5 
7 0 4 2 10 -3 -2 13 4 10 -9 1 -4 -5 -10 8 2 0 15 5 
11 11 2 14 11 0 -5 16 -1 5 11 5 14 0 13 7 -14 7 10 6 
-12 10 7 13 15 5 4 16 -16 -11 6 11 -7 6 -16 4 -10 -14 10 4 
12 6 2 16 16 -11 -3 14 4 0 11 15 4 6 6 7 -3 0 13 4 
4 -2 15 7 7 15 13 13 14 16 1 -1 7 12 -14 14 -1 11 13 -13 
69
1
12 14
7 5
0
0
