20 20
6 14 3 0 -4 11 2 -2 -7 2 13 4 4 1 -1 6 14 8 -7 11 
9 -2 10 5 3 15 1 6 13 4 -15 15 -2 11 7 12 8 4 10 15 
-11 -9 12 10 11 13 -4 5 5 10 10 7 0 6 4 0 8 7 12 10 
6 7 -15 5 5 0 5 11 2 3 -7 1 7 9 4 11 -9 13 10 -5 
13 15 1 4 9 0 7 4 14 11 7 -5 6 10 -5 7 -6 12 -8 10 
2 -7 5 9 -4 3 -9 -15 -5 3 15 1 7 5 -6 -10 -2 2 -9 4 
5 8 2 8 -5 1 8 -5 5 11 2 11 -5 11 -12 -8 9 1 10 6 
4 4 5 10 -10 13 -1 -2 -4 0 4 -1 -11 -13 15 5 3 -1 1 0 
1 3 7 2 7 13 13 3 2 6 8 -11 2 0 9 1 -1 -12 0 15 
2 6 -15 3 -14 -13 9 13 2 15 15 9 1 5 4 1 -11 -6 11 3 
3 11 -6 -11 1 4 5 1 9 15 15 2 13 9 -13 -14 3 -15 6 2 
15 0 -12 -1 1 9 0 2 -11 8 6 2 3 13 13 7 2 7 3 1 
0 1 -1 3 5 15 -13 -11 -1 4 0 -4 -2 -1 13 -10 10 5 4 4 
6 10 1 9 -8 -12 11 -5 11 2 11 5 -5 8 1 -5 8 2 8 5 
4 -9 2 -2 -10 -6 5 7 1 15 3 -5 -15 -9 3 -4 9 5 -7 2 
10 -8 12 -6 7 -5 10 6 -5 7 11 14 4 7 0 9 4 1 15 13 
-5 10 13 -9 11 4 9 7 1 -7 3 2 11 5 0 5 5 -15 7 6 
10 12 7 8 0 4 6 0 7 10 10 5 5 -4 13 11 10 12 -9 -11 
15 10 4 8 12 7 11 -2 15 -15 4 13 6 1 15 3 5 10 -2 9 
11 -7 8 14 6 -1 1 4 4 13 2 -7 -2 2 11 -4 0 3 14 6 
72
1
16 12
3 7
0
0
