20 20
-14 -10 17 15 21 3 -20 18 -16 1 7 6 5 15 13 9 -7 1 11 5 
-8 2 -8 2 -18 21 12 20 6 13 2 -15 20 -7 19 -21 20 3 -5 -9 
6 5 5 14 19 -21 6 15 8 4 18 11 9 12 10 -2 0 2 6 -8 
17 2 5 -21 5 17 18 11 -5 16 6 -11 13 1 3 16 12 16 4 9 
17 14 -18 -8 -18 6 12 16 17 5 1 5 -5 10 8 1 11 16 14 0 
12 -21 15 -18 9 -14 -18 -19 13 -4 1 -16 -5 14 9 -18 2 -6 1 1 
11 10 15 17 -1 16 -11 7 15 -17 19 18 18 4 6 21 9 -4 10 -10 
-8 19 19 9 17 11 -7 -15 18 16 -14 12 -3 15 18 4 -8 -6 19 18 
15 4 12 10 1 2 19 6 20 -14 13 20 -12 -10 16 8 1 -17 11 11 
8 20 1 2 1 3 14 -19 12 -20 14 4 11 8 16 4 9 15 9 20 
20 9 15 9 4 16 8 11 4 14 -20 12 -19 14 3 1 2 1 20 8 
11 11 -17 1 8 16 -10 -12 20 13 -14 20 6 19 2 1 10 12 4 15 
18 19 -6 -8 4 18 15 -3 12 -14 16 18 -15 -7 11 17 9 19 19 -8 
-10 10 -4 9 21 6 4 18 18 19 -17 15 7 -11 16 -1 17 15 10 11 
1 1 -6 2 -18 9 14 -5 -16 1 -4 13 -19 -18 -14 9 -18 15 -21 12 
0 14 16 11 1 8 10 -5 5 1 5 17 16 12 6 -18 -8 -18 14 17 
9 4 16 12 16 3 1 13 -11 6 16 -5 11 18 17 5 -21 5 2 17 
-8 6 2 0 -2 10 12 9 11 18 4 8 15 6 -21 19 14 5 5 6 
-9 -5 3 20 -21 19 -7 20 -15 2 13 6 20 12 21 -18 2 -8 2 -8 
5 11 1 -7 9 13 15 5 6 7 1 -16 18 -20 3 21 15 17 -10 -14 
171
1
6 4
13 15
0
0
