20 20
16 18 5 -6 -23 27 -16 18 -18 -4 8 17 11 13 23 -7 -10 6 11 25 
19 5 15 26 4 24 3 23 15 16 27 21 -25 9 -11 -17 -27 20 4 5 
21 9 6 3 -6 1 5 6 6 12 -22 -2 25 20 -26 18 12 5 -13 24 
21 9 -11 -23 -13 1 14 9 21 23 26 6 19 14 -1 17 8 -4 4 0 
7 12 1 0 3 4 14 6 -4 -17 15 3 20 17 -8 9 28 2 2 28 
14 -7 17 14 -27 27 17 12 -6 19 17 19 18 10 4 13 23 17 27 17 
12 -23 28 -24 9 23 -27 10 25 15 -4 4 9 19 28 3 8 8 21 -17 
11 -18 22 -6 -12 22 15 17 28 10 -10 20 21 -16 25 27 18 21 1 7 
11 8 5 20 17 15 8 24 -8 23 21 28 18 3 -20 14 -15 -28 -11 -15 
25 19 -17 4 2 3 7 25 16 5 8 5 -8 26 -18 -8 27 -26 15 10 
10 15 -26 27 -8 -18 26 -8 5 8 5 16 25 7 3 2 4 -17 19 25 
-15 -11 -28 -15 14 -20 3 18 28 21 23 -8 24 8 15 17 20 5 8 11 
7 1 21 18 27 25 -16 21 20 -10 10 28 17 15 22 -12 -6 22 -18 11 
-17 21 8 8 3 28 19 9 4 -4 15 25 10 -27 23 9 -24 28 -23 12 
17 27 17 23 13 4 10 18 19 17 19 -6 12 17 27 -27 14 17 -7 14 
28 2 2 28 9 -8 17 20 3 15 -17 -4 6 14 4 3 0 1 12 7 
0 4 -4 8 17 -1 14 19 6 26 23 21 9 14 1 -13 -23 -11 9 21 
24 -13 5 12 18 -26 20 25 -2 -22 12 6 6 5 1 -6 3 6 9 21 
5 4 20 -27 -17 -11 9 -25 21 27 16 15 23 3 24 4 26 15 5 19 
25 11 6 -10 -7 23 13 11 17 8 -4 -18 18 -16 27 -23 -6 5 18 16 
44
1
18 19
1 0
0
0
