20 20
15 11 5 0 -12 6 -2 12 22 -18 -7 23 23 -23 8 30 15 0 -27 -2 
-10 18 9 12 16 -20 23 1 24 22 27 14 -4 19 27 -27 -20 23 6 7 
17 2 17 20 8 12 17 21 14 -15 -19 9 17 21 5 25 17 7 14 29 
18 -9 12 -8 -11 26 20 8 16 0 -19 -26 22 10 -5 24 1 16 -3 14 
15 2 22 28 10 -23 12 27 21 20 -1 -15 -12 -10 -1 17 9 0 18 17 
18 12 28 30 -26 -7 -8 3 12 -30 8 -12 19 18 20 -21 4 16 25 15 
9 7 24 11 4 1 7 30 30 14 22 9 10 30 3 27 12 13 19 13 
0 -27 -11 15 21 -2 5 16 26 25 9 -1 30 13 -8 19 2 2 29 -24 
-25 -30 1 21 13 13 0 -21 23 0 -4 -8 12 27 11 14 25 23 -5 -16 
12 25 13 -17 7 12 -30 12 -15 7 26 6 3 12 28 9 -20 25 1 4 
4 1 25 -20 9 28 12 3 6 26 7 -15 12 -30 12 7 -17 13 25 12 
-16 -5 23 25 14 11 27 12 -8 -4 0 23 -21 0 13 13 21 1 -30 -25 
-24 29 2 2 19 -8 13 30 -1 9 25 26 16 5 -2 21 15 -11 -27 0 
13 19 13 12 27 3 30 10 9 22 14 30 30 7 1 4 11 24 7 9 
15 25 16 4 -21 20 18 19 -12 8 -30 12 3 -8 -7 -26 30 28 12 18 
17 18 0 9 17 -1 -10 -12 -15 -1 20 21 27 12 -23 10 28 22 2 15 
14 -3 16 1 24 -5 10 22 -26 -19 0 16 8 20 26 -11 -8 12 -9 18 
29 14 7 17 25 5 21 17 9 -19 -15 14 21 17 12 8 20 17 2 17 
7 6 23 -20 -27 27 19 -4 14 27 22 24 1 23 -20 16 12 9 18 -10 
-2 -27 0 15 30 8 -23 23 23 -7 -18 22 12 -2 6 -12 0 5 11 15 
112
1
11 15
8 4
0
0
