20 20
0 10 17 6 4 7 14 16 12 12 9 5 13 6 -7 8 -10 -2 1 5 
-4 2 10 17 15 3 -9 7 8 4 -6 -2 16 12 9 5 13 7 5 16 
12 6 11 10 6 -8 14 14 15 8 12 13 16 1 5 -12 9 6 -8 0 
-6 -16 -14 11 -4 11 6 15 11 -9 16 -17 11 10 -10 13 2 8 5 8 
13 0 13 15 2 -7 15 1 11 9 11 16 15 16 -15 14 5 11 14 9 
-5 0 9 -8 6 2 0 5 1 1 8 11 12 11 2 -8 -14 3 1 9 
14 -17 0 11 5 15 -2 8 6 13 2 1 14 1 -12 9 12 -9 15 3 
15 9 -8 3 -6 16 5 1 3 10 5 2 7 -4 4 1 -15 13 4 -6 
-6 17 0 14 -3 -11 -4 17 13 -14 13 15 5 17 6 3 6 17 15 3 
4 5 10 13 13 4 3 1 2 16 0 2 8 -3 5 1 6 12 6 -7 
-7 6 12 6 1 5 -3 8 2 0 16 2 1 3 4 13 13 10 5 4 
3 15 17 6 3 6 17 5 15 13 -14 13 17 -4 -11 -3 14 0 17 -6 
-6 4 13 -15 1 4 -4 7 2 5 10 3 1 5 16 -6 3 -8 9 15 
3 15 -9 12 9 -12 1 14 1 2 13 6 8 -2 15 5 11 0 -17 14 
9 1 3 -14 -8 2 11 12 11 8 1 1 5 0 2 6 -8 9 0 -5 
9 14 11 5 14 -15 16 15 16 11 9 11 1 15 -7 2 15 13 0 13 
8 5 8 2 13 -10 10 11 -17 16 -9 11 15 6 11 -4 11 -14 -16 -6 
0 -8 6 9 -12 5 1 16 13 12 8 15 14 14 -8 6 10 11 6 12 
16 5 7 13 5 9 12 16 -2 -6 4 8 7 -9 3 15 17 10 2 -4 
5 1 -2 -10 8 -7 6 13 5 9 12 12 16 14 7 4 6 17 10 0 
52
1
14 11
5 8
0
0
