20 20
-15 2 6 13 14 10 12 19 14 20 -7 -5 7 -4 3 15 17 7 4 20 
-20 -6 -21 9 -14 9 23 6 20 16 13 -12 12 -6 1 12 21 14 3 8 
-19 24 3 -20 2 18 10 7 -16 2 -5 -3 4 13 -6 2 -9 19 -20 7 
12 24 16 21 22 6 12 2 10 -24 8 11 21 -13 -21 2 7 22 18 5 
0 -10 15 -14 0 7 9 17 6 15 25 4 6 24 1 7 21 24 12 4 
13 -23 22 -5 12 16 6 -11 22 -24 13 0 1 22 22 -24 -18 7 -20 1 
0 15 20 17 16 -22 -9 5 23 -16 9 -25 16 23 10 21 15 17 -3 6 
0 25 7 -12 18 -21 -11 23 -9 13 10 9 25 -19 5 2 -22 12 8 25 
18 -12 19 12 23 17 10 -3 16 5 0 19 6 16 22 1 -16 17 2 17 
-5 2 18 17 22 -10 12 14 7 9 5 23 7 -15 -24 13 21 14 24 -19 
-19 24 14 21 13 -24 -15 7 23 5 9 7 14 12 -10 22 17 18 2 -5 
17 2 17 -16 1 22 16 6 19 0 5 16 -3 10 17 23 12 19 -12 18 
25 8 12 -22 2 5 -19 25 9 10 13 -9 23 -11 -21 18 -12 7 25 0 
6 -3 17 15 21 10 23 16 -25 9 -16 23 5 -9 -22 16 17 20 15 0 
1 -20 7 -18 -24 22 22 1 0 13 -24 22 -11 6 16 12 -5 22 -23 13 
4 12 24 21 7 1 24 6 4 25 15 6 17 9 7 0 -14 15 -10 0 
5 18 22 7 2 -21 -13 21 11 8 -24 10 2 12 6 22 21 16 24 12 
7 -20 19 -9 2 -6 13 4 -3 -5 2 -16 7 10 18 2 -20 3 24 -19 
8 3 14 21 12 1 -6 12 -12 13 16 20 6 23 9 -14 9 -21 -6 -20 
20 4 7 17 15 3 -4 7 -5 -7 20 14 19 12 10 14 13 6 2 -15 
32
1
7 18
12 1
0
0
