20 20
6 4 2 -6 0 -12 13 1 1 -7 9 -3 -16 14 -14 10 15 10 11 13 
4 12 10 3 -13 10 -2 13 -15 -1 16 14 -13 6 0 16 2 7 9 2 
2 9 11 6 6 11 10 1 -10 1 1 -9 8 8 13 12 1 2 -6 7 
-13 0 -6 13 -5 1 2 9 9 -6 -6 14 6 5 13 8 7 3 12 -7 
5 -2 4 0 10 8 11 2 9 -7 3 12 15 -2 -13 1 3 0 -6 11 
-1 14 6 16 -9 16 -8 5 6 12 16 -13 5 8 11 5 -7 -5 -13 8 
8 10 9 4 15 7 -1 9 7 2 8 4 1 1 1 5 -5 10 9 -10 
2 2 4 13 6 -8 3 5 14 2 4 8 9 2 -4 -5 13 15 -1 0 
6 3 4 8 9 0 12 0 9 -1 -1 -1 13 -11 8 14 8 15 9 -12 
2 -13 6 0 4 11 2 3 8 3 15 3 2 12 -5 3 -10 2 6 14 
14 6 2 -10 3 -5 12 2 3 15 3 8 3 2 11 4 0 6 -13 2 
-12 9 15 8 14 8 -11 13 -1 -1 -1 9 0 12 0 9 8 4 3 6 
0 -1 15 13 -5 -4 2 9 8 4 2 14 5 3 -8 6 13 4 2 2 
-10 9 10 -5 5 1 1 1 4 8 2 7 9 -1 7 15 4 9 10 8 
8 -13 -5 -7 5 11 8 5 -13 16 12 6 5 -8 16 -9 16 6 14 -1 
11 -6 0 3 1 -13 -2 15 12 3 -7 9 2 11 8 10 0 4 -2 5 
-7 12 3 7 8 13 5 6 14 -6 -6 9 9 2 1 -5 13 -6 0 -13 
7 -6 2 1 12 13 8 8 -9 1 1 -10 1 10 11 6 6 11 9 2 
2 9 7 2 16 0 6 -13 14 16 -1 -15 13 -2 10 -13 3 10 12 4 
13 11 10 15 10 -14 14 -16 -3 9 -7 1 1 13 -12 0 -6 2 4 6 
66
1
19 16
0 3
0
0
