20 20
-9 15 -8 12 9 0 14 14 -5 -3 9 7 11 3 1 10 7 4 4 2 
-10 10 9 15 7 8 -15 -6 10 1 7 2 8 13 9 6 7 11 11 14 
4 -6 8 13 -5 -6 2 8 8 0 10 4 1 -9 10 13 1 -9 2 7 
14 -15 4 9 5 1 -1 -9 0 8 13 0 0 12 6 14 14 1 -13 -4 
-3 9 14 7 2 -5 9 1 -11 5 14 8 11 12 12 -1 -14 5 4 -4 
12 14 2 15 -14 10 -2 10 4 3 2 -10 -1 15 14 3 -8 11 0 -7 
14 9 12 6 1 7 -10 13 3 10 13 7 9 -9 1 1 -2 -14 15 -13 
6 3 5 2 4 9 4 7 0 4 9 10 11 15 -8 -4 7 12 9 5 
-8 -3 15 4 11 1 14 14 10 8 11 -12 10 3 14 14 6 10 12 13 
6 -11 7 -2 1 -1 12 5 15 -7 1 6 15 6 -12 -13 12 8 7 1 
1 7 8 12 -13 -12 6 15 6 1 -7 15 5 12 -1 1 -2 7 -11 6 
13 12 10 6 14 14 3 10 -12 11 8 10 14 14 1 11 4 15 -3 -8 
5 9 12 7 -4 -8 15 11 10 9 4 0 7 4 9 4 2 5 3 6 
-13 15 -14 -2 1 1 -9 9 7 13 10 3 13 -10 7 1 6 12 9 14 
-7 0 11 -8 3 14 15 -1 -10 2 3 4 10 -2 10 -14 15 2 14 12 
-4 4 5 -14 -1 12 12 11 8 14 5 -11 1 9 -5 2 7 14 9 -3 
-4 -13 1 14 14 6 12 0 0 13 8 0 -9 -1 1 5 9 4 -15 14 
7 2 -9 1 13 10 -9 1 4 10 0 8 8 2 -6 -5 13 8 -6 4 
14 11 11 7 6 9 13 8 2 7 1 10 -6 -15 8 7 15 9 10 -10 
2 4 4 7 10 1 3 11 7 9 -3 -5 14 14 0 9 12 -8 15 -9 
54
1
6 14
13 5
0
0
