20 20
3 18 15 10 8 21 21 18 2 20 1 23 -13 -4 -4 -8 20 15 21 16 
14 12 22 11 3 8 20 12 23 15 23 -8 17 15 14 19 8 1 -11 -21 
13 -8 5 13 -8 20 4 -18 5 -4 7 3 2 16 18 8 6 2 16 16 
13 14 -19 13 6 20 17 6 14 1 -4 21 17 12 -16 21 11 9 14 10 
11 6 8 -20 20 -13 18 2 19 -7 23 9 1 10 -23 -16 16 11 15 2 
22 15 17 6 -23 6 -4 13 14 15 21 21 11 1 16 16 -13 5 -14 0 
-9 -10 -2 23 3 -22 13 10 18 -17 -16 19 11 -22 7 21 -3 3 23 -21 
-5 -2 -21 1 19 2 8 19 16 1 11 -17 7 4 23 1 14 14 23 -19 
21 -21 13 -10 -14 16 -12 13 14 -8 21 22 5 16 6 8 -5 12 6 13 
8 8 1 -10 13 9 15 9 20 2 22 4 22 -8 14 8 22 -20 18 -6 
-6 18 -20 22 8 14 -8 22 4 22 2 20 9 15 9 13 -10 1 8 8 
13 6 12 -5 8 6 16 5 22 21 -8 14 13 -12 16 -14 -10 13 -21 21 
-19 23 14 14 1 23 4 7 -17 11 1 16 19 8 2 19 1 -21 -2 -5 
-21 23 3 -3 21 7 -22 11 19 -16 -17 18 10 13 -22 3 23 -2 -10 -9 
0 -14 5 -13 16 16 1 11 21 21 15 14 13 -4 6 -23 6 17 15 22 
2 15 11 16 -16 -23 10 1 9 23 -7 19 2 18 -13 20 -20 8 6 11 
10 14 9 11 21 -16 12 17 21 -4 1 14 6 17 20 6 13 -19 14 13 
16 16 2 6 8 18 16 2 3 7 -4 5 -18 4 20 -8 13 5 -8 13 
-21 -11 1 8 19 14 15 17 -8 23 15 23 12 20 8 3 11 22 12 14 
16 21 15 20 -8 -4 -4 -13 23 1 20 2 18 21 21 8 10 15 18 3 
174
1
11 18
8 1
0
0
