20 20
1 -8 7 5 -4 8 3 3 6 10 3 -6 -9 4 -6 10 -8 3 -9 6 
1 6 -10 0 7 4 8 1 1 7 2 5 6 -2 9 4 5 3 -3 7 
6 8 -3 -9 10 10 -2 -2 10 9 7 6 2 -1 2 3 3 5 1 9 
4 2 9 2 10 6 2 8 9 -10 -2 4 1 7 10 -5 0 9 5 9 
8 10 10 0 -6 4 3 -8 2 -8 -2 3 -6 -5 5 4 6 10 8 5 
10 0 7 10 2 10 7 2 4 9 -1 6 -10 3 6 -10 4 2 -8 1 
1 3 3 -5 -6 9 2 6 4 7 10 6 -7 0 3 4 -8 -8 9 8 
-2 7 7 4 2 1 9 5 3 9 8 10 10 2 6 1 1 6 9 9 
7 6 -2 3 10 4 9 7 3 9 10 5 5 0 -5 5 3 -3 -2 0 
-10 7 2 4 9 3 0 3 3 -2 -4 2 -2 1 7 2 3 9 -7 5 
5 -7 9 3 2 7 1 -2 2 -4 -2 3 3 0 3 9 4 2 7 -10 
0 -2 -3 3 5 -5 0 5 5 10 9 3 7 9 4 10 3 -2 6 7 
9 9 6 1 1 6 2 10 10 8 9 3 5 9 1 2 4 7 7 -2 
8 9 -8 -8 4 3 0 -7 6 10 7 4 6 2 9 -6 -5 3 3 1 
1 -8 2 4 -10 6 3 -10 6 -1 9 4 2 7 10 2 10 7 0 10 
5 8 10 6 4 5 -5 -6 3 -2 -8 2 -8 3 4 -6 0 10 10 8 
9 5 9 0 -5 10 7 1 4 -2 -10 9 8 2 6 10 2 9 2 4 
9 1 5 3 3 2 -1 2 6 7 9 10 -2 -2 10 10 -9 -3 8 6 
7 -3 3 5 4 9 -2 6 5 2 7 1 1 8 4 7 0 -10 6 1 
6 -9 3 -8 10 -6 4 -9 -6 3 10 6 3 3 8 -4 5 7 -8 1 
75
1
19 5
0 14
0
0
