20 20
5 8 8 11 -5 10 2 10 10 11 -9 10 3 0 -3 5 6 -8 3 8 
7 10 11 -10 2 8 2 5 -3 -12 9 1 12 8 1 -1 0 8 12 10 
11 7 12 11 -6 6 1 3 -8 7 -6 2 -7 -3 1 -10 4 12 2 3 
-11 3 -7 5 1 6 2 8 8 8 -4 12 4 5 10 1 10 3 9 9 
8 10 10 5 6 4 -4 12 4 3 -7 5 4 3 -11 11 -1 -6 -6 12 
-9 8 8 -5 5 10 7 2 9 2 6 -2 12 -9 5 7 11 6 0 3 
5 -5 10 8 6 -10 10 9 -6 -11 -2 11 8 1 1 5 10 12 8 7 
7 9 10 10 10 10 -2 11 8 7 10 7 3 7 -8 9 4 -4 9 4 
7 1 12 11 5 2 9 10 7 7 11 2 -12 10 4 8 -3 4 5 11 
-8 6 3 10 -6 11 -2 -5 12 12 -2 -11 12 9 11 12 4 12 9 9 
9 9 12 4 12 11 9 12 -11 -2 12 12 -5 -2 11 -6 10 3 6 -8 
11 5 4 -3 8 4 10 -12 2 11 7 7 10 9 2 5 11 12 1 7 
4 9 -4 4 9 -8 7 3 7 10 7 8 11 -2 10 10 10 10 9 7 
7 8 12 10 5 1 1 8 11 -2 -11 -6 9 10 -10 6 8 10 -5 5 
3 0 6 11 7 5 -9 12 -2 6 2 9 2 7 10 5 -5 8 8 -9 
12 -6 -6 -1 11 -11 3 4 5 -7 3 4 12 -4 4 6 5 10 10 8 
9 9 3 10 1 10 5 4 12 -4 8 8 8 2 6 1 5 -7 3 -11 
3 2 12 4 -10 1 -3 -7 2 -6 7 -8 3 1 6 -6 11 12 7 11 
10 12 8 0 -1 1 8 12 1 9 -12 -3 5 2 8 2 -10 11 10 7 
8 3 -8 6 5 -3 0 3 10 -9 11 10 10 2 10 -5 11 8 8 5 
97
1
9 17
10 2
0
0
