20 20
25 16 9 21 21 24 16 8 2 20 21 12 5 27 16 23 21 1 4 23 
2 -23 6 19 -11 12 -7 27 26 18 3 23 1 18 14 22 -20 11 27 22 
-15 19 22 3 11 5 28 20 20 6 -6 10 6 -13 27 15 2 -3 3 8 
-4 -20 13 -3 17 28 12 1 9 19 6 12 8 26 -11 1 -20 -4 27 -7 
27 6 21 13 23 28 -7 21 14 3 9 24 12 24 4 10 -8 28 -3 -14 
-24 -24 -2 13 -25 2 -7 4 11 -14 23 20 -21 22 -10 10 27 -18 15 28 
3 16 13 -24 1 10 3 17 15 -27 -16 18 11 17 18 5 0 13 -15 3 
14 3 27 1 16 26 14 -28 -18 24 -7 1 18 -5 8 9 17 3 6 0 
2 16 5 12 28 21 26 2 -22 12 28 1 24 -23 16 6 11 -3 27 23 
-28 9 3 10 1 -16 -18 -16 28 25 7 -27 24 -12 8 21 4 7 6 -18 
-18 6 7 4 21 8 -12 24 -27 7 25 28 -16 -18 -16 1 10 3 9 -28 
23 27 -3 11 6 16 -23 24 1 28 12 -22 2 26 21 28 12 5 16 2 
0 6 3 17 9 8 -5 18 1 -7 24 -18 -28 14 26 16 1 27 3 14 
3 -15 13 0 5 18 17 11 18 -16 -27 15 17 3 10 1 -24 13 16 3 
28 15 -18 27 10 -10 22 -21 20 23 -14 11 4 -7 2 -25 13 -2 -24 -24 
-14 -3 28 -8 10 4 24 12 24 9 3 14 21 -7 28 23 13 21 6 27 
-7 27 -4 -20 1 -11 26 8 12 6 19 9 1 12 28 17 -3 13 -20 -4 
8 3 -3 2 15 27 -13 6 10 -6 6 20 20 28 5 11 3 22 19 -15 
22 27 11 -20 22 14 18 1 23 3 18 26 27 -7 12 -11 19 6 -23 2 
23 4 1 21 23 16 27 5 12 21 20 2 8 16 24 21 21 9 16 25 
35
1
10 5
9 14
0
0
