20 20
9 -8 10 3 8 6 5 0 -5 3 -1 10 11 4 5 6 -11 -13 -12 7 
6 9 4 2 12 2 9 3 8 -8 6 -2 5 7 3 1 9 7 6 -9 
9 13 6 1 11 6 9 -2 5 5 5 9 7 2 12 -3 12 10 3 -9 
7 -5 2 -13 8 3 0 -13 9 3 7 3 5 12 5 0 6 10 7 8 
7 13 8 5 3 6 1 4 8 6 1 -2 -5 4 6 -12 -5 10 3 4 
1 -13 2 -1 7 0 3 6 6 8 13 -7 -8 -2 7 5 3 4 0 10 
6 1 4 13 10 13 3 12 6 5 12 -8 3 3 13 -10 13 3 3 7 
7 6 9 7 -13 7 -11 8 13 2 9 -10 2 7 11 -9 11 13 -11 9 
4 -8 -12 2 2 13 12 9 4 12 -13 8 7 13 -12 11 8 8 -13 7 
9 -13 9 9 6 6 12 11 2 9 12 9 -11 13 10 -2 13 -12 -5 -1 
-1 -5 -12 13 -2 10 13 -11 9 12 9 2 11 12 6 6 9 9 -13 9 
7 -13 8 8 11 -12 13 7 8 -13 12 4 9 12 13 2 2 -12 -8 4 
9 -11 13 11 -9 11 7 2 -10 9 2 13 8 -11 7 -13 7 9 6 7 
7 3 3 13 -10 13 3 3 -8 12 5 6 12 3 13 10 13 4 1 6 
10 0 4 3 5 7 -2 -8 -7 13 8 6 6 3 0 7 -1 2 -13 1 
4 3 10 -5 -12 6 4 -5 -2 1 6 8 4 1 6 3 5 8 13 7 
8 7 10 6 0 5 12 5 3 7 3 9 -13 0 3 8 -13 2 -5 7 
-9 3 10 12 -3 12 2 7 9 5 5 5 -2 9 6 11 1 6 13 9 
-9 6 7 9 1 3 7 5 -2 6 -8 8 3 9 2 12 2 4 9 6 
7 -12 -13 -11 6 5 4 11 10 -1 3 -5 0 5 6 8 3 10 -8 9 
68
1
16 18
3 1
0
0
