20 20
28 16 -7 8 26 8 17 4 21 -28 -9 20 0 29 -7 20 13 14 20 16 
12 5 -8 5 8 28 -16 15 19 2 6 26 26 18 12 5 30 -18 19 27 
11 -4 11 21 5 11 7 26 8 16 15 -19 -14 -29 24 10 -27 21 7 -13 
10 -19 19 1 15 25 -19 -19 13 26 18 22 1 0 23 -12 17 8 -15 4 
12 5 11 28 6 -16 15 17 -9 12 -7 6 16 11 18 -8 14 3 12 -9 
-15 0 14 13 4 29 23 12 25 -8 -14 -2 19 26 16 2 12 1 19 27 
-19 9 28 8 17 13 3 4 9 0 28 14 -4 -21 -18 4 15 17 25 5 
7 16 3 -23 15 -26 3 -26 5 24 0 8 14 23 -6 -20 -1 9 -30 12 
14 17 25 -23 20 28 14 -6 8 11 16 24 24 6 1 15 9 13 23 29 
-19 -2 11 -27 29 24 -27 30 27 -5 1 5 26 4 7 -25 30 16 -28 -11 
-11 -28 16 30 -25 7 4 26 5 1 -5 27 30 -27 24 29 -27 11 -2 -19 
29 23 13 9 15 1 6 24 24 16 11 8 -6 14 28 20 -23 25 17 14 
12 -30 9 -1 -20 -6 23 14 8 0 24 5 -26 3 -26 15 -23 3 16 7 
5 25 17 15 4 -18 -21 -4 14 28 0 9 4 3 13 17 8 28 9 -19 
27 19 1 12 2 16 26 19 -2 -14 -8 25 12 23 29 4 13 14 0 -15 
-9 12 3 14 -8 18 11 16 6 -7 12 -9 17 15 -16 6 28 11 5 12 
4 -15 8 17 -12 23 0 1 22 18 26 13 -19 -19 25 15 1 19 -19 10 
-13 7 21 -27 10 24 -29 -14 -19 15 16 8 26 7 11 5 21 11 -4 11 
27 19 -18 30 5 12 18 26 26 6 2 19 15 -16 28 8 5 -8 5 12 
16 20 14 13 20 -7 29 0 20 -9 -28 21 4 17 8 26 8 -7 16 28 
69
1
14 19
5 0
0
0
