20 20
1 -7 8 -15 13 13 2 -20 12 13 17 14 23 23 12 -16 6 -9 21 3 
15 20 16 -13 13 13 19 -3 18 22 4 -7 20 20 19 5 15 10 7 4 
4 3 15 22 8 2 -21 12 13 -22 1 -3 -15 -18 20 4 10 21 15 23 
1 2 -12 3 7 3 16 22 -2 1 -14 -6 19 19 7 1 6 11 10 2 
5 12 10 -21 23 -12 7 12 2 4 3 20 23 18 12 22 -5 -22 -3 4 
-14 4 16 21 22 -1 -20 22 -5 9 -6 13 10 -1 18 -14 10 3 8 10 
22 4 12 23 21 21 22 18 4 19 -17 11 -11 12 6 20 23 14 14 3 
18 12 -21 20 -8 1 1 5 17 21 12 3 -12 19 10 8 1 -13 12 -6 
-1 16 15 16 3 11 -10 5 16 13 -12 18 11 14 2 -22 -2 0 23 11 
19 23 17 4 -20 17 3 22 6 2 -7 22 9 -2 2 2 14 6 13 10 
10 13 6 14 2 2 -2 9 22 -7 2 6 22 3 17 -20 4 17 23 19 
11 23 0 -2 -22 2 14 11 18 -12 13 16 5 -10 11 3 16 15 16 -1 
-6 12 -13 1 8 10 19 -12 3 12 21 17 5 1 1 -8 20 -21 12 18 
3 14 14 23 20 6 12 -11 11 -17 19 4 18 22 21 21 23 12 4 22 
10 8 3 10 -14 18 -1 10 13 -6 9 -5 22 -20 -1 22 21 16 4 -14 
4 -3 -22 -5 22 12 18 23 20 3 4 2 12 7 -12 23 -21 10 12 5 
2 10 11 6 1 7 19 19 -6 -14 1 -2 22 16 3 7 3 -12 2 1 
23 15 21 10 4 20 -18 -15 -3 1 -22 13 12 -21 2 8 22 15 3 4 
4 7 10 15 5 19 20 20 -7 4 22 18 -3 19 13 13 -13 16 20 15 
3 21 -9 6 -16 12 23 23 14 17 13 12 -20 2 13 13 -15 8 -7 1 
146
1
3 11
16 8
0
0
