20 20
5 -18 14 29 4 16 16 28 15 14 0 22 25 4 -14 -3 -24 27 25 21 
5 27 3 18 24 1 0 2 14 8 28 10 11 14 17 -13 1 -2 18 3 
9 21 15 -25 0 5 10 5 7 -8 13 6 20 22 -13 30 16 14 4 4 
10 30 7 14 -9 -26 -29 26 -1 1 10 11 30 19 -16 6 18 19 27 5 
1 10 30 -10 12 21 24 11 -21 16 20 14 1 7 26 -23 -21 -7 12 17 
28 5 -22 -15 12 19 0 1 -7 7 14 9 -26 14 12 4 21 26 4 20 
-22 -9 13 6 16 -17 8 18 -23 22 16 -1 25 25 0 16 14 27 4 1 
-7 27 -1 15 30 -10 25 19 14 -10 9 30 17 17 22 -21 20 3 -9 -18 
23 20 -22 18 17 0 23 20 30 -10 15 1 27 -18 9 2 11 -24 8 2 
22 28 30 10 13 30 1 17 -5 23 22 2 -5 -27 12 27 7 17 -22 3 
3 -22 17 7 27 12 -27 -5 2 22 23 -5 17 1 30 13 10 30 28 22 
2 8 -24 11 2 9 -18 27 1 15 -10 30 20 23 0 17 18 -22 20 23 
-18 -9 3 20 -21 22 17 17 30 9 -10 14 19 25 -10 30 15 -1 27 -7 
1 4 27 14 16 0 25 25 -1 16 22 -23 18 8 -17 16 6 13 -9 -22 
20 4 26 21 4 12 14 -26 9 14 7 -7 1 0 19 12 -15 -22 5 28 
17 12 -7 -21 -23 26 7 1 14 20 16 -21 11 24 21 12 -10 30 10 1 
5 27 19 18 6 -16 19 30 11 10 1 -1 26 -29 -26 -9 14 7 30 10 
4 4 14 16 30 -13 22 20 6 13 -8 7 5 10 5 0 -25 15 21 9 
3 18 -2 1 -13 17 14 11 10 28 8 14 2 0 1 24 18 3 27 5 
21 25 27 -24 -3 -14 4 25 22 0 14 15 28 16 16 4 29 14 -18 5 
44
1
4 5
15 14
0
0
