20 20
8 18 -15 16 -26 5 19 25 2 19 13 -5 23 7 22 16 -21 9 12 20 
10 16 15 8 9 -14 28 1 29 15 -8 -28 -10 27 -21 4 13 10 28 19 
1 -14 17 2 4 -7 18 3 27 -29 9 27 -22 -22 13 4 -3 -15 13 8 
6 4 15 -11 25 24 19 -21 10 22 25 3 5 -19 -9 28 23 -28 4 7 
17 20 27 22 10 3 23 20 14 -8 -17 28 23 10 28 18 -8 7 -11 10 
26 2 27 -16 6 8 6 28 -13 27 29 -12 4 -16 6 27 1 -25 15 20 
5 6 21 16 -7 -22 -24 28 21 -6 -10 3 -9 18 5 8 -3 17 6 2 
10 3 21 -25 22 24 3 27 -16 26 28 26 25 21 26 27 29 22 10 6 
-16 9 2 -14 -26 -14 -19 6 7 17 -21 -8 19 -29 25 -10 -6 24 -27 -8 
3 25 4 16 23 10 -28 26 29 29 -8 16 7 2 -26 13 12 16 18 11 
11 18 16 12 13 -26 2 7 16 -8 29 29 26 -28 10 23 16 4 25 3 
-8 -27 24 -6 -10 25 -29 19 -8 -21 17 7 6 -19 -14 -26 -14 2 9 -16 
6 10 22 29 27 26 21 25 26 28 26 -16 27 3 24 22 -25 21 3 10 
2 6 17 -3 8 5 18 -9 3 -10 -6 21 28 -24 -22 -7 16 21 6 5 
20 15 -25 1 27 6 -16 4 -12 29 27 -13 28 6 8 6 -16 27 2 26 
10 -11 7 -8 18 28 10 23 28 -17 -8 14 20 23 3 10 22 27 20 17 
7 4 -28 23 28 -9 -19 5 3 25 22 10 -21 19 24 25 -11 15 4 6 
8 13 -15 -3 4 13 -22 -22 27 9 -29 27 3 18 -7 4 2 17 -14 1 
19 28 10 13 4 -21 27 -10 -28 -8 15 29 1 28 -14 9 8 15 16 10 
20 12 9 -21 16 22 7 23 -5 13 19 2 25 19 5 -26 16 -15 18 8 
67
1
11 19
8 0
0
0
