20 20
-10 2 0 -4 2 -13 14 2 4 10 7 17 1 7 8 11 5 9 14 -1 
-5 19 -6 11 14 11 13 3 7 18 18 12 13 12 6 -11 5 10 -15 -3 
17 9 0 -15 1 3 5 14 0 15 -12 9 -14 10 16 5 9 -19 10 5 
1 19 18 3 -15 12 8 9 9 11 19 -15 17 16 6 14 -11 6 3 -16 
12 19 12 2 2 1 18 0 0 -7 0 11 10 16 -13 6 17 13 -19 17 
-17 -16 1 2 -18 18 19 10 18 19 -10 2 18 5 15 -9 7 9 10 1 
2 -14 17 18 7 11 3 -13 0 5 -19 11 6 1 17 12 19 18 -6 4 
3 1 7 10 18 14 1 -2 19 -1 4 5 3 17 0 17 0 -16 -1 12 
3 7 14 17 10 -7 16 5 3 -15 -19 11 16 13 -4 2 18 19 13 15 
5 15 9 18 -18 17 2 -18 19 18 19 -2 17 -6 16 2 -19 12 3 5 
5 3 12 -19 2 16 -6 17 -2 19 18 19 -18 2 17 -18 18 9 15 5 
15 13 19 18 2 -4 13 16 11 -19 -15 3 5 16 -7 10 17 14 7 3 
12 -1 -16 0 17 0 17 3 5 4 -1 19 -2 1 14 18 10 7 1 3 
4 -6 18 19 12 17 1 6 11 -19 5 0 -13 3 11 7 18 17 -14 2 
1 10 9 7 -9 15 5 18 2 -10 19 18 10 19 18 -18 2 1 -16 -17 
17 -19 13 17 6 -13 16 10 11 0 -7 0 0 18 1 2 2 12 19 12 
-16 3 6 -11 14 6 16 17 -15 19 11 9 9 8 12 -15 3 18 19 1 
5 10 -19 9 5 16 10 -14 9 -12 15 0 14 5 3 1 -15 0 9 17 
-3 -15 10 5 -11 6 12 13 12 18 18 7 3 13 11 14 11 -6 19 -5 
-1 14 9 5 11 8 7 1 17 7 10 4 2 14 -13 2 -4 0 2 -10 
178
1
2 6
17 13
0
0
