20 20
4 3 7 5 -4 -1 8 9 7 -6 7 8 -9 7 -1 -6 1 -1 11 11 
10 5 10 8 1 -1 10 5 9 10 4 7 8 6 -8 5 -9 0 2 9 
1 7 9 -9 6 4 11 -3 -10 11 11 8 11 3 6 1 6 1 3 0 
-5 4 9 0 6 -2 2 4 -6 1 0 -11 10 -10 -4 -5 -8 11 0 8 
8 -9 0 8 1 -7 7 8 8 8 4 10 4 6 1 4 -4 10 8 5 
-9 7 -8 3 8 4 8 3 7 8 8 -9 6 -2 2 8 3 10 1 9 
-2 4 7 11 5 1 5 10 8 -11 2 3 7 6 -3 -7 -8 -7 -3 -8 
-11 3 5 9 -5 4 2 9 0 9 9 1 0 -5 3 6 10 7 3 11 
9 9 1 4 9 -7 7 -8 2 3 11 5 -3 -6 10 -2 -1 3 8 8 
4 3 11 7 0 7 1 10 6 7 6 -1 9 7 7 11 0 -10 8 -7 
-7 8 -10 0 11 7 7 9 -1 6 7 6 10 1 7 0 7 11 3 4 
8 8 3 -1 -2 10 -6 -3 5 11 3 2 -8 7 -7 9 4 1 9 9 
11 3 7 10 6 3 -5 0 1 9 9 0 9 2 4 -5 9 5 3 -11 
-8 -3 -7 -8 -7 -3 6 7 3 2 -11 8 10 5 1 5 11 7 4 -2 
9 1 10 3 8 2 -2 6 -9 8 8 7 3 8 4 8 3 -8 7 -9 
5 8 10 -4 4 1 6 4 10 4 8 8 8 7 -7 1 8 0 -9 8 
8 0 11 -8 -5 -4 -10 10 -11 0 1 -6 4 2 -2 6 0 9 4 -5 
0 3 1 6 1 6 3 11 8 11 11 -10 -3 11 4 6 -9 9 7 1 
9 2 0 -9 5 -8 6 8 7 4 10 9 5 10 -1 1 8 10 5 10 
11 11 -1 1 -6 -1 7 -9 8 7 -6 7 9 8 -1 -4 5 7 3 4 
60
1
19 13
0 6
0
0
