20 20
-25 2 10 4 -25 4 17 20 15 11 25 1 -22 21 -19 2 9 -22 8 -12 
3 24 3 20 1 17 25 -18 -9 15 7 16 -6 5 -4 25 -12 9 22 -2 
19 20 -1 15 -8 4 -1 18 17 -18 17 4 5 16 17 19 -12 -21 5 21 
12 0 9 0 25 -6 -6 8 10 3 7 -14 14 0 21 21 -2 3 -2 -4 
25 2 -23 15 25 18 11 8 7 20 24 18 23 -11 8 9 16 25 6 -9 
1 5 -3 -9 -24 23 15 13 0 21 -13 11 22 21 -1 -13 9 -2 9 25 
12 17 6 10 18 -15 2 -20 15 3 -9 4 25 9 25 -11 23 23 3 1 
0 2 -6 2 -7 -3 7 25 -23 -21 19 0 1 7 20 21 18 -14 19 -22 
11 -21 3 25 -16 8 5 -7 3 3 6 24 -7 19 10 -11 -8 18 14 10 
19 -19 24 2 0 11 8 20 8 22 -13 17 2 11 21 13 1 14 1 6 
6 1 14 1 13 21 11 2 17 -13 22 8 20 8 11 0 2 24 -19 19 
10 14 18 -8 -11 10 19 -7 24 6 3 3 -7 5 8 -16 25 3 -21 11 
-22 19 -14 18 21 20 7 1 0 19 -21 -23 25 7 -3 -7 2 -6 2 0 
1 3 23 23 -11 25 9 25 4 -9 3 15 -20 2 -15 18 10 6 17 12 
25 9 -2 9 -13 -1 21 22 11 -13 21 0 13 15 23 -24 -9 -3 5 1 
-9 6 25 16 9 8 -11 23 18 24 20 7 8 11 18 25 15 -23 2 25 
-4 -2 3 -2 21 21 0 14 -14 7 3 10 8 -6 -6 25 0 9 0 12 
21 5 -21 -12 19 17 16 5 4 17 -18 17 18 -1 4 -8 15 -1 20 19 
-2 22 9 -12 25 -4 5 -6 16 7 15 -9 -18 25 17 1 20 3 24 3 
-12 8 -22 9 2 -19 21 -22 1 25 11 15 20 17 4 -25 4 10 2 -25 
105
1
3 16
16 3
0
0
