20 20
2 9 2 10 1 2 11 6 11 0 6 -4 3 -10 -6 10 9 1 -10 10 
5 7 11 -4 7 4 -3 6 5 -1 -8 -7 -10 10 11 2 4 -4 -8 -8 
0 4 -4 10 2 -1 1 10 7 -9 9 4 6 6 0 2 5 10 7 -6 
2 5 9 10 -5 -7 10 8 4 -8 7 9 10 -4 6 2 4 2 8 2 
5 10 8 3 4 9 -1 10 6 -6 5 -9 8 3 -3 -8 -10 3 10 -11 
-9 -3 6 5 11 -11 11 -6 11 0 10 5 -9 4 5 8 -10 2 2 -11 
0 5 9 9 6 1 -7 -9 -7 9 11 9 3 -10 2 10 11 3 10 3 
7 -4 -6 6 1 2 -10 -2 8 1 9 -11 11 7 3 -1 10 4 5 7 
5 11 3 9 0 7 8 1 11 3 -3 -11 2 -11 4 3 -8 -9 4 3 
5 3 2 8 9 4 11 -10 -9 2 1 -7 8 1 4 5 -6 3 -7 1 
1 -7 3 -6 5 4 1 8 -7 1 2 -9 -10 11 4 9 8 2 3 5 
3 4 -9 -8 3 4 -11 2 -11 -3 3 11 1 8 7 0 9 3 11 5 
7 5 4 10 -1 3 7 11 -11 9 1 8 -2 -10 2 1 6 -6 -4 7 
3 10 3 11 10 2 -10 3 9 11 9 -7 -9 -7 1 6 9 9 5 0 
-11 2 2 -10 8 5 4 -9 5 10 0 11 -6 11 -11 11 5 6 -3 -9 
-11 10 3 -10 -8 -3 3 8 -9 5 -6 6 10 -1 9 4 3 8 10 5 
2 8 2 4 2 6 -4 10 9 7 -8 4 8 10 -7 -5 10 9 5 2 
-6 7 10 5 2 0 6 6 4 9 -9 7 10 1 -1 2 10 -4 4 0 
-8 -8 -4 4 2 11 10 -10 -7 -8 -1 5 6 -3 4 7 -4 11 7 5 
10 -10 1 9 10 -6 -10 3 -4 6 0 11 6 11 2 1 10 2 9 2 
161
1
0 16
19 3
0
0
