20 20
7 3 9 5 11 11 11 4 7 5 10 3 7 13 6 -5 12 12 12 12 
-14 13 3 3 -13 11 12 10 2 10 -4 12 -7 -8 0 7 6 8 11 4 
4 14 14 13 3 13 3 6 14 0 -11 12 -2 11 13 1 -2 6 0 1 
12 0 3 4 1 13 9 3 2 -2 2 6 13 -10 12 -3 -8 8 13 4 
6 13 3 4 6 11 13 4 -4 -9 -4 6 9 9 3 -7 4 3 -3 7 
12 -5 -2 7 11 3 5 -3 -12 -8 0 14 10 -14 8 2 10 -4 13 0 
10 -3 10 -6 -14 4 4 7 10 -13 8 6 -12 1 5 11 -5 14 -3 13 
6 6 13 -10 -7 14 14 14 -8 6 1 9 5 4 10 3 -3 11 2 10 
-9 9 2 1 0 -5 -5 3 -7 7 -14 10 1 8 5 9 8 -13 1 5 
2 10 0 8 -4 -5 11 8 6 10 12 -2 -11 -11 11 -14 5 6 11 3 
3 11 6 5 -14 11 -11 -11 -2 12 10 6 8 11 -5 -4 8 0 10 2 
5 1 -13 8 9 5 8 1 10 -14 7 -7 3 -5 -5 0 1 2 9 -9 
10 2 11 -3 3 10 4 5 9 1 6 -8 14 14 14 -7 -10 13 6 6 
13 -3 14 -5 11 5 1 -12 6 8 -13 10 7 4 4 -14 -6 10 -3 10 
0 13 -4 10 2 8 -14 10 14 0 -8 -12 -3 5 3 11 7 -2 -5 12 
7 -3 3 4 -7 3 9 9 6 -4 -9 -4 4 13 11 6 4 3 13 6 
4 13 8 -8 -3 12 -10 13 6 2 -2 2 3 9 13 1 4 3 0 12 
1 0 6 -2 1 13 11 -2 12 -11 0 14 6 3 13 3 13 14 14 4 
4 11 8 6 7 0 -8 -7 12 -4 10 2 10 12 11 -13 3 3 13 -14 
12 12 12 12 -5 6 13 7 3 10 5 7 4 11 11 11 5 9 3 7 
61
1
2 0
17 19
0
0
