20 20
-19 -5 -16 8 -8 -22 6 -8 15 16 16 9 12 -6 -10 18 12 10 -2 8 
16 15 5 14 22 14 7 21 22 -12 12 1 -16 5 2 -22 0 -20 23 21 
-11 19 5 18 0 10 5 21 -8 4 14 -15 2 19 1 5 19 -17 16 -1 
1 18 18 19 12 13 2 8 -3 -15 3 5 -17 4 23 7 2 23 15 -1 
21 22 -13 20 -10 22 18 8 8 16 18 23 17 5 0 6 4 10 22 22 
16 16 10 6 20 6 8 8 13 -5 16 11 21 10 11 13 18 -10 1 21 
2 5 15 -15 4 18 0 11 9 -2 -14 10 7 10 9 3 7 22 21 17 
-23 22 4 -2 -19 18 3 11 18 -15 0 -15 14 1 18 -9 13 15 16 5 
17 13 -15 -7 12 10 20 2 23 -15 8 20 12 -19 22 -21 3 -19 18 -19 
2 13 6 10 15 4 -1 -13 6 8 10 2 19 4 -4 13 -18 -7 15 11 
11 15 -7 -18 13 -4 4 19 2 10 8 6 -13 -1 4 15 10 6 13 2 
-19 18 -19 3 -21 22 -19 12 20 8 -15 23 2 20 10 12 -7 -15 13 17 
5 16 15 13 -9 18 1 14 -15 0 -15 18 11 3 18 -19 -2 4 22 -23 
17 21 22 7 3 9 10 7 10 -14 -2 9 11 0 18 4 -15 15 5 2 
21 1 -10 18 13 11 10 21 11 16 -5 13 8 8 6 20 6 10 16 16 
22 22 10 4 6 0 5 17 23 18 16 8 8 18 22 -10 20 -13 22 21 
-1 15 23 2 7 23 4 -17 5 3 -15 -3 8 2 13 12 19 18 18 1 
-1 16 -17 19 5 1 19 2 -15 14 4 -8 21 5 10 0 18 5 19 -11 
21 23 -20 0 -22 2 5 -16 1 12 -12 22 21 7 14 22 14 5 15 16 
8 -2 10 12 18 -10 -6 12 9 16 16 15 -8 6 -22 -8 8 -16 -5 -19 
67
1
7 11
12 8
0
0
