20 20
-7 4 11 11 -6 2 14 2 1 0 11 3 -7 -4 -5 8 6 -12 7 12 
6 5 -9 5 -4 -12 1 5 7 -3 3 10 -12 -8 -8 5 7 11 14 7 
1 10 -13 -13 8 6 12 -1 12 -3 13 -12 2 -7 -12 10 13 9 -7 10 
-7 -10 12 7 2 8 7 1 8 -14 13 -10 1 5 6 13 8 0 6 12 
5 6 8 0 10 11 14 3 8 -8 1 -11 10 5 12 1 13 -10 14 1 
-5 12 -11 0 -11 2 13 1 3 12 5 5 8 10 14 0 3 -2 -6 12 
5 12 11 -3 4 8 -2 2 8 -9 6 14 14 7 10 -3 4 10 10 6 
3 2 12 8 8 8 5 7 12 14 12 6 -2 5 1 -7 2 12 7 -6 
9 -4 -4 3 1 10 -11 10 4 12 5 -6 13 9 -9 4 4 14 8 11 
11 11 8 3 10 14 14 11 11 -9 9 10 14 -13 9 14 -1 -3 11 -7 
-7 11 -3 -1 14 9 -13 14 10 9 -9 11 11 14 14 10 3 8 11 11 
11 8 14 4 4 -9 9 13 -6 5 12 4 10 -11 10 1 3 -4 -4 9 
-6 7 12 2 -7 1 5 -2 6 12 14 12 7 5 8 8 8 12 2 3 
6 10 10 4 -3 10 7 14 14 6 -9 8 2 -2 8 4 -3 11 12 5 
12 -6 -2 3 0 14 10 8 5 5 12 3 1 13 2 -11 0 -11 12 -5 
1 14 -10 13 1 12 5 10 -11 1 -8 8 3 14 11 10 0 8 6 5 
12 6 0 8 13 6 5 1 -10 13 -14 8 1 7 8 2 7 12 -10 -7 
10 -7 9 13 10 -12 -7 2 -12 13 -3 12 -1 12 6 8 -13 -13 10 1 
7 14 11 7 5 -8 -8 -12 10 3 -3 7 5 1 -12 -4 5 -9 5 6 
12 7 -12 6 8 -5 -4 -7 3 11 0 1 2 14 2 -6 11 11 4 -7 
79
1
10 11
9 8
0
0
