20 20
6 6 9 13 -1 20 7 -15 17 9 13 19 4 -1 -1 6 16 3 14 3 
-15 6 -1 16 10 -5 16 -20 0 5 6 -21 5 1 -3 6 13 9 8 -4 
2 14 14 16 2 18 5 21 8 -8 2 5 21 18 13 0 0 17 -17 6 
15 10 20 2 20 16 20 6 4 15 7 -9 1 11 21 4 15 5 5 12 
19 -15 19 21 15 7 2 12 17 1 13 1 11 4 -15 -8 -17 10 18 -14 
1 5 6 15 20 17 2 4 6 7 20 0 7 -9 17 -10 16 1 7 13 
-13 7 16 4 17 2 12 -5 0 17 21 17 -13 10 -13 11 16 17 11 11 
3 -6 11 18 10 6 20 -13 4 4 3 13 -7 -9 13 15 -11 10 6 19 
7 7 1 -19 -17 3 -5 11 18 -20 -14 5 1 16 19 20 19 12 10 2 
13 -14 7 17 12 8 -13 -11 5 4 -21 -16 0 10 5 18 7 21 9 9 
9 9 21 7 18 5 10 0 -16 -21 4 5 -11 -13 8 12 17 7 -14 13 
2 10 12 19 20 19 16 1 5 -14 -20 18 11 -5 3 -17 -19 1 7 7 
19 6 10 -11 15 13 -9 -7 13 3 4 4 -13 20 6 10 18 11 -6 3 
11 11 17 16 11 -13 10 -13 17 21 17 0 -5 12 2 17 4 16 7 -13 
13 7 1 16 -10 17 -9 7 0 20 7 6 4 2 17 20 15 6 5 1 
-14 18 10 -17 -8 -15 4 11 1 13 1 17 12 2 7 15 21 19 -15 19 
12 5 5 15 4 21 11 1 -9 7 15 4 6 20 16 20 2 20 10 15 
6 -17 17 0 0 13 18 21 5 2 -8 8 21 5 18 2 16 14 14 2 
-4 8 9 13 6 -3 1 5 -21 6 5 0 -20 16 -5 10 16 -1 6 -15 
3 14 3 16 6 -1 -1 4 19 13 9 17 -15 7 20 -1 13 9 6 6 
76
1
15 14
4 5
0
0
