20 20
-3 3 15 4 13 8 5 -12 -15 11 -2 4 -11 10 11 -12 6 15 2 10 
11 14 7 -4 1 15 11 14 9 13 15 2 12 13 12 -15 -2 14 2 6 
3 -4 3 5 8 12 -14 0 13 9 -4 6 13 1 7 9 -12 -8 0 9 
2 1 3 -4 9 -2 1 4 9 12 -15 2 11 -15 0 -2 13 4 -2 13 
2 14 -3 3 3 14 15 15 6 0 2 -3 -14 14 -14 0 15 2 11 6 
-11 12 4 11 14 -13 -1 10 3 -2 -14 0 2 8 2 9 -2 6 -5 7 
10 10 1 8 5 14 10 15 6 11 1 12 14 6 -1 13 -15 -3 2 10 
-1 -15 4 15 9 7 8 -5 6 -5 -14 2 9 14 -11 3 12 -6 -13 14 
4 0 13 1 -14 4 14 -7 15 4 14 4 -1 -12 -9 12 9 1 -4 6 
15 -5 13 9 4 -9 7 9 3 5 8 12 6 -10 -12 2 4 9 0 12 
12 0 9 4 2 -12 -10 6 12 8 5 3 9 7 -9 4 9 13 -5 15 
6 -4 1 9 12 -9 -12 -1 4 14 4 15 -7 14 4 -14 1 13 0 4 
14 -13 -6 12 3 -11 14 9 2 -14 -5 6 -5 8 7 9 15 4 -15 -1 
10 2 -3 -15 13 -1 6 14 12 1 11 6 15 10 14 5 8 1 10 10 
7 -5 6 -2 9 2 8 2 0 -14 -2 3 10 -1 -13 14 11 4 12 -11 
6 11 2 15 0 -14 14 -14 -3 2 0 6 15 15 14 3 3 -3 14 2 
13 -2 4 13 -2 0 -15 11 2 -15 12 9 4 1 -2 9 -4 3 1 2 
9 0 -8 -12 9 7 1 13 6 -4 9 13 0 -14 12 8 5 3 -4 3 
6 2 14 -2 -15 12 13 12 2 15 13 9 14 11 15 1 -4 7 14 11 
10 2 15 6 -12 11 10 -11 4 -2 11 -15 -12 5 8 13 4 15 3 -3 
55
1
8 19
11 0
0
0
