20 20
25 21 7 15 -28 25 17 -5 -21 9 4 7 -19 -9 1 12 6 19 8 9 
-1 10 4 26 24 1 13 -5 3 7 11 24 0 14 -17 12 22 9 5 -22 
27 -28 2 18 23 24 -5 9 28 16 2 6 8 -2 22 24 19 16 24 20 
4 3 -9 -16 4 2 1 28 19 -17 -11 10 -12 11 24 19 -12 21 25 0 
13 18 25 -15 -22 -10 12 -23 -11 9 3 7 -26 9 10 5 -6 -22 3 25 
9 13 12 21 22 -21 -19 -2 23 -9 -28 3 15 -16 -16 17 26 20 -6 -22 
19 -15 -26 9 26 -9 22 18 22 19 0 0 2 22 14 9 26 27 20 27 
8 9 24 17 14 10 2 27 24 -22 12 26 1 23 20 21 -9 6 22 -20 
6 11 7 -4 1 8 5 22 10 12 2 24 23 8 6 18 13 20 13 -19 
27 5 18 2 7 0 27 22 28 -3 24 0 0 11 23 9 20 -19 10 18 
18 10 -19 20 9 23 11 0 0 24 -3 28 22 27 0 7 2 18 5 27 
-19 13 20 13 18 6 8 23 24 2 12 10 22 5 8 1 -4 7 11 6 
-20 22 6 -9 21 20 23 1 26 12 -22 24 27 2 10 14 17 24 9 8 
27 20 27 26 9 14 22 2 0 0 19 22 18 22 -9 26 9 -26 -15 19 
-22 -6 20 26 17 -16 -16 15 3 -28 -9 23 -2 -19 -21 22 21 12 13 9 
25 3 -22 -6 5 10 9 -26 7 3 9 -11 -23 12 -10 -22 -15 25 18 13 
0 25 21 -12 19 24 11 -12 10 -11 -17 19 28 1 2 4 -16 -9 3 4 
20 24 16 19 24 22 -2 8 6 2 16 28 9 -5 24 23 18 2 -28 27 
-22 5 9 22 12 -17 14 0 24 11 7 3 -5 13 1 24 26 4 10 -1 
9 8 19 6 12 1 -9 -19 7 4 9 -21 -5 17 25 -28 15 7 21 25 
63
1
5 6
14 13
0
0
