20 20
2 7 10 9 11 7 3 2 16 10 13 8 20 17 6 -13 -20 15 20 12 
-17 -6 4 -11 9 -10 19 -3 14 13 13 -2 12 1 14 5 4 -17 12 17 
7 -12 -14 -20 15 -17 15 8 18 17 9 19 -6 -9 14 9 7 13 -5 3 
10 -1 3 20 14 17 12 2 16 12 18 4 9 17 -15 19 17 -7 20 6 
-8 3 18 8 -6 19 8 2 7 16 -17 17 6 11 2 13 -7 18 13 10 
14 13 -6 5 16 8 11 4 1 2 14 -13 14 15 16 -7 10 20 -8 7 
-20 16 -15 6 3 6 20 3 -5 2 15 -15 -18 20 9 15 13 19 -12 11 
-8 6 13 15 9 1 4 2 -17 11 16 1 -10 18 12 -14 10 6 7 5 
20 10 -19 4 7 0 -4 3 -15 8 19 16 14 1 16 18 -7 13 1 3 
12 6 20 -3 -13 -6 -10 2 8 16 16 15 17 10 -7 4 7 -12 10 -11 
-11 10 -12 7 4 -7 10 17 15 16 16 8 2 -10 -6 -13 -3 20 6 12 
3 1 13 -7 18 16 1 14 16 19 8 -15 3 -4 0 7 4 -19 10 20 
5 7 6 10 -14 12 18 -10 1 16 11 -17 2 4 1 9 15 13 6 -8 
11 -12 19 13 15 9 20 -18 -15 15 2 -5 3 20 6 3 6 -15 16 -20 
7 -8 20 10 -7 16 15 14 -13 14 2 1 4 11 8 16 5 -6 13 14 
10 13 18 -7 13 2 11 6 17 -17 16 7 2 8 19 -6 8 18 3 -8 
6 20 -7 17 19 -15 17 9 4 18 12 16 2 12 17 14 20 3 -1 10 
3 -5 13 7 9 14 -9 -6 19 9 17 18 8 15 -17 15 -20 -14 -12 7 
17 12 -17 4 5 14 1 12 -2 13 13 14 -3 19 -10 9 -11 4 -6 -17 
12 20 15 -20 -13 6 17 20 8 13 10 16 2 3 7 11 9 10 7 2 
123
1
16 19
3 0
0
0
