20 20
15 8 4 12 3 -3 6 -4 13 16 17 14 15 5 -14 13 3 3 -10 3 
0 -13 13 -1 15 17 16 4 11 15 8 4 -17 4 -11 4 -7 16 14 9 
5 1 -12 9 9 -4 8 11 11 2 6 -9 -12 9 12 -11 6 -6 1 12 
1 7 12 16 -15 -3 -3 16 2 11 0 -8 -6 3 8 17 17 11 6 2 
-2 -13 -10 3 15 12 2 11 -11 3 3 0 0 11 13 1 -14 -12 15 3 
14 -15 5 -8 9 4 1 -6 11 -14 0 6 13 8 12 17 5 -1 4 14 
16 -16 7 4 7 7 13 17 5 -5 -1 1 2 -8 2 6 1 2 15 11 
14 3 -5 -4 6 2 2 8 17 -9 2 -16 0 -9 13 2 7 15 0 -3 
9 16 -8 -6 -1 6 -7 -15 4 -1 -12 12 -5 -13 -4 13 9 1 -14 11 
-15 0 -5 16 11 0 8 10 12 2 5 -9 16 9 3 10 15 -2 -13 -12 
-12 -13 -2 15 10 3 9 16 -9 5 2 12 10 8 0 11 16 -5 0 -15 
11 -14 1 9 13 -4 -13 -5 12 -12 -1 4 -15 -7 6 -1 -6 -8 16 9 
-3 0 15 7 2 13 -9 0 -16 2 -9 17 8 2 2 6 -4 -5 3 14 
11 15 2 1 6 2 -8 2 1 -1 -5 5 17 13 7 7 4 7 -16 16 
14 4 -1 5 17 12 8 13 6 0 -14 11 -6 1 4 9 -8 5 -15 14 
3 15 -12 -14 1 13 11 0 0 3 3 -11 11 2 12 15 3 -10 -13 -2 
2 6 11 17 17 8 3 -6 -8 0 11 2 16 -3 -3 -15 16 12 7 1 
12 1 -6 6 -11 12 9 -12 -9 6 2 11 11 8 -4 9 9 -12 1 5 
9 14 16 -7 4 -11 4 -17 4 8 15 11 4 16 17 15 -1 13 -13 0 
3 -10 3 3 13 -14 5 15 14 17 16 13 -4 6 -3 3 12 4 8 15 
113
1
0 12
19 7
0
0
