20 20
28 17 13 19 7 3 16 29 28 20 4 12 -3 18 11 15 16 18 16 28 
11 -28 -16 -2 8 9 6 25 16 5 10 28 15 4 -18 6 25 14 11 -17 
21 17 24 7 4 -14 -10 24 24 23 19 12 18 16 -27 16 12 5 2 19 
8 -9 13 17 -19 27 -28 -5 26 20 16 20 9 27 17 12 14 -4 7 3 
9 29 -6 12 22 1 8 13 -21 21 14 16 25 -7 19 2 18 26 2 16 
14 5 -4 22 8 14 13 3 7 8 11 -15 10 21 -3 17 11 22 -20 19 
18 -17 -22 6 19 -4 11 26 1 25 29 10 27 24 19 0 3 -5 10 29 
4 8 -22 -3 11 4 15 6 22 -17 -10 -1 1 27 5 21 25 4 8 -6 
18 10 19 26 -21 -4 3 21 8 0 -20 1 9 6 8 29 7 -12 17 8 
1 19 20 24 -5 18 29 25 -24 -14 9 29 25 9 -19 6 -4 29 13 19 
19 13 29 -4 6 -19 9 25 29 9 -14 -24 25 29 18 -5 24 20 19 1 
8 17 -12 7 29 8 6 9 1 -20 0 8 21 3 -4 -21 26 19 10 18 
-6 8 4 25 21 5 27 1 -1 -10 -17 22 6 15 4 11 -3 -22 8 4 
29 10 -5 3 0 19 24 27 10 29 25 1 26 11 -4 19 6 -22 -17 18 
19 -20 22 11 17 -3 21 10 -15 11 8 7 3 13 14 8 22 -4 5 14 
16 2 26 18 2 19 -7 25 16 14 21 -21 13 8 1 22 12 -6 29 9 
3 7 -4 14 12 17 27 9 20 16 20 26 -5 -28 27 -19 17 13 -9 8 
19 2 5 12 16 -27 16 18 12 19 23 24 24 -10 -14 4 7 24 17 21 
-17 11 14 25 6 -18 4 15 28 10 5 16 25 6 9 8 -2 -16 -28 11 
28 16 18 16 15 11 18 -3 12 4 20 28 29 16 3 7 19 13 17 28 
58
1
17 13
2 6
0
0
