20 20
12 12 9 2 12 2 -14 0 10 1 17 1 -11 16 16 1 14 12 -9 10 
-1 -1 -11 2 -15 1 9 9 4 14 5 0 6 17 1 13 7 0 15 3 
5 10 3 2 -1 -17 5 -6 -7 2 -2 6 11 15 14 -3 6 -3 -10 8 
3 11 1 11 9 10 11 12 -7 7 4 -4 9 7 12 5 -9 -11 -9 6 
-8 -11 0 13 3 14 4 -17 13 10 17 1 -9 -4 6 -5 -14 -15 7 12 
2 13 14 14 15 -17 5 12 -6 2 11 -5 4 -10 13 14 -5 5 -13 6 
-10 9 11 9 -3 1 10 -2 7 16 15 -5 2 4 -10 7 4 8 3 9 
11 -16 17 15 17 16 0 5 6 6 2 -16 3 17 5 11 10 14 -10 -15 
13 4 -13 3 -13 8 12 14 10 1 13 1 4 17 15 -15 -4 2 13 5 
1 1 1 -5 -5 13 -14 12 5 11 9 1 17 3 13 0 2 -10 6 5 
5 6 -10 2 0 13 3 17 1 9 11 5 12 -14 13 -5 -5 1 1 1 
5 13 2 -4 -15 15 17 4 1 13 1 10 14 12 8 -13 3 -13 4 13 
-15 -10 14 10 11 5 17 3 -16 2 6 6 5 0 16 17 15 17 -16 11 
9 3 8 4 7 -10 4 2 -5 15 16 7 -2 10 1 -3 9 11 9 -10 
6 -13 5 -5 14 13 -10 4 -5 11 2 -6 12 5 -17 15 14 14 13 2 
12 7 -15 -14 -5 6 -4 -9 1 17 10 13 -17 4 14 3 13 0 -11 -8 
6 -9 -11 -9 5 12 7 9 -4 4 7 -7 12 11 10 9 11 1 11 3 
8 -10 -3 6 -3 14 15 11 6 -2 2 -7 -6 5 -17 -1 2 3 10 5 
3 15 0 7 13 1 17 6 0 5 14 4 9 9 1 -15 2 -11 -1 -1 
10 -9 12 14 1 16 16 -11 1 17 1 10 0 -14 2 12 2 9 12 12 
50
1
9 16
10 3
0
0
