20 20
7 27 -26 1 8 18 18 -3 14 24 2 -1 13 24 27 19 -28 11 23 13 
3 28 14 8 -19 1 24 15 2 -20 -9 23 -15 15 18 28 22 -26 14 -7 
16 -24 26 17 9 14 24 3 25 -15 6 5 19 0 23 15 9 3 2 1 
7 0 13 1 16 10 2 -15 -24 19 -25 28 1 -8 -26 4 5 -20 6 7 
1 28 3 -24 -15 14 -17 7 14 0 -1 7 -8 2 2 -3 14 7 13 -26 
21 8 14 8 28 -19 19 27 25 -13 19 12 28 10 9 8 -13 18 -22 -17 
-2 -11 -19 9 -27 17 5 0 -9 18 9 15 14 14 21 14 -21 -4 7 11 
13 25 -21 6 1 28 13 24 -22 16 12 18 -27 -8 -23 -11 -1 27 7 -3 
-25 3 8 2 15 9 17 8 19 17 -12 0 16 15 18 25 13 17 -27 -24 
6 9 5 23 1 -27 -16 19 -28 3 16 -16 22 19 9 23 -22 11 24 14 
14 24 11 -22 23 9 19 22 -16 16 3 -28 19 -16 -27 1 23 5 9 6 
-24 -27 17 13 25 18 15 16 0 -12 17 19 8 17 9 15 2 8 3 -25 
-3 7 27 -1 -11 -23 -8 -27 18 12 16 -22 24 13 28 1 6 -21 25 13 
11 7 -4 -21 14 21 14 14 15 9 18 -9 0 5 17 -27 9 -19 -11 -2 
-17 -22 18 -13 8 9 10 28 12 19 -13 25 27 19 -19 28 8 14 8 21 
-26 13 7 14 -3 2 2 -8 7 -1 0 14 7 -17 14 -15 -24 3 28 1 
7 6 -20 5 4 -26 -8 1 28 -25 19 -24 -15 2 10 16 1 13 0 7 
1 2 3 9 15 23 0 19 5 6 -15 25 3 24 14 9 17 26 -24 16 
-7 14 -26 22 28 18 15 -15 23 -9 -20 2 15 24 1 -19 8 14 28 3 
13 23 11 -28 19 27 24 13 -1 2 24 14 -3 18 18 8 1 -26 27 7 
160
1
9 18
10 1
0
0
