20 20
10 16 -13 14 -5 -2 8 15 15 14 9 11 14 6 -17 12 11 12 14 7 
10 -1 4 6 11 1 7 9 9 -15 8 17 13 14 7 11 10 8 -15 -17 
12 14 -9 0 6 1 5 16 9 1 14 0 -7 16 16 11 17 14 -3 2 
14 -2 13 7 -9 9 13 -12 9 3 13 16 8 7 5 -7 8 2 1 -16 
10 4 12 3 15 -15 5 -8 -1 17 11 -9 3 7 1 -7 16 17 0 7 
12 -7 16 8 16 0 -11 -3 4 0 4 17 11 12 0 16 16 16 5 7 
17 12 13 1 6 9 2 -2 3 5 15 1 -17 -5 -9 -7 6 16 1 13 
5 3 -2 5 9 3 -6 4 4 4 3 7 7 -14 2 5 13 1 1 5 
6 9 14 1 10 10 9 12 1 3 12 13 8 7 7 13 14 -15 9 10 
13 6 7 4 -9 -13 6 11 3 14 -8 8 8 15 5 6 -6 7 12 12 
12 12 7 -6 6 5 15 8 8 -8 14 3 11 6 -13 -9 4 7 6 13 
10 9 -15 14 13 7 7 8 13 12 3 1 12 9 10 10 1 14 9 6 
5 1 1 13 5 2 -14 7 7 3 4 4 4 -6 3 9 5 -2 3 5 
13 1 16 6 -7 -9 -5 -17 1 15 5 3 -2 2 9 6 1 13 12 17 
7 5 16 16 16 0 12 11 17 4 0 4 -3 -11 0 16 8 16 -7 12 
7 0 17 16 -7 1 7 3 -9 11 17 -1 -8 5 -15 15 3 12 4 10 
-16 1 2 8 -7 5 7 8 16 13 3 9 -12 13 9 -9 7 13 -2 14 
2 -3 14 17 11 16 16 -7 0 14 1 9 16 5 1 6 0 -9 14 12 
-17 -15 8 10 11 7 14 13 17 8 -15 9 9 7 1 11 6 4 -1 10 
7 14 12 11 12 -17 6 14 11 9 14 15 15 8 -2 -5 14 -13 16 10 
36
1
7 5
12 14
0
0
