20 20
24 5 3 -16 -8 8 -11 22 20 20 18 -7 0 21 4 -22 19 10 18 9 
-20 14 1 -5 15 4 11 18 20 -16 25 24 -17 7 -25 13 5 10 1 -20 
19 17 14 -10 18 17 -12 15 -5 17 3 19 10 20 -14 1 -21 -17 8 4 
7 9 23 4 -24 22 13 0 -7 20 25 1 -14 -22 -22 14 -13 -9 -5 12 
25 4 7 13 18 17 9 -10 23 -18 24 14 -16 22 1 13 20 21 0 4 
-10 -8 8 10 8 4 5 8 -16 3 1 16 4 14 14 -23 6 17 14 3 
10 2 13 -10 -14 25 8 7 4 14 9 11 -11 -21 -10 3 2 8 23 22 
17 6 2 11 3 2 24 -16 23 11 15 21 -22 -5 6 15 -13 25 13 22 
21 -4 -7 8 -22 19 21 20 9 25 3 23 23 18 2 20 14 20 15 4 
16 -5 -5 9 -14 2 8 -13 7 13 -1 7 6 13 3 -20 17 -2 25 5 
5 25 -2 17 -20 3 13 6 7 -1 13 7 -13 8 2 -14 9 -5 -5 16 
4 15 20 14 20 2 18 23 23 3 25 9 20 21 19 -22 8 -7 -4 21 
22 13 25 -13 15 6 -5 -22 21 15 11 23 -16 24 2 3 11 2 6 17 
22 23 8 2 3 -10 -21 -11 11 9 14 4 7 8 25 -14 -10 13 2 10 
3 14 17 6 -23 14 14 4 16 1 3 -16 8 5 4 8 10 8 -8 -10 
4 0 21 20 13 1 22 -16 14 24 -18 23 -10 9 17 18 13 7 4 25 
12 -5 -9 -13 14 -22 -22 -14 1 25 20 -7 0 13 22 -24 4 23 9 7 
4 8 -17 -21 1 -14 20 10 19 3 17 -5 15 -12 17 18 -10 14 17 19 
-20 1 10 5 13 -25 7 -17 24 25 -16 20 18 11 4 15 -5 1 14 -20 
9 18 10 19 -22 4 21 0 -7 18 20 20 22 -11 8 -8 -16 3 5 24 
62
1
16 18
3 1
0
0
