20 20
4 11 16 14 8 12 14 12 -6 2 1 -16 0 7 17 1 16 17 13 -11 
13 17 1 15 17 -14 7 11 -4 10 7 16 9 4 12 16 13 5 11 -1 
12 3 -7 8 17 1 13 7 6 12 6 6 7 12 -9 15 -13 6 13 9 
1 14 14 10 13 -5 5 4 8 1 15 8 7 2 9 -4 10 5 3 3 
15 11 16 3 10 15 10 4 2 17 14 -11 13 1 17 4 -5 15 2 16 
-7 0 16 -10 2 15 3 3 -6 8 5 13 6 0 4 1 9 11 7 -17 
17 -13 3 1 -10 -15 16 0 1 11 11 -5 16 8 1 9 -13 6 14 9 
6 12 16 8 12 10 -1 -2 13 7 7 -8 4 -9 9 -5 4 6 17 5 
11 -14 11 -15 13 1 5 8 14 10 -9 12 9 -14 12 5 -16 6 15 17 
12 2 14 17 7 6 11 9 1 1 14 3 0 -5 2 6 14 1 5 14 
14 5 1 14 6 2 -5 0 3 14 1 1 9 11 6 7 17 14 2 12 
17 15 6 -16 5 12 -14 9 12 -9 10 14 8 5 1 13 -15 11 -14 11 
5 17 6 4 -5 9 -9 4 -8 7 7 13 -2 -1 10 12 8 16 12 6 
9 14 6 -13 9 1 8 16 -5 11 11 1 0 16 -15 -10 1 3 -13 17 
-17 7 11 9 1 4 0 6 13 5 8 -6 3 3 15 2 -10 16 0 -7 
16 2 15 -5 4 17 1 13 -11 14 17 2 4 10 15 10 3 16 11 15 
3 3 5 10 -4 9 2 7 8 15 1 8 4 5 -5 13 10 14 14 1 
9 13 6 -13 15 -9 12 7 6 6 12 6 7 13 1 17 8 -7 3 12 
-1 11 5 13 16 12 4 9 16 7 10 -4 11 7 -14 17 15 1 17 13 
-11 13 17 16 1 17 7 0 -16 1 2 -6 12 14 12 8 14 16 11 4 
49
1
11 2
8 17
0
0
