20 20
2 18 3 -27 14 28 17 2 -4 -18 24 17 15 13 20 7 11 -24 -7 -17 
-9 -2 3 -5 22 10 -6 24 0 9 17 -3 3 5 -15 15 1 -14 4 27 
17 10 4 3 20 -25 6 27 5 23 10 -16 23 19 14 15 15 10 27 -19 
17 2 9 22 -23 12 14 -1 -24 -28 18 3 21 19 22 -27 12 18 2 3 
7 -8 23 1 -13 25 21 16 -24 -16 20 12 21 -9 7 17 -13 4 3 -12 
1 -6 11 -6 -26 17 20 19 -2 24 13 25 13 14 9 3 6 2 5 3 
16 25 25 -25 24 23 -5 23 15 -27 25 24 19 11 27 -10 25 8 11 15 
-26 15 21 19 13 9 24 27 27 -19 26 -6 -26 21 2 19 13 28 4 12 
-25 18 18 14 9 -24 -17 13 -23 3 5 28 23 25 23 7 15 27 1 21 
15 21 1 6 15 19 10 25 25 -1 27 16 -1 -6 8 -9 -18 23 8 10 
10 8 23 -18 -9 8 -6 -1 16 27 -1 25 25 10 19 15 6 1 21 15 
21 1 27 15 7 23 25 23 28 5 3 -23 13 -17 -24 9 14 18 18 -25 
12 4 28 13 19 2 21 -26 -6 26 -19 27 27 24 9 13 19 21 15 -26 
15 11 8 25 -10 27 11 19 24 25 -27 15 23 -5 23 24 -25 25 25 16 
3 5 2 6 3 9 14 13 25 13 24 -2 19 20 17 -26 -6 11 -6 1 
-12 3 4 -13 17 7 -9 21 12 20 -16 -24 16 21 25 -13 1 23 -8 7 
3 2 18 12 -27 22 19 21 3 18 -28 -24 -1 14 12 -23 22 9 2 17 
-19 27 10 15 15 14 19 23 -16 10 23 5 27 6 -25 20 3 4 10 17 
27 4 -14 1 15 -15 5 3 -3 17 9 0 24 -6 10 22 -5 3 -2 -9 
-17 -7 -24 11 7 20 13 15 17 24 -18 -4 2 17 28 14 -27 3 18 2 
30
1
15 6
4 13
0
0
