20 20
9 13 18 4 0 -13 22 16 -2 9 10 15 21 0 -10 -1 13 13 6 17 
10 -19 -21 14 -3 7 5 8 -7 -4 17 19 15 20 4 1 15 9 10 15 
11 2 20 7 20 7 2 19 18 4 9 16 -3 10 7 3 11 17 3 6 
21 10 4 -11 7 11 -12 22 4 12 -4 17 17 -2 22 16 12 13 22 16 
4 -1 5 3 2 5 -11 22 -20 11 20 8 -8 -10 18 -16 12 -17 13 4 
-7 -18 2 -7 11 -7 16 17 18 14 11 18 19 -4 18 -12 8 6 4 14 
21 22 18 -8 -10 -22 2 21 13 9 18 5 -15 17 10 17 8 20 -9 7 
-3 -21 8 6 20 -13 14 -10 3 3 13 12 -20 -6 2 -14 -20 9 8 13 
-12 6 5 16 -21 18 -2 15 18 -4 6 -21 5 15 15 -14 18 -12 8 -13 
-5 -15 18 11 16 9 6 16 8 10 22 15 2 16 10 13 12 -11 1 12 
12 1 -11 12 13 10 16 2 15 22 10 8 16 6 9 16 11 18 -15 -5 
-13 8 -12 18 -14 15 15 5 -21 6 -4 18 15 -2 18 -21 16 5 6 -12 
13 8 9 -20 -14 2 -6 -20 12 13 3 3 -10 14 -13 20 6 8 -21 -3 
7 -9 20 8 17 10 17 -15 5 18 9 13 21 2 -22 -10 -8 18 22 21 
14 4 6 8 -12 18 -4 19 18 11 14 18 17 16 -7 11 -7 2 -18 -7 
4 13 -17 12 -16 18 -10 -8 8 20 11 -20 22 -11 5 2 3 5 -1 4 
16 22 13 12 16 22 -2 17 17 -4 12 4 22 -12 11 7 -11 4 10 21 
6 3 17 11 3 7 10 -3 16 9 4 18 19 2 7 20 7 20 2 11 
15 10 9 15 1 4 20 15 19 17 -4 -7 8 5 7 -3 14 -21 -19 10 
17 6 13 13 -1 -10 0 21 15 10 9 -2 16 22 -13 0 4 18 13 9 
71
1
16 8
3 11
0
0
