20 20
-21 28 27 13 28 -2 -17 5 4 14 16 15 18 11 7 11 18 26 24 2 
5 28 22 0 26 -19 22 18 -21 26 1 -15 17 3 3 6 -4 15 2 21 
9 17 10 28 18 11 28 3 -8 1 -1 26 2 9 -16 10 5 -25 2 -4 
11 -27 -12 15 15 9 21 -12 -8 10 7 15 -28 22 24 -22 -23 22 1 9 
27 25 20 12 -14 25 -20 25 22 28 27 22 19 -20 23 -8 10 19 14 -25 
13 -2 20 6 15 -10 2 8 5 11 -8 -5 14 25 6 -1 7 12 13 15 
22 -12 12 7 14 3 3 12 -9 17 16 10 13 21 -24 -6 23 25 27 0 
27 19 0 9 -28 11 -18 26 9 -8 11 22 6 27 14 19 17 9 8 26 
13 14 5 1 1 28 22 25 16 8 -7 -12 -5 -2 18 17 -20 27 24 17 
11 17 5 2 12 5 -9 13 20 20 24 -23 7 -20 11 27 25 -2 13 20 
20 13 -2 25 27 11 -20 7 -23 24 20 20 13 -9 5 12 2 5 17 11 
17 24 27 -20 17 18 -2 -5 -12 -7 8 16 25 22 28 1 1 5 14 13 
26 8 9 17 19 14 27 6 22 11 -8 9 26 -18 11 -28 9 0 19 27 
0 27 25 23 -6 -24 21 13 10 16 17 -9 12 3 3 14 7 12 -12 22 
15 13 12 7 -1 6 25 14 -5 -8 11 5 8 2 -10 15 6 20 -2 13 
-25 14 19 10 -8 23 -20 19 22 27 28 22 25 -20 25 -14 12 20 25 27 
9 1 22 -23 -22 24 22 -28 15 7 10 -8 -12 21 9 15 15 -12 -27 11 
-4 2 -25 5 10 -16 9 2 26 -1 1 -8 3 28 11 18 28 10 17 9 
21 2 15 -4 6 3 3 17 -15 1 26 -21 18 22 -19 26 0 22 28 5 
2 24 26 18 11 7 11 18 15 16 14 4 5 -17 -2 28 13 27 28 -21 
179
1
10 2
9 17
0
0
