20 20
2 11 11 4 -12 -1 5 -3 3 8 17 13 19 19 4 -15 5 18 -3 15 
12 17 1 -13 19 19 -13 3 17 -13 13 -19 -19 13 -15 7 17 -13 15 -5 
12 5 16 7 10 14 8 11 13 18 -5 5 -4 -1 4 18 -4 13 3 2 
9 -5 -7 14 8 15 18 19 5 17 15 6 -9 6 2 -9 6 -13 -3 -17 
-9 8 18 11 5 9 -11 7 9 3 3 17 13 -12 11 -18 13 5 12 -2 
-16 7 -13 7 16 -12 8 6 18 -5 16 3 14 5 6 16 18 5 4 3 
12 0 1 -11 11 6 14 15 14 -17 -8 -4 6 5 18 -18 3 2 11 15 
18 15 -3 7 16 15 10 14 -10 12 2 12 16 18 0 6 -14 3 18 -4 
-3 -15 8 4 -18 4 10 9 19 4 7 6 4 -6 11 -15 14 -4 12 16 
4 -2 3 9 17 19 18 19 1 6 6 4 18 -15 -18 14 0 -2 4 3 
3 4 -2 0 14 -18 -15 18 4 6 6 1 19 18 19 17 9 3 -2 4 
16 12 -4 14 -15 11 -6 4 6 7 4 19 9 10 4 -18 4 8 -15 -3 
-4 18 3 -14 6 0 18 16 12 2 12 -10 14 10 15 16 7 -3 15 18 
15 11 2 3 -18 18 5 6 -4 -8 -17 14 15 14 6 11 -11 1 0 12 
3 4 5 18 16 6 5 14 3 16 -5 18 6 8 -12 16 7 -13 7 -16 
-2 12 5 13 -18 11 -12 13 17 3 3 9 7 -11 9 5 11 18 8 -9 
-17 -3 -13 6 -9 2 6 -9 6 15 17 5 19 18 15 8 14 -7 -5 9 
2 3 13 -4 18 4 -1 -4 5 -5 18 13 11 8 14 10 7 16 5 12 
-5 15 -13 17 7 -15 13 -19 -19 13 -13 17 3 -13 19 19 -13 1 17 12 
15 -3 18 5 -15 4 19 19 13 17 8 3 -3 5 -1 -12 4 11 11 2 
61
1
11 0
8 19
0
0
