20 20
11 11 3 0 -2 -20 9 6 17 -13 22 18 5 -20 14 14 11 4 16 -7 
21 23 8 9 5 14 10 -20 8 3 22 21 17 13 8 22 12 -21 10 -23 
-20 3 2 -4 23 17 4 -2 -9 10 -1 17 18 -7 7 0 -11 10 6 20 
14 4 1 -8 22 12 14 9 2 18 10 22 20 21 8 -10 15 1 -3 0 
7 2 21 8 3 0 6 -17 19 21 6 20 12 -6 -21 17 -3 11 15 8 
7 19 11 8 8 -12 4 8 -16 3 9 8 14 -21 13 15 11 22 15 9 
1 3 13 1 -21 11 10 3 14 -3 7 22 12 4 11 5 14 18 -22 15 
10 14 12 6 13 8 -14 10 8 23 12 -9 -6 9 10 -7 20 5 10 13 
2 23 11 23 -9 23 2 1 1 23 23 15 16 1 13 12 17 5 1 3 
4 -22 -8 8 23 5 20 19 9 21 23 2 -2 23 11 -20 2 21 -1 19 
19 -1 21 2 -20 11 23 -2 2 23 21 9 19 20 5 23 8 -8 -22 4 
3 1 5 17 12 13 1 16 15 23 23 1 1 2 23 -9 23 11 23 2 
13 10 5 20 -7 10 9 -6 -9 12 23 8 10 -14 8 13 6 12 14 10 
15 -22 18 14 5 11 4 12 22 7 -3 14 3 10 11 -21 1 13 3 1 
9 15 22 11 15 13 -21 14 8 9 3 -16 8 4 -12 8 8 11 19 7 
8 15 11 -3 17 -21 -6 12 20 6 21 19 -17 6 0 3 8 21 2 7 
0 -3 1 15 -10 8 21 20 22 10 18 2 9 14 12 22 -8 1 4 14 
20 6 10 -11 0 7 -7 18 17 -1 10 -9 -2 4 17 23 -4 2 3 -20 
-23 10 -21 12 22 8 13 17 21 22 3 8 -20 10 14 5 9 8 23 21 
-7 16 4 11 14 14 -20 5 18 22 -13 17 6 9 -20 -2 0 3 11 11 
189
1
6 18
13 1
0
0
