20 20
10 4 11 6 4 8 1 13 6 -13 2 10 3 -5 10 8 -13 5 6 -5 
-7 -8 2 3 -1 -11 4 3 -2 -7 5 6 11 -11 4 13 6 2 8 -2 
11 6 5 -5 11 12 10 -4 -6 -1 -4 -12 12 12 2 13 -5 -4 6 9 
-11 4 4 9 2 13 -3 3 8 2 4 -9 11 0 6 -3 -2 8 13 10 
11 1 6 12 13 4 -11 11 12 4 6 2 1 -5 12 4 12 -10 9 9 
10 9 4 8 13 10 -7 12 -3 -1 13 6 4 1 1 10 2 4 2 0 
6 3 1 2 9 6 7 2 8 -8 7 0 -11 1 3 4 13 -12 11 -11 
9 2 3 9 13 6 -2 10 -10 3 -2 -7 7 6 -7 13 0 5 8 7 
1 13 3 11 0 9 5 -7 1 -8 -6 6 13 7 9 12 -5 9 -10 1 
7 -4 -13 3 11 3 -1 11 0 -3 -11 -9 4 13 8 11 3 12 5 -8 
-8 5 12 3 11 8 13 4 -9 -11 -3 0 11 -1 3 11 3 -13 -4 7 
1 -10 9 -5 12 9 7 13 6 -6 -8 1 -7 5 9 0 11 3 13 1 
7 8 5 0 13 -7 6 7 -7 -2 3 -10 10 -2 6 13 9 3 2 9 
-11 11 -12 13 4 3 1 -11 0 7 -8 8 2 7 6 9 2 1 3 6 
0 2 4 2 10 1 1 4 6 13 -1 -3 12 -7 10 13 8 4 9 10 
9 9 -10 12 4 12 -5 1 2 6 4 12 11 -11 4 13 12 6 1 11 
10 13 8 -2 -3 6 0 11 -9 4 2 8 3 -3 13 2 9 4 4 -11 
9 6 -4 -5 13 2 12 12 -12 -4 -1 -6 -4 10 12 11 -5 5 6 11 
-2 8 2 6 13 4 -11 11 6 5 -7 -2 3 4 -11 -1 3 2 -8 -7 
-5 6 5 -13 8 10 -5 3 10 2 -13 6 13 1 8 4 6 11 4 10 
72
1
13 6
6 13
0
0
