20 20
22 6 1 19 21 12 29 1 15 -4 22 -2 16 -22 17 -29 25 25 11 10 
23 11 -20 -16 -21 29 -5 13 29 29 24 23 4 23 -16 -20 -24 -9 -7 14 
-1 11 16 2 26 1 1 4 26 21 -3 29 27 16 30 -24 11 9 7 13 
0 2 -13 8 0 27 8 1 9 5 4 7 -5 -7 17 23 22 -24 4 1 
20 18 -28 5 -16 22 26 5 -10 18 29 8 30 29 22 -2 -2 25 -21 -2 
11 9 26 28 22 -12 -11 15 29 7 25 -28 19 -29 30 20 -22 5 22 26 
8 0 -20 30 30 20 4 16 -24 -9 18 20 14 27 -1 23 24 28 -30 -18 
14 1 6 15 20 22 5 15 30 24 4 -4 3 -9 7 -21 -22 25 -14 -2 
-12 -13 3 24 2 10 16 20 21 30 30 5 -8 -16 4 5 -29 -22 11 -12 
-18 -24 -25 23 -13 25 -28 -17 -16 12 16 3 19 21 21 23 22 9 -24 12 
12 -24 9 22 23 21 21 19 3 16 12 -16 -17 -28 25 -13 23 -25 -24 -18 
-12 11 -22 -29 5 4 -16 -8 5 30 30 21 20 16 10 2 24 3 -13 -12 
-2 -14 25 -22 -21 7 -9 3 -4 4 24 30 15 5 22 20 15 6 1 14 
-18 -30 28 24 23 -1 27 14 20 18 -9 -24 16 4 20 30 30 -20 0 8 
26 22 5 -22 20 30 -29 19 -28 25 7 29 15 -11 -12 22 28 26 9 11 
-2 -21 25 -2 -2 22 29 30 8 29 18 -10 5 26 22 -16 5 -28 18 20 
1 4 -24 22 23 17 -7 -5 7 4 5 9 1 8 27 0 8 -13 2 0 
13 7 9 11 -24 30 16 27 29 -3 21 26 4 1 1 26 2 16 11 -1 
14 -7 -9 -24 -20 -16 23 4 23 24 29 29 13 -5 29 -21 -16 -20 11 23 
10 11 25 25 -29 17 -22 16 -2 22 -4 15 1 29 12 21 19 1 6 22 
186
1
8 3
11 16
0
0
