20 20
21 6 -6 6 2 -19 12 20 14 -1 14 16 6 16 3 6 21 1 -8 -20 
13 6 16 15 20 -18 8 13 -4 -3 15 -7 14 10 14 -5 -19 5 -10 13 
18 -11 5 20 8 12 11 15 -18 2 1 -3 8 19 9 20 1 3 13 16 
10 15 5 -2 4 21 0 8 -19 11 4 -17 1 6 14 11 21 16 -20 6 
15 -1 5 3 21 14 7 -21 4 11 8 18 -18 3 7 -3 11 3 5 1 
21 21 8 -10 -19 8 6 -13 17 -14 10 2 13 12 19 9 2 18 3 19 
20 11 -12 -8 18 -11 -17 -17 14 -17 9 3 -1 13 8 16 -12 4 5 -6 
9 17 18 9 6 0 -7 20 10 12 5 3 15 18 -13 11 15 1 -21 10 
-12 12 2 -5 5 -11 -16 16 15 10 8 2 -4 -8 20 -2 0 2 -15 9 
19 10 10 7 -11 3 9 5 5 18 20 20 -3 -5 13 -6 12 16 12 5 
5 12 16 12 -6 13 -5 -3 20 20 18 5 5 9 3 -11 7 10 10 19 
9 -15 2 0 -2 20 -8 -4 2 8 10 15 16 -16 -11 5 -5 2 12 -12 
10 -21 1 15 11 -13 18 15 3 5 12 10 20 -7 0 6 9 18 17 9 
-6 5 4 -12 16 8 13 -1 3 9 -17 14 -17 -17 -11 18 -8 -12 11 20 
19 3 18 2 9 19 12 13 2 10 -14 17 -13 6 8 -19 -10 8 21 21 
1 5 3 11 -3 7 3 -18 18 8 11 4 -21 7 14 21 3 5 -1 15 
6 -20 16 21 11 14 6 1 -17 4 11 -19 8 0 21 4 -2 5 15 10 
16 13 3 1 20 9 19 8 -3 1 2 -18 15 11 12 8 20 5 -11 18 
13 -10 5 -19 -5 14 10 14 -7 15 -3 -4 13 8 -18 20 15 16 6 13 
-20 -8 1 21 6 3 16 6 16 14 -1 14 20 12 -19 2 6 -6 6 21 
73
1
13 18
6 1
0
0
