20 20
24 6 21 13 8 -21 23 -10 -26 24 3 16 -25 16 23 16 -8 -12 12 3 
4 15 5 12 20 13 15 -1 -23 -21 5 -20 20 26 21 -26 19 12 21 -24 
26 -13 4 19 -8 2 2 16 -21 -1 -23 12 11 20 12 19 8 -13 1 -2 
7 1 14 16 0 17 25 6 17 6 2 3 1 -4 10 -16 17 21 17 24 
0 9 26 4 24 16 18 22 17 16 1 -17 1 21 5 10 24 -3 -11 10 
23 8 9 3 21 -9 2 22 2 22 17 6 15 -3 8 21 18 14 9 5 
26 20 19 18 5 -24 25 24 9 -25 0 22 17 -2 -11 6 -1 14 -11 -22 
14 6 -12 24 23 5 19 6 -11 11 -21 5 10 19 22 -4 0 3 -7 -19 
20 10 2 11 4 -4 24 25 9 -1 -20 -14 17 21 15 6 -26 3 22 21 
15 -8 13 10 20 4 22 -16 -4 -13 -5 -8 23 13 3 25 4 6 2 1 
1 2 6 4 25 3 13 23 -8 -5 -13 -4 -16 22 4 20 10 13 -8 15 
21 22 3 -26 6 15 21 17 -14 -20 -1 9 25 24 -4 4 11 2 10 20 
-19 -7 3 0 -4 22 19 10 5 -21 11 -11 6 19 5 23 24 -12 6 14 
-22 -11 14 -1 6 -11 -2 17 22 0 -25 9 24 25 -24 5 18 19 20 26 
5 9 14 18 21 8 -3 15 6 17 22 2 22 2 -9 21 3 9 8 23 
10 -11 -3 24 10 5 21 1 -17 1 16 17 22 18 16 24 4 26 9 0 
24 17 21 17 -16 10 -4 1 3 2 6 17 6 25 17 0 16 14 1 7 
-2 1 -13 8 19 12 20 11 12 -23 -1 -21 16 2 2 -8 19 4 -13 26 
-24 21 12 19 -26 21 26 20 -20 5 -21 -23 -1 15 13 20 12 5 15 4 
3 12 -12 -8 16 23 16 -25 16 3 24 -26 -10 23 -21 8 13 21 6 24 
87
1
15 3
4 16
0
0
