20 20
-6 15 -19 14 20 21 1 21 -19 13 21 14 18 15 4 -2 7 8 6 -2 
7 7 14 -4 15 16 22 -13 16 17 -12 15 2 19 9 4 14 1 5 13 
1 21 2 21 13 -12 7 18 11 1 1 19 -12 13 16 13 2 3 6 4 
11 -8 18 15 1 15 1 -19 15 19 18 1 -20 16 -18 6 14 12 18 5 
1 8 22 19 9 1 6 -22 17 -17 19 4 19 -19 7 8 2 -4 -6 6 
-16 18 -21 9 3 20 16 3 -4 17 -14 2 -4 3 8 22 6 7 18 21 
4 7 14 12 19 13 5 7 19 21 19 0 3 16 4 12 11 -10 12 15 
13 1 20 6 15 -14 2 -17 -3 6 8 9 -16 8 -18 18 5 2 8 7 
6 -7 3 -4 12 6 21 -20 22 14 9 -10 9 6 4 0 2 18 -6 16 
2 22 6 9 20 -1 -14 20 20 12 9 2 20 22 12 -2 5 9 14 1 
1 14 9 5 -2 12 22 20 2 9 12 20 20 -14 -1 20 9 6 22 2 
16 -6 18 2 0 4 6 9 -10 9 14 22 -20 21 6 12 -4 3 -7 6 
7 8 2 5 18 -18 8 -16 9 8 6 -3 -17 2 -14 15 6 20 1 13 
15 12 -10 11 12 4 16 3 0 19 21 19 7 5 13 19 12 14 7 4 
21 18 7 6 22 8 3 -4 2 -14 17 -4 3 16 20 3 9 -21 18 -16 
6 -6 -4 2 8 7 -19 19 4 19 -17 17 -22 6 1 9 19 22 8 1 
5 18 12 14 6 -18 16 -20 1 18 19 15 -19 1 15 1 15 18 -8 11 
4 6 3 2 13 16 13 -12 19 1 1 11 18 7 -12 13 21 2 21 1 
13 5 1 14 4 9 19 2 15 -12 17 16 -13 22 16 15 -4 14 7 7 
-2 6 8 7 -2 4 15 18 14 21 13 -19 21 1 21 20 14 -19 15 -6 
172
1
14 4
5 15
0
0
