20 20
18 -13 1 13 12 14 -20 -12 14 -8 7 -20 -16 11 6 6 8 7 -19 10 
20 4 11 9 19 9 -14 11 -11 1 16 2 7 16 -17 19 1 11 10 21 
14 1 -19 19 16 12 12 8 13 6 -10 1 -13 -8 14 11 19 16 1 13 
9 0 14 3 -15 -4 -8 -21 -12 4 13 4 -12 5 16 19 11 -21 14 11 
5 2 8 14 13 -9 -5 2 21 16 15 15 5 -3 11 0 7 11 17 8 
17 19 12 19 16 15 -7 3 6 10 6 5 18 20 15 17 8 7 0 12 
5 13 -5 -4 19 0 -14 18 21 4 11 10 -20 16 15 -6 14 11 3 7 
-8 10 13 6 19 9 13 -11 10 16 11 -10 3 17 3 8 0 -21 -20 19 
1 19 19 -5 1 9 4 -6 3 17 5 4 15 15 3 -1 8 1 10 -21 
14 12 19 13 11 4 -9 7 17 20 6 3 10 -5 16 13 20 6 5 15 
15 5 6 20 13 16 -5 10 3 6 20 17 7 -9 4 11 13 19 12 14 
-21 10 1 8 -1 3 15 15 4 5 17 3 -6 4 9 1 -5 19 19 1 
19 -20 -21 0 8 3 17 3 -10 11 16 10 -11 13 9 19 6 13 10 -8 
7 3 11 14 -6 15 16 -20 10 11 4 21 18 -14 0 19 -4 -5 13 5 
12 0 7 8 17 15 20 18 5 6 10 6 3 -7 15 16 19 12 19 17 
8 17 11 7 0 11 -3 5 15 15 16 21 2 -5 -9 13 14 8 2 5 
11 14 -21 11 19 16 5 -12 4 13 4 -12 -21 -8 -4 -15 3 14 0 9 
13 1 16 19 11 14 -8 -13 1 -10 6 13 8 12 12 16 19 -19 1 14 
21 10 11 1 19 -17 16 7 2 16 1 -11 11 -14 9 19 9 11 4 20 
10 -19 7 8 6 6 11 -16 -20 7 -8 14 -12 -20 14 12 13 1 -13 18 
156
1
9 3
10 16
0
0
