20 20
24 -18 16 12 11 23 -4 6 1 21 16 7 14 -14 0 4 16 3 21 9 
-12 -22 14 -19 11 19 20 -5 17 15 19 2 18 4 13 7 21 20 14 -19 
-19 2 -5 19 12 9 21 -23 -20 23 -23 10 -3 -1 3 10 14 3 -12 17 
9 7 9 1 5 5 -10 8 22 6 23 11 17 21 0 12 9 5 17 6 
0 14 17 6 10 -18 -9 17 3 9 2 5 -6 13 5 22 -12 5 0 23 
8 12 7 2 17 4 -5 19 8 8 6 -24 6 4 -4 19 -4 -8 -8 18 
-8 1 13 21 5 0 16 21 7 6 21 1 19 1 -10 5 18 4 -21 21 
14 19 13 17 2 20 19 24 24 13 1 2 23 10 13 18 -6 22 -6 14 
-21 14 14 -18 24 17 14 14 6 12 16 1 19 -13 -17 7 4 16 13 23 
11 17 7 10 -1 -1 -20 19 4 2 -5 -13 5 1 20 -12 18 7 14 -23 
-23 14 7 18 -12 20 1 5 -13 -5 2 4 19 -20 -1 -1 10 7 17 11 
23 13 16 4 7 -17 -13 19 1 16 12 6 14 14 17 24 -18 14 14 -21 
14 -6 22 -6 18 13 10 23 2 1 13 24 24 19 20 2 17 13 19 14 
21 -21 4 18 5 -10 1 19 1 21 6 7 21 16 0 5 21 13 1 -8 
18 -8 -8 -4 19 -4 4 6 -24 6 8 8 19 -5 4 17 2 7 12 8 
23 0 5 -12 22 5 13 -6 5 2 9 3 17 -9 -18 10 6 17 14 0 
6 17 5 9 12 0 21 17 11 23 6 22 8 -10 5 5 1 9 7 9 
17 -12 3 14 10 3 -1 -3 10 -23 23 -20 -23 21 9 12 19 -5 2 -19 
-19 14 20 21 7 13 4 18 2 19 15 17 -5 20 19 11 -19 14 -22 -12 
9 21 3 16 4 0 -14 14 7 16 21 1 6 -4 23 11 12 16 -18 24 
88
1
17 3
2 16
0
0
