20 20
-16 -27 -22 6 12 6 5 18 11 12 -10 20 29 28 20 -21 16 -23 3 3 
25 20 26 11 1 0 14 27 -24 -11 12 2 9 14 22 25 0 25 8 12 
11 20 -8 5 19 -6 15 6 24 1 -16 12 26 -11 23 -23 -17 17 24 18 
17 8 -5 0 -17 13 19 5 18 -10 24 15 22 22 12 9 15 -25 -23 -13 
-2 13 8 -15 -28 29 11 -4 9 14 -14 -10 20 19 27 18 19 29 4 18 
5 -13 28 -20 13 -20 -7 7 -23 26 15 -15 -17 28 26 -12 5 20 -4 10 
10 23 4 -4 15 15 15 -3 -13 -28 -16 12 4 15 -13 14 22 14 8 -2 
18 4 6 -2 1 8 14 23 27 17 -14 -19 -24 4 -4 -5 -26 5 16 18 
14 -26 21 26 -17 12 -8 22 -20 6 29 27 24 -2 5 25 9 20 23 13 
-18 23 1 7 25 11 4 -10 29 9 2 -27 5 21 -2 -28 24 24 -28 -22 
-22 -28 24 24 -28 -2 21 5 -27 2 9 29 -10 4 11 25 7 1 23 -18 
13 23 20 9 25 5 -2 24 27 29 6 -20 22 -8 12 -17 26 21 -26 14 
18 16 5 -26 -5 -4 4 -24 -19 -14 17 27 23 14 8 1 -2 6 4 18 
-2 8 14 22 14 -13 15 4 12 -16 -28 -13 -3 15 15 15 -4 4 23 10 
10 -4 20 5 -12 26 28 -17 -15 15 26 -23 7 -7 -20 13 -20 28 -13 5 
18 4 29 19 18 27 19 20 -10 -14 14 9 -4 11 29 -28 -15 8 13 -2 
-13 -23 -25 15 9 12 22 22 15 24 -10 18 5 19 13 -17 0 -5 8 17 
18 24 17 -17 -23 23 -11 26 12 -16 1 24 6 15 -6 19 5 -8 20 11 
12 8 25 0 25 22 14 9 2 12 -11 -24 27 14 0 1 11 26 20 25 
3 3 -23 16 -21 20 28 29 20 -10 12 11 18 5 6 12 6 -22 -27 -16 
114
1
13 10
6 9
0
0
