20 20
17 25 14 12 11 -16 -11 18 28 12 -5 10 2 13 7 26 13 7 -7 -9 
20 -23 20 15 12 5 25 -18 -12 19 7 12 11 22 6 -7 22 13 17 19 
17 28 11 16 -12 26 28 7 30 30 -5 20 10 12 24 -21 14 -5 -5 5 
-26 27 2 7 4 7 25 21 16 4 11 26 18 17 -12 15 14 5 22 9 
13 2 8 14 18 24 29 5 30 18 14 10 12 6 11 13 -23 15 28 4 
-30 1 15 -28 7 3 13 9 2 4 18 6 -17 21 29 -29 -22 0 -18 9 
19 -20 17 -18 -3 27 12 19 -16 -10 -8 -25 -30 22 2 9 12 15 -11 0 
12 -21 7 22 2 10 23 7 -10 13 14 9 29 12 11 -25 19 -26 10 13 
28 14 27 16 -14 26 18 -28 23 30 2 28 13 -3 4 -9 -19 15 18 -14 
14 0 -17 17 -28 12 14 19 -28 18 -17 7 22 17 17 4 4 -28 -4 21 
21 -4 -28 4 4 17 17 22 7 -17 18 -28 19 14 12 -28 17 -17 0 14 
-14 18 15 -19 -9 4 -3 13 28 2 30 23 -28 18 26 -14 16 27 14 28 
13 10 -26 19 -25 11 12 29 9 14 13 -10 7 23 10 2 22 7 -21 12 
0 -11 15 12 9 2 22 -30 -25 -8 -10 -16 19 12 27 -3 -18 17 -20 19 
9 -18 0 -22 -29 29 21 -17 6 18 4 2 9 13 3 7 -28 15 1 -30 
4 28 15 -23 13 11 6 12 10 14 18 30 5 29 24 18 14 8 2 13 
9 22 5 14 15 -12 17 18 26 11 4 16 21 25 7 4 7 2 27 -26 
5 -5 -5 14 -21 24 12 10 20 -5 30 30 7 28 26 -12 16 11 28 17 
19 17 13 22 -7 6 22 11 12 7 19 -12 -18 25 5 12 15 20 -23 20 
-9 -7 7 13 26 7 13 2 10 -5 12 28 18 -11 -16 11 12 14 25 17 
125
1
15 5
4 14
0
0
