20 20
12 1 7 10 -3 2 20 11 12 16 12 18 19 15 6 -18 17 -8 6 17 
6 -8 -18 4 -1 3 -4 -17 9 18 10 9 2 5 -16 19 0 10 3 0 
-2 -1 16 -2 -5 10 17 18 2 10 -15 1 10 20 6 17 -9 -8 0 2 
-17 3 20 -17 12 5 1 -18 10 13 13 15 5 -9 -5 12 20 -13 18 16 
-2 10 8 -15 13 9 -12 3 2 -20 2 -1 -17 -3 14 13 17 -16 5 0 
11 18 7 10 5 18 14 -8 -13 11 13 18 11 6 18 19 -6 15 5 -3 
-7 17 18 3 14 -4 0 7 18 17 -12 13 -20 17 1 2 12 8 11 -17 
-19 2 11 16 2 17 13 -16 -10 5 17 3 19 4 10 -20 18 -6 -4 16 
5 7 3 3 5 -17 7 10 10 11 11 7 -13 3 7 17 13 11 16 14 
-4 17 14 -3 4 18 3 17 9 17 14 11 9 5 9 16 -5 18 10 3 
3 10 18 -5 16 9 5 9 11 14 17 9 17 3 18 4 -3 14 17 -4 
14 16 11 13 17 7 3 -13 7 11 11 10 10 7 -17 5 3 3 7 5 
16 -4 -6 18 -20 10 4 19 3 17 5 -10 -16 13 17 2 16 11 2 -19 
-17 11 8 12 2 1 17 -20 13 -12 17 18 7 0 -4 14 3 18 17 -7 
-3 5 15 -6 19 18 6 11 18 13 11 -13 -8 14 18 5 10 7 18 11 
0 5 -16 17 13 14 -3 -17 -1 2 -20 2 3 -12 9 13 -15 8 10 -2 
16 18 -13 20 12 -5 -9 5 15 13 13 10 -18 1 5 12 -17 20 3 -17 
2 0 -8 -9 17 6 20 10 1 -15 10 2 18 17 10 -5 -2 16 -1 -2 
0 3 10 0 19 -16 5 2 9 10 18 9 -17 -4 3 -1 4 -18 -8 6 
17 6 -8 17 -18 6 15 19 18 12 16 12 11 20 2 -3 10 7 1 12 
122
1
17 0
2 19
0
0
