20 20
3 -2 -5 3 -10 8 3 6 -13 6 12 5 9 3 0 9 0 7 12 5 
1 1 2 13 -10 9 0 -6 -4 9 2 -6 0 12 10 -2 5 12 12 -11 
6 6 4 4 7 -4 12 12 -4 -7 0 13 3 7 9 -7 11 5 13 8 
1 1 -3 10 -1 -11 4 13 9 3 9 13 4 -5 3 8 -8 -10 13 0 
-7 6 6 3 8 -1 -13 5 13 8 6 2 1 8 8 7 5 -1 1 11 
13 5 13 0 9 1 -11 12 2 12 7 3 12 8 -6 6 -13 1 -4 6 
9 2 0 8 -10 10 -6 13 0 11 11 6 12 -3 11 3 -4 6 6 0 
0 7 -11 -11 1 13 13 8 0 -6 -13 1 -6 4 2 4 -2 7 -8 9 
9 -3 -3 3 0 13 -11 13 -8 5 -7 7 1 7 1 7 0 -12 -4 -2 
11 6 2 11 -12 9 -4 10 -1 3 1 -13 -2 3 8 12 -9 6 7 -12 
-12 7 6 -9 12 8 3 -2 -13 1 3 -1 10 -4 9 -12 11 2 6 11 
-2 -4 -12 0 7 1 7 1 7 -7 5 -8 13 -11 13 0 3 -3 -3 9 
9 -8 7 -2 4 2 4 -6 1 -13 -6 0 8 13 13 1 -11 -11 7 0 
0 6 6 -4 3 11 -3 12 6 11 11 0 13 -6 10 -10 8 0 2 9 
6 -4 1 -13 6 -6 8 12 3 7 12 2 12 -11 1 9 0 13 5 13 
11 1 -1 5 7 8 8 1 2 6 8 13 5 -13 -1 8 3 6 6 -7 
0 13 -10 -8 8 3 -5 4 13 9 3 9 13 4 -11 -1 10 -3 1 1 
8 13 5 11 -7 9 7 3 13 0 -7 -4 12 12 -4 7 4 4 6 6 
-11 12 12 5 -2 10 12 0 -6 2 9 -4 -6 0 9 -10 13 2 1 1 
5 12 7 0 9 0 3 9 5 12 6 -13 6 3 8 -10 3 -5 -2 3 
173
1
15 2
4 17
0
0
