20 20
21 21 -4 13 15 9 17 -10 19 16 -10 -16 8 15 19 14 21 -19 14 20 
-9 19 7 14 22 9 12 -9 8 -17 18 -10 -11 3 -11 2 9 10 -25 21 
6 4 8 -7 -12 -17 20 -8 18 15 11 15 12 -13 6 6 5 15 17 25 
25 4 18 7 -1 -16 -24 -16 10 13 14 25 10 6 14 0 9 -15 14 16 
-2 13 -3 8 9 4 -17 18 -2 14 15 11 -24 9 -5 0 -20 2 3 2 
3 -6 9 4 -24 19 8 -23 -7 25 -3 -4 23 1 11 3 2 1 0 22 
24 21 15 15 14 -10 -3 6 16 21 4 2 13 11 -9 -12 18 15 -6 14 
15 -15 18 5 23 22 -21 15 18 18 -13 16 20 20 17 21 25 -9 19 11 
7 -13 -18 23 18 18 1 -14 24 -2 3 -9 1 19 -11 16 5 19 7 -1 
12 6 25 10 7 3 10 18 10 20 14 7 7 20 -25 -14 11 -20 16 24 
24 16 -20 11 -14 -25 20 7 7 14 20 10 18 10 3 7 10 25 6 12 
-1 7 19 5 16 -11 19 1 -9 3 -2 24 -14 1 18 18 23 -18 -13 7 
11 19 -9 25 21 17 20 20 16 -13 18 18 15 -21 22 23 5 18 -15 15 
14 -6 15 18 -12 -9 11 13 2 4 21 16 6 -3 -10 14 15 15 21 24 
22 0 1 2 3 11 1 23 -4 -3 25 -7 -23 8 19 -24 4 9 -6 3 
2 3 2 -20 0 -5 9 -24 11 15 14 -2 18 -17 4 9 8 -3 13 -2 
16 14 -15 9 0 14 6 10 25 14 13 10 -16 -24 -16 -1 7 18 4 25 
25 17 15 5 6 6 -13 12 15 11 15 18 -8 20 -17 -12 -7 8 4 6 
21 -25 10 9 2 -11 3 -11 -10 18 -17 8 -9 12 9 22 14 7 19 -9 
20 14 -19 21 14 19 15 8 -16 -10 16 19 -10 17 9 15 13 -4 21 21 
44
1
8 1
11 18
0
0
