20 20
-18 26 11 16 23 7 23 -20 -7 12 -19 9 5 12 -23 25 -18 3 10 14 
-7 23 -2 26 27 11 16 20 14 -10 20 4 7 17 -14 13 18 -21 -18 -9 
-15 2 9 11 -18 -19 26 -27 27 23 22 18 13 26 14 -3 6 -1 5 -8 
7 2 21 -20 0 4 21 13 -25 21 16 11 17 26 12 7 17 7 21 17 
7 18 -24 -12 7 23 -15 24 21 18 3 -4 17 -27 8 22 5 8 14 10 
4 10 26 -13 18 14 -27 6 11 23 21 -16 24 24 5 -18 -26 7 -21 14 
-2 13 12 3 12 8 26 13 26 3 26 11 15 1 -15 14 21 3 11 3 
24 1 -26 5 13 14 21 6 9 15 24 -25 -5 11 22 -7 -21 23 21 1 
3 25 -18 20 4 14 0 2 2 3 -25 0 3 -24 -19 17 -2 8 18 11 
12 7 3 -21 24 4 12 3 8 3 15 6 13 17 26 -19 -19 1 -19 -5 
-5 -19 1 -19 -19 26 17 13 6 15 3 8 3 12 4 24 -21 3 7 12 
11 18 8 -2 17 -19 -24 3 0 -25 3 2 2 0 14 4 20 -18 25 3 
1 21 23 -21 -7 22 11 -5 -25 24 15 9 6 21 14 13 5 -26 1 24 
3 11 3 21 14 -15 1 15 11 26 3 26 13 26 8 12 3 12 13 -2 
14 -21 7 -26 -18 5 24 24 -16 21 23 11 6 -27 14 18 -13 26 10 4 
10 14 8 5 22 8 -27 17 -4 3 18 21 24 -15 23 7 -12 -24 18 7 
17 21 7 17 7 12 26 17 11 16 21 -25 13 21 4 0 -20 21 2 7 
-8 5 -1 6 -3 14 26 13 18 22 23 27 -27 26 -19 -18 11 9 2 -15 
-9 -18 -21 18 13 -14 17 7 4 20 -10 14 20 16 11 27 26 -2 23 -7 
14 10 3 -18 25 -23 12 5 9 -19 12 -7 -20 23 7 23 16 11 26 -18 
197
1
19 12
0 7
0
0
