20 20
8 18 -20 -1 14 18 5 5 9 20 7 10 0 9 -9 15 9 11 6 14 
10 10 16 0 3 17 9 0 17 -9 20 15 20 13 16 14 -14 12 15 16 
-7 3 6 4 5 16 4 3 -19 4 13 -20 16 11 2 2 -16 14 -7 -7 
8 9 9 16 19 16 -16 13 4 -19 18 2 8 -13 -2 -11 12 -7 -6 8 
6 10 3 3 10 1 20 -7 4 6 -6 -2 7 2 6 7 -15 20 16 8 
18 14 2 15 15 -1 -14 3 3 -3 2 11 5 5 7 11 7 -20 10 7 
8 13 8 -13 6 18 9 -12 3 9 1 12 2 14 18 13 1 0 11 8 
16 19 20 2 4 18 13 -18 15 7 10 9 8 0 11 10 10 11 10 19 
16 14 14 16 1 14 -13 9 8 16 2 -18 14 4 0 -6 9 20 13 -4 
-20 -14 1 -9 -9 12 16 1 18 -1 -3 13 18 -3 17 -6 -8 14 6 -4 
-4 6 14 -8 -6 17 -3 18 13 -3 -1 18 1 16 12 -9 -9 1 -14 -20 
-4 13 20 9 -6 0 4 14 -18 2 16 8 9 -13 14 1 16 14 14 16 
19 10 11 10 10 11 0 8 9 10 7 15 -18 13 18 4 2 20 19 16 
8 11 0 1 13 18 14 2 12 1 9 3 -12 9 18 6 -13 8 13 8 
7 10 -20 7 11 7 5 5 11 2 -3 3 3 -14 -1 15 15 2 14 18 
8 16 20 -15 7 6 2 7 -2 -6 6 4 -7 20 1 10 3 3 10 6 
8 -6 -7 12 -11 -2 -13 8 2 18 -19 4 13 -16 16 19 16 9 9 8 
-7 -7 14 -16 2 2 11 16 -20 13 4 -19 3 4 16 5 4 6 3 -7 
16 15 12 -14 14 16 13 20 15 20 -9 17 0 9 17 3 0 16 10 10 
14 6 11 9 15 -9 9 0 10 7 20 9 5 5 18 14 -1 -20 18 8 
89
1
9 18
10 1
0
0
