20 20
9 12 13 16 -15 8 16 8 16 8 15 13 -10 11 1 5 2 -17 11 8 
9 8 -13 7 -17 14 15 6 9 16 -11 5 3 6 16 2 8 -3 -16 16 
7 9 17 -12 11 -14 11 3 8 -12 9 8 17 -12 5 -5 9 16 14 1 
6 -16 -5 -13 8 7 5 -17 5 13 11 4 5 -14 8 17 -10 16 14 14 
-9 8 15 7 17 -16 14 15 4 15 -14 2 14 10 11 16 -9 14 12 12 
-7 5 11 -17 -16 0 16 10 16 9 6 -17 -12 2 6 -7 8 3 -5 -12 
13 3 3 14 9 -2 6 7 10 1 4 0 8 13 -13 16 -15 15 5 1 
-9 1 4 4 -6 0 -1 15 -6 7 2 -6 15 17 6 4 8 14 7 0 
-6 -1 -12 9 7 0 6 17 7 4 8 14 8 4 13 10 1 9 2 -2 
2 14 -5 2 4 6 6 -10 7 1 -10 2 17 -17 4 2 2 7 -9 4 
4 -9 7 2 2 4 -17 17 2 -10 1 7 -10 6 6 4 2 -5 14 2 
-2 2 9 1 10 13 4 8 14 8 4 7 17 6 0 7 9 -12 -1 -6 
0 7 14 8 4 6 17 15 -6 2 7 -6 15 -1 0 -6 4 4 1 -9 
1 5 15 -15 16 -13 13 8 0 4 1 10 7 6 -2 9 14 3 3 13 
-12 -5 3 8 -7 6 2 -12 -17 6 9 16 10 16 0 -16 -17 11 5 -7 
12 12 14 -9 16 11 10 14 2 -14 15 4 15 14 -16 17 7 15 8 -9 
14 14 16 -10 17 8 -14 5 4 11 13 5 -17 5 7 8 -13 -5 -16 6 
1 14 16 9 -5 5 -12 17 8 9 -12 8 3 11 -14 11 -12 17 9 7 
16 -16 -3 8 2 16 6 3 5 -11 16 9 6 15 14 -17 7 -13 8 9 
8 11 -17 2 5 1 11 -10 13 15 8 16 8 16 8 -15 16 13 12 9 
60
1
2 6
17 13
0
0
