20 20
1 8 21 15 12 -20 -6 -4 27 1 14 5 9 18 8 -9 4 23 5 16 
-23 19 12 -15 21 26 -9 -13 13 25 -12 28 23 30 4 0 -18 15 21 18 
-19 26 15 19 -28 -7 23 20 -9 -23 -14 9 3 6 -9 -28 -12 15 29 -17 
-3 26 25 19 -26 16 12 17 1 23 18 -28 11 -27 -14 -26 5 -28 9 24 
18 24 -15 14 16 -27 1 22 2 1 3 21 5 5 3 4 19 26 -18 16 
26 19 15 -15 -22 10 -15 -19 24 18 20 12 4 14 2 -25 28 26 9 19 
19 23 -1 -29 -11 -1 -19 18 19 24 10 12 22 2 4 4 -23 -5 -3 14 
27 30 20 2 9 25 19 6 15 28 -20 5 14 1 11 27 -8 28 5 7 
21 -23 24 30 30 4 5 -19 3 -10 17 -22 2 -26 8 5 3 6 3 -7 
3 -27 7 10 -2 23 7 8 20 17 -21 26 20 6 13 18 15 6 21 -25 
-25 21 6 15 18 13 6 20 26 -21 17 20 8 7 23 -2 10 7 -27 3 
-7 3 6 3 5 8 -26 2 -22 17 -10 3 -19 5 4 30 30 24 -23 21 
7 5 28 -8 27 11 1 14 5 -20 28 15 6 19 25 9 2 20 30 27 
14 -3 -5 -23 4 4 2 22 12 10 24 19 18 -19 -1 -11 -29 -1 23 19 
19 9 26 28 -25 2 14 4 12 20 18 24 -19 -15 10 -22 -15 15 19 26 
16 -18 26 19 4 3 5 5 21 3 1 2 22 1 -27 16 14 -15 24 18 
24 9 -28 5 -26 -14 -27 11 -28 18 23 1 17 12 16 -26 19 25 26 -3 
-17 29 15 -12 -28 -9 6 3 9 -14 -23 -9 20 23 -7 -28 19 15 26 -19 
18 21 15 -18 0 4 30 23 28 -12 25 13 -13 -9 26 21 -15 12 19 -23 
16 5 23 4 -9 8 18 9 5 14 1 27 -4 -6 -20 12 15 21 8 1 
131
1
9 6
10 13
0
0
