20 20
12 6 -3 10 7 -3 3 1 -1 1 10 1 14 12 -12 -12 8 7 4 -12 
12 -12 4 8 8 -8 1 1 0 11 11 -9 -3 -13 -3 9 -5 4 5 11 
4 3 13 6 8 2 2 13 1 -9 5 5 5 1 8 0 11 7 6 5 
-11 -1 9 -14 9 -10 14 12 13 10 1 7 12 -3 7 -13 4 2 14 5 
-4 4 -2 11 11 13 1 6 2 10 7 8 11 2 -1 -3 -11 -1 13 9 
2 13 10 1 14 8 10 13 2 3 12 -13 -12 8 5 2 6 3 -3 -13 
3 3 1 -8 2 11 13 2 3 2 10 9 2 -6 9 -12 10 2 1 13 
-12 -14 10 3 7 1 9 2 13 10 -9 7 8 11 7 -4 7 11 6 10 
6 13 -12 4 10 9 4 11 6 10 9 2 3 4 4 7 12 -12 13 8 
6 8 0 8 9 6 -3 6 -7 -1 11 14 3 14 8 10 -13 10 -10 10 
10 -10 10 -13 10 8 14 3 14 11 -1 -7 6 -3 6 9 8 0 8 6 
8 13 -12 12 7 4 4 3 2 9 10 6 11 4 9 10 4 -12 13 6 
10 6 11 7 -4 7 11 8 7 -9 10 13 2 9 1 7 3 10 -14 -12 
13 1 2 10 -12 9 -6 2 9 10 2 3 2 13 11 2 -8 1 3 3 
-13 -3 3 6 2 5 8 -12 -13 12 3 2 13 10 8 14 1 10 13 2 
9 13 -1 -11 -3 -1 2 11 8 7 10 2 6 1 13 11 11 -2 4 -4 
5 14 2 4 -13 7 -3 12 7 1 10 13 12 14 -10 9 -14 9 -1 -11 
5 6 7 11 0 8 1 5 5 5 -9 1 13 2 2 8 6 13 3 4 
11 5 4 -5 9 -3 -13 -3 -9 11 11 0 1 1 -8 8 8 4 -12 12 
-12 4 7 8 -12 -12 12 14 1 10 1 -1 1 3 -3 7 10 -3 6 12 
121
1
1 7
18 12
0
0
