20 20
2 12 7 9 8 11 -2 13 13 13 13 3 1 -9 -7 12 13 11 -11 -2 
-9 6 3 4 4 -1 -10 4 10 -11 4 3 -7 -5 12 5 12 10 8 2 
-5 4 -3 8 0 -6 12 8 -12 3 4 13 -10 -11 12 1 2 8 -13 4 
5 9 9 5 5 4 8 -3 13 13 3 7 9 -6 13 -1 -5 -6 12 -1 
-11 10 4 9 2 8 -9 5 10 12 -10 1 11 10 10 -3 11 7 2 -3 
-12 3 0 7 10 9 11 -4 -6 9 -6 12 9 13 0 0 6 12 5 0 
7 -11 13 11 -12 8 -6 3 7 12 0 0 7 7 0 13 -3 3 -3 -4 
7 -10 3 4 -6 -8 -11 12 2 3 7 10 -1 4 12 0 8 11 11 12 
12 2 5 1 10 11 11 10 3 8 9 10 8 -8 6 4 12 12 11 -7 
-8 13 10 12 -3 2 12 -12 -1 -13 -5 1 6 3 4 -4 5 -5 12 7 
7 12 -5 5 -4 4 3 6 1 -5 -13 -1 -12 12 2 -3 12 10 13 -8 
-7 11 12 12 4 6 -8 8 10 9 8 3 10 11 11 10 1 5 2 12 
12 11 11 8 0 12 4 -1 10 7 3 2 12 -11 -8 -6 4 3 -10 7 
-4 -3 3 -3 13 0 7 7 0 0 12 7 3 -6 8 -12 11 13 -11 7 
0 5 12 6 0 0 13 9 12 -6 9 -6 -4 11 9 10 7 0 3 -12 
-3 2 7 11 -3 10 10 11 1 -10 12 10 5 -9 8 2 9 4 10 -11 
-1 12 -6 -5 -1 13 -6 9 7 3 13 13 -3 8 4 5 5 9 9 5 
4 -13 8 2 1 12 -11 -10 13 4 3 -12 8 12 -6 0 8 -3 4 -5 
2 8 10 12 5 12 -5 -7 3 4 -11 10 4 -10 -1 4 4 3 6 -9 
-2 -11 11 13 12 -7 -9 1 3 13 13 13 13 -2 11 8 9 7 12 2 
171
1
18 7
1 12
0
0
