20 20
27 -11 27 6 23 6 7 6 -30 -17 27 -15 13 21 29 -6 20 5 11 24 
-8 10 8 4 -19 7 13 5 1 11 9 -18 -7 4 -17 8 3 28 22 -8 
-8 18 6 8 19 11 20 4 15 27 -1 -10 1 -9 26 26 -27 7 12 7 
11 5 -16 7 -21 30 23 18 8 28 23 20 20 10 2 26 1 29 -1 4 
19 29 -7 2 19 1 23 10 25 -17 16 4 -20 23 -24 6 0 -9 26 7 
5 28 -21 18 26 29 -6 15 19 -13 29 -20 22 30 29 24 29 26 7 29 
9 5 -11 12 -15 -15 1 -25 29 -30 25 7 14 -10 -8 8 24 -1 -9 12 
18 23 -23 18 1 -9 4 -26 11 22 -24 28 30 16 11 10 -10 20 2 -13 
12 8 8 -11 22 -27 -29 2 15 1 14 7 2 23 -19 13 28 0 4 -20 
18 -3 17 -3 12 14 28 -22 21 2 1 21 27 19 -17 7 -20 22 15 0 
0 15 22 -20 7 -17 19 27 21 1 2 21 -22 28 14 12 -3 17 -3 18 
-20 4 0 28 13 -19 23 2 7 14 1 15 2 -29 -27 22 -11 8 8 12 
-13 2 20 -10 10 11 16 30 28 -24 22 11 -26 4 -9 1 18 -23 23 18 
12 -9 -1 24 8 -8 -10 14 7 25 -30 29 -25 1 -15 -15 12 -11 5 9 
29 7 26 29 24 29 30 22 -20 29 -13 19 15 -6 29 26 18 -21 28 5 
7 26 -9 0 6 -24 23 -20 4 16 -17 25 10 23 1 19 2 -7 29 19 
4 -1 29 1 26 2 10 20 20 23 28 8 18 23 30 -21 7 -16 5 11 
7 12 7 -27 26 26 -9 1 -10 -1 27 15 4 20 11 19 8 6 18 -8 
-8 22 28 3 8 -17 4 -7 -18 9 11 1 5 13 7 -19 4 8 10 -8 
24 11 5 20 -6 29 21 13 -15 27 -17 -30 6 7 6 23 6 27 -11 27 
34
1
6 10
13 9
0
0
