20 20
4 -4 11 12 11 4 13 10 3 13 -13 11 8 5 9 2 -13 -8 14 9 
9 4 6 4 10 -11 4 14 1 11 -3 -14 -8 1 -3 -13 11 -10 11 4 
10 13 10 8 14 7 11 10 -2 2 14 -5 -11 11 1 8 -12 12 5 1 
-6 7 4 9 4 7 4 0 7 -14 8 -14 9 -4 -14 11 6 6 -11 11 
9 4 4 1 6 2 -1 4 -7 14 10 -14 3 5 14 6 10 9 4 9 
0 5 11 8 10 13 5 -1 3 8 1 -9 6 1 1 11 10 5 5 12 
-14 3 5 6 2 0 7 9 8 2 2 5 11 0 -8 -9 12 4 1 2 
8 0 2 12 12 -9 -10 4 12 9 6 -6 5 8 -4 2 8 12 1 -12 
9 9 2 9 -11 -1 8 2 14 -10 12 11 6 2 9 12 -11 0 1 1 
9 14 -14 8 13 8 -5 7 9 12 2 9 -11 0 -1 9 -13 7 5 4 
4 5 7 -13 9 -1 0 -11 9 2 12 9 7 -5 8 13 8 -14 14 9 
1 1 0 -11 12 9 2 6 11 12 -10 14 2 8 -1 -11 9 2 9 9 
-12 1 12 8 2 -4 8 5 -6 6 9 12 4 -10 -9 12 12 2 0 8 
2 1 4 12 -9 -8 0 11 5 2 2 8 9 7 0 2 6 5 3 -14 
12 5 5 10 11 1 1 6 -9 1 8 3 -1 5 13 10 8 11 5 0 
9 4 9 10 6 14 5 3 -14 10 14 -7 4 -1 2 6 1 4 4 9 
11 -11 6 6 11 -14 -4 9 -14 8 -14 7 0 4 7 4 9 4 7 -6 
1 5 12 -12 8 1 11 -11 -5 14 2 -2 10 11 7 14 8 10 13 10 
4 11 -10 11 -13 -3 1 -8 -14 -3 11 1 14 4 -11 10 4 6 4 9 
9 14 -8 -13 2 9 5 8 11 -13 13 3 10 13 4 11 12 11 -4 4 
66
1
18 1
1 18
0
0
