20 20
3 -14 12 18 -15 12 -4 16 -17 -13 -4 6 12 0 5 -1 13 0 18 -6 
6 19 1 13 -6 22 20 10 18 20 -3 -11 6 10 1 5 13 -2 16 -19 
20 7 13 12 5 -18 5 5 -6 6 9 4 -8 3 6 9 -4 19 -19 10 
11 21 0 12 -18 18 -4 14 22 1 9 15 15 -2 5 5 -21 14 1 7 
-13 17 -16 15 -5 12 5 15 -15 7 -2 9 8 9 -4 16 14 9 17 12 
-13 2 15 -10 14 10 -2 13 16 -11 21 -18 22 -14 20 4 16 2 -16 13 
14 12 -18 9 5 -12 9 5 -1 21 11 22 13 13 11 -16 1 0 11 -20 
-5 9 13 14 11 7 22 8 -19 22 22 20 7 9 -17 -17 21 1 20 1 
-9 6 15 14 10 17 -13 20 17 7 1 1 22 12 11 -4 15 9 13 6 
6 19 5 -20 8 17 10 13 -12 -21 17 -9 4 7 11 3 13 1 11 14 
14 11 1 13 3 11 7 4 -9 17 -21 -12 13 10 17 8 -20 5 19 6 
6 13 9 15 -4 11 12 22 1 1 7 17 20 -13 17 10 14 15 6 -9 
1 20 1 21 -17 -17 9 7 20 22 22 -19 8 22 7 11 14 13 9 -5 
-20 11 0 1 -16 11 13 13 22 11 21 -1 5 9 -12 5 9 -18 12 14 
13 -16 2 16 4 20 -14 22 -18 21 -11 16 13 -2 10 14 -10 15 2 -13 
12 17 9 14 16 -4 9 8 9 -2 7 -15 15 5 12 -5 15 -16 17 -13 
7 1 14 -21 5 5 -2 15 15 9 1 22 14 -4 18 -18 12 0 21 11 
10 -19 19 -4 9 6 3 -8 4 9 6 -6 5 5 -18 5 12 13 7 20 
-19 16 -2 13 5 1 10 6 -11 -3 20 18 10 20 22 -6 13 1 19 6 
-6 18 0 13 -1 5 0 12 6 -4 -13 -17 16 -4 12 -15 18 12 -14 3 
75
1
6 10
13 9
0
0
