20 20
7 -6 10 17 -4 -4 15 4 3 17 3 -20 10 15 4 -16 3 12 17 16 
-1 23 6 21 11 0 2 -17 22 12 17 16 21 -2 6 17 19 17 22 22 
17 20 12 15 5 7 -15 8 -15 2 -6 -6 12 23 16 23 -17 3 -12 8 
-13 21 19 1 21 23 4 20 9 -9 -5 7 8 12 5 1 15 15 14 10 
8 -10 19 -5 1 7 7 22 1 14 6 18 3 0 18 -2 22 2 22 20 
11 23 -4 13 5 21 -3 7 -5 4 8 -13 9 -12 11 10 16 3 16 2 
4 23 12 19 15 19 15 9 -3 1 6 11 8 -6 23 3 19 11 20 11 
8 12 -21 -2 -22 15 18 5 -2 4 9 12 6 -10 7 20 9 20 23 5 
0 19 11 18 -18 20 -19 6 8 2 -22 7 18 16 14 -20 1 11 23 10 
-10 17 4 9 6 22 4 12 9 -17 1 1 13 12 5 9 3 21 10 1 
1 10 21 3 9 5 12 13 1 1 -17 9 12 4 22 6 9 4 17 -10 
10 23 11 1 -20 14 16 18 7 -22 2 8 6 -19 20 -18 18 11 19 0 
5 23 20 9 20 7 -10 6 12 9 4 -2 5 18 15 -22 -2 -21 12 8 
11 20 11 19 3 23 -6 8 11 6 1 -3 9 15 19 15 19 12 23 4 
2 16 3 16 10 11 -12 9 -13 8 4 -5 7 -3 21 5 13 -4 23 11 
20 22 2 22 -2 18 0 3 18 6 14 1 22 7 7 1 -5 19 -10 8 
10 14 15 15 1 5 12 8 7 -5 -9 9 20 4 23 21 1 19 21 -13 
8 -12 3 -17 23 16 23 12 -6 -6 2 -15 8 -15 7 5 15 12 20 17 
22 22 17 19 17 6 -2 21 16 17 12 22 -17 2 0 11 21 6 23 -1 
16 17 12 3 -16 4 15 10 -20 3 17 3 4 15 -4 -4 17 10 -6 7 
155
1
13 18
6 1
0
0
