20 20
16 16 21 8 3 4 -18 2 12 -8 6 -14 -14 -8 6 -6 -11 -20 2 3 
-9 -15 13 3 3 11 1 -4 20 20 1 7 -13 8 6 -12 -10 4 12 8 
11 16 5 6 -9 17 11 -10 14 16 8 7 6 7 -9 7 8 -14 4 15 
4 9 6 8 21 15 20 7 20 5 4 13 12 5 17 8 4 -19 21 15 
10 12 -21 2 15 5 0 -13 1 6 -17 2 -10 21 -20 1 -2 -10 -15 7 
15 13 16 14 4 11 -9 16 2 11 -6 -9 -1 -6 2 14 4 18 15 19 
5 15 -6 -13 8 1 11 0 17 1 15 0 -4 21 -2 6 5 1 8 -8 
4 -18 17 18 -18 -15 21 12 -4 -20 16 7 6 14 6 -15 20 11 -18 12 
4 1 19 -10 4 -4 -1 17 7 3 5 14 15 12 -7 0 12 1 7 -18 
-11 18 4 16 -4 2 -1 5 11 13 0 19 -4 10 18 7 1 8 9 -2 
-2 9 8 1 7 18 10 -4 19 0 13 11 5 -1 2 -4 16 4 18 -11 
-18 7 1 12 0 -7 12 15 14 5 3 7 17 -1 -4 4 -10 19 1 4 
12 -18 11 20 -15 6 14 6 7 16 -20 -4 12 21 -15 -18 18 17 -18 4 
-8 8 1 5 6 -2 21 -4 0 15 1 17 0 11 1 8 -13 -6 15 5 
19 15 18 4 14 2 -6 -1 -9 -6 11 2 16 -9 11 4 14 16 13 15 
7 -15 -10 -2 1 -20 21 -10 2 -17 6 1 -13 0 5 15 2 -21 12 10 
15 21 -19 4 8 17 5 12 13 4 5 20 7 20 15 21 8 6 9 4 
15 4 -14 8 7 -9 7 6 7 8 16 14 -10 11 17 -9 6 5 16 11 
8 12 4 -10 -12 6 8 -13 7 1 20 20 -4 1 11 3 3 13 -15 -9 
3 2 -20 -11 -6 6 -8 -14 -14 6 -8 12 2 -18 4 3 8 21 16 16 
62
1
18 2
1 17
0
0
