20 20
3 4 21 3 2 13 -10 16 1 15 -20 11 10 9 -14 4 -11 3 3 1 
9 5 21 -12 20 -19 9 2 -9 -17 8 19 17 16 9 -8 10 21 5 21 
-17 2 21 11 -4 14 10 -12 10 5 13 21 -11 6 16 10 5 9 -20 1 
12 11 -18 13 20 9 14 -8 1 1 6 9 -13 -8 5 -15 -6 8 6 14 
-5 6 -8 2 5 16 -9 7 15 21 13 4 20 1 11 11 20 -16 4 -9 
0 7 20 1 -12 10 -13 5 5 -12 16 13 4 1 -12 21 -8 -12 10 0 
11 -14 12 9 2 16 11 1 -18 19 -14 -16 -1 13 -2 5 -17 7 10 15 
11 16 20 0 11 9 -11 15 -12 2 -15 11 3 11 -1 21 -20 4 20 10 
17 19 8 3 7 8 -15 1 -6 18 8 -21 -16 -4 13 7 0 1 3 10 
-14 1 2 -1 7 7 -14 -21 7 -17 21 -15 -15 14 19 5 -12 17 18 18 
18 18 17 -12 5 19 14 -15 -15 21 -17 7 -21 -14 7 7 -1 2 1 -14 
10 3 1 0 7 13 -4 -16 -21 8 18 -6 1 -15 8 7 3 8 19 17 
10 20 4 -20 21 -1 11 3 11 -15 2 -12 15 -11 9 11 0 20 16 11 
15 10 7 -17 5 -2 13 -1 -16 -14 19 -18 1 11 16 2 9 12 -14 11 
0 10 -12 -8 21 -12 1 4 13 16 -12 5 5 -13 10 -12 1 20 7 0 
-9 4 -16 20 11 11 1 20 4 13 21 15 7 -9 16 5 2 -8 6 -5 
14 6 8 -6 -15 5 -8 -13 9 6 1 1 -8 14 9 20 13 -18 11 12 
1 -20 9 5 10 16 6 -11 21 13 5 10 -12 10 14 -4 11 21 2 -17 
21 5 21 10 -8 9 16 17 19 8 -17 -9 2 9 -19 20 -12 21 5 9 
1 3 3 -11 4 -14 9 10 11 -20 15 1 16 -10 13 2 3 21 4 3 
34
1
6 11
13 8
0
0
