20 20
3 7 -2 -9 13 24 12 11 -12 4 25 13 16 14 23 26 15 25 -22 23 
13 21 -23 -6 10 26 -5 1 12 -8 7 20 -8 -11 23 -11 19 26 0 6 
13 -8 22 7 4 24 25 -16 26 -3 21 -16 14 26 -15 8 11 -15 15 23 
-26 -25 -17 15 -13 5 -13 21 -3 20 24 24 7 2 2 21 9 1 -23 -22 
3 12 25 -4 12 4 10 25 25 15 23 6 25 14 -11 9 25 22 12 0 
12 -12 20 3 17 -10 -22 16 24 20 6 8 19 18 23 -5 -16 9 7 8 
7 6 13 21 9 20 -16 15 7 19 -22 7 -9 -25 5 -16 -23 -10 13 19 
-12 21 12 10 -10 -26 9 14 -9 6 20 9 -8 0 4 12 22 -13 14 12 
14 19 19 18 6 -12 20 -12 3 18 -4 7 20 6 18 22 24 7 10 -7 
8 1 16 -8 23 1 14 17 7 -14 20 8 -18 15 21 13 24 22 23 -15 
-15 23 22 24 13 21 15 -18 8 20 -14 7 17 14 1 23 -8 16 1 8 
-7 10 7 24 22 18 6 20 7 -4 18 3 -12 20 -12 6 18 19 19 14 
12 14 -13 22 12 4 0 -8 9 20 6 -9 14 9 -26 -10 10 12 21 -12 
19 13 -10 -23 -16 5 -25 -9 7 -22 19 7 15 -16 20 9 21 13 6 7 
8 7 9 -16 -5 23 18 19 8 6 20 24 16 -22 -10 17 3 20 -12 12 
0 12 22 25 9 -11 14 25 6 23 15 25 25 10 4 12 -4 25 12 3 
-22 -23 1 9 21 2 2 7 24 24 20 -3 21 -13 5 -13 15 -17 -25 -26 
23 15 -15 11 8 -15 26 14 -16 21 -3 26 -16 25 24 4 7 22 -8 13 
6 0 26 19 -11 23 -11 -8 20 7 -8 12 1 -5 26 10 -6 -23 21 13 
23 -22 25 15 26 23 14 16 13 25 4 -12 11 12 24 13 -9 -2 7 3 
68
1
3 14
16 5
0
0
