20 20
-10 0 5 -2 3 1 11 6 11 6 1 -6 1 8 -15 4 11 7 6 16 
12 7 15 -6 16 12 15 -11 -5 7 -17 13 -7 16 8 16 15 -13 7 17 
-7 17 -1 11 -4 15 -16 7 7 14 -5 2 2 2 13 -12 14 15 16 8 
4 -7 11 14 0 13 16 9 1 8 -6 14 -8 14 5 5 -3 1 -2 10 
17 -10 14 3 12 -8 10 13 1 2 7 -6 11 3 9 4 1 7 17 8 
6 13 9 13 5 13 4 1 4 17 14 9 3 17 5 2 4 -4 8 6 
15 12 2 -17 5 10 2 13 6 -17 -4 2 1 -11 6 4 0 16 11 6 
-8 -3 17 14 15 1 5 7 16 14 0 14 6 15 6 3 13 15 10 15 
16 16 3 -10 13 11 6 17 10 3 14 13 16 0 -10 7 4 4 2 -9 
12 0 10 10 15 0 12 16 14 -2 6 16 7 15 2 16 12 7 8 10 
10 8 7 12 16 2 15 7 16 6 -2 14 16 12 0 15 10 10 0 12 
-9 2 4 4 7 -10 0 16 13 14 3 10 17 6 11 13 -10 3 16 16 
15 10 15 13 3 6 15 6 14 0 14 16 7 5 1 15 14 17 -3 -8 
6 11 16 0 4 6 -11 1 2 -4 -17 6 13 2 10 5 -17 2 12 15 
6 8 -4 4 2 5 17 3 9 14 17 4 1 4 13 5 13 9 13 6 
8 17 7 1 4 9 3 11 -6 7 2 1 13 10 -8 12 3 14 -10 17 
10 -2 1 -3 5 5 14 -8 14 -6 8 1 9 16 13 0 14 11 -7 4 
8 16 15 14 -12 13 2 2 2 -5 14 7 7 -16 15 -4 11 -1 17 -7 
17 7 -13 15 16 8 16 -7 13 -17 7 -5 -11 15 12 16 -6 15 7 12 
16 6 7 11 4 -15 8 1 -6 1 6 11 6 11 1 3 -2 5 0 -10 
72
1
4 11
15 8
0
0
