20 20
3 3 7 -24 -12 7 6 19 17 13 17 17 24 9 10 15 9 9 -3 19 
23 22 -12 24 3 14 20 16 -10 18 7 4 17 -3 6 -26 25 6 15 21 
15 -22 19 23 1 24 13 13 -13 -22 -17 13 16 2 18 3 10 0 25 25 
25 1 -9 5 26 -11 12 -20 2 -21 2 7 9 -11 4 3 -4 17 23 1 
6 -8 3 15 6 -12 24 12 -20 -13 13 14 -21 19 6 -5 -16 5 11 24 
10 12 13 14 18 6 5 6 -22 -2 11 2 2 11 17 26 21 2 0 8 
20 1 23 -7 12 19 3 16 -9 25 -1 20 9 10 12 24 3 -24 -18 19 
18 -13 10 1 4 20 -1 16 10 16 13 16 16 9 8 6 6 13 15 -10 
11 -5 5 11 4 7 19 7 11 3 15 -25 1 22 -10 25 12 15 18 1 
16 7 6 6 18 3 16 12 4 9 12 11 17 21 15 24 17 6 1 -2 
-2 1 6 17 24 15 21 17 11 12 9 4 12 16 3 18 6 6 7 16 
1 18 15 12 25 -10 22 1 -25 15 3 11 7 19 7 4 11 5 -5 11 
-10 15 13 6 6 8 9 16 16 13 16 10 16 -1 20 4 1 10 -13 18 
19 -18 -24 3 24 12 10 9 20 -1 25 -9 16 3 19 12 -7 23 1 20 
8 0 2 21 26 17 11 2 2 11 -2 -22 6 5 6 18 14 13 12 10 
24 11 5 -16 -5 6 19 -21 14 13 -13 -20 12 24 -12 6 15 3 -8 6 
1 23 17 -4 3 4 -11 9 7 2 -21 2 -20 12 -11 26 5 -9 1 25 
25 25 0 10 3 18 2 16 13 -17 -22 -13 13 13 24 1 23 19 -22 15 
21 15 6 25 -26 6 -3 17 4 7 18 -10 16 20 14 3 24 -12 22 23 
19 -3 9 9 15 10 9 24 17 17 13 17 19 6 7 -12 -24 7 3 3 
157
1
17 11
2 8
0
0
