20 20
4 10 10 12 3 -4 13 9 0 -2 12 8 4 11 1 14 11 7 7 10 
12 -14 -12 11 2 -9 5 3 13 -14 10 1 -9 2 4 1 11 -12 -14 2 
-12 1 -6 13 -5 1 9 -13 8 0 4 -3 4 -6 5 14 2 2 2 4 
1 9 10 0 9 3 -9 14 10 4 1 -13 5 -7 6 9 11 -10 12 9 
10 9 9 14 5 -9 -4 3 0 12 -7 2 -2 14 8 13 12 4 7 -2 
7 -3 6 7 5 12 -12 -1 14 0 -11 12 7 9 11 6 -5 -3 -13 4 
3 -12 -9 1 8 4 13 14 4 11 4 13 -1 6 6 10 -4 -7 8 -10 
5 2 12 10 -9 9 10 13 -11 -3 1 6 -5 2 6 -6 1 -1 9 12 
-1 -4 8 -11 5 14 -13 14 9 -8 10 13 -13 -13 5 -10 -1 13 10 -11 
-8 3 5 -7 13 10 5 7 13 12 8 2 10 10 1 14 3 9 11 11 
11 11 9 3 14 1 10 10 2 8 12 13 7 5 10 13 -7 5 3 -8 
-11 10 13 -1 -10 5 -13 -13 13 10 -8 9 14 -13 14 5 -11 8 -4 -1 
12 9 -1 1 -6 6 2 -5 6 1 -3 -11 13 10 9 -9 10 12 2 5 
-10 8 -7 -4 10 6 6 -1 13 4 11 4 14 13 4 8 1 -9 -12 3 
4 -13 -3 -5 6 11 9 7 12 -11 0 14 -1 -12 12 5 7 6 -3 7 
-2 7 4 12 13 8 14 -2 2 -7 12 0 3 -4 -9 5 14 9 9 10 
9 12 -10 11 9 6 -7 5 -13 1 4 10 14 -9 3 9 0 10 9 1 
4 2 2 2 14 5 -6 4 -3 4 0 8 -13 9 1 -5 13 -6 1 -12 
2 -14 -12 11 1 4 2 -9 1 10 -14 13 3 5 -9 2 11 -12 -14 12 
10 7 7 11 14 1 11 4 8 12 -2 0 9 13 -4 3 12 10 10 4 
67
1
19 8
0 11
0
0
