20 20
11 -6 11 1 5 6 8 -3 4 -4 14 8 5 8 7 10 11 0 15 -6 
10 -9 1 -6 5 -1 -2 6 -13 -10 12 6 13 1 -1 14 -11 10 6 11 
14 6 5 15 11 -13 14 8 -14 14 4 -12 11 2 11 0 5 0 8 4 
15 -15 11 3 -1 12 4 -6 4 7 6 3 2 5 -8 15 2 -9 3 -3 
2 10 3 3 -7 10 -2 4 3 12 4 -10 3 1 10 13 14 9 -3 5 
-13 10 5 13 12 9 6 5 2 1 15 8 6 15 1 8 6 -11 -2 5 
-12 2 2 -7 1 2 5 3 15 2 14 -1 5 -11 3 3 1 4 7 8 
11 4 -8 3 5 -12 0 -11 8 13 15 5 1 3 5 1 2 11 10 -8 
5 4 0 -15 0 -14 14 3 -12 8 1 8 1 2 8 6 10 -7 7 15 
3 4 2 7 9 15 14 3 10 -14 -5 12 -12 3 2 14 13 3 2 -13 
-13 2 3 13 14 2 3 -12 12 -5 -14 10 3 14 15 9 7 2 4 3 
15 7 -7 10 6 8 2 1 8 1 8 -12 3 14 -14 0 -15 0 4 5 
-8 10 11 2 1 5 3 1 5 15 13 8 -11 0 -12 5 3 -8 4 11 
8 7 4 1 3 3 -11 5 -1 14 2 15 3 5 2 1 -7 2 2 -12 
5 -2 -11 6 8 1 15 6 8 15 1 2 5 6 9 12 13 5 10 -13 
5 -3 9 14 13 10 1 3 -10 4 12 3 4 -2 10 -7 3 3 10 2 
-3 3 -9 2 15 -8 5 2 3 6 7 4 -6 4 12 -1 3 11 -15 15 
4 8 0 5 0 11 2 11 -12 4 14 -14 8 14 -13 11 15 5 6 14 
11 6 10 -11 14 -1 1 13 6 12 -10 -13 6 -2 -1 5 -6 1 -9 10 
-6 15 0 11 10 7 8 5 8 14 -4 4 -3 8 6 5 1 11 -6 11 
45
1
6 13
13 6
0
0
