20 20
12 6 0 -9 -13 7 5 0 -3 11 2 2 12 -2 2 4 5 6 13 10 
-6 5 8 11 7 4 -9 6 4 5 3 0 12 11 11 6 11 6 8 7 
0 10 1 7 8 9 13 -4 12 -4 7 12 2 10 5 6 4 1 6 12 
4 6 12 -8 11 11 12 7 -6 11 8 -4 6 7 0 4 10 10 0 11 
11 7 -13 -11 7 -9 3 7 1 -12 -7 -3 6 -9 -8 13 3 10 12 12 
9 4 -3 -4 10 13 12 -8 -10 11 11 3 1 12 -1 3 -7 -11 -6 4 
5 10 -9 13 2 13 10 1 -2 7 4 -10 2 -5 12 5 8 8 1 10 
6 8 9 9 3 13 8 0 13 6 1 11 7 7 5 1 8 6 -7 8 
4 12 12 4 11 13 9 7 8 6 11 8 12 2 12 -7 4 8 3 10 
10 -4 5 5 3 10 13 -8 0 10 -9 -3 11 7 11 -5 -13 -1 1 -3 
-3 1 -1 -13 -5 11 7 11 -3 -9 10 0 -8 13 10 3 5 5 -4 10 
10 3 8 4 -7 12 2 12 8 11 6 8 7 9 13 11 4 12 12 4 
8 -7 6 8 1 5 7 7 11 1 6 13 0 8 13 3 9 9 8 6 
10 1 8 8 5 12 -5 2 -10 4 7 -2 1 10 13 2 13 -9 10 5 
4 -6 -11 -7 3 -1 12 1 3 11 11 -10 -8 12 13 10 -4 -3 4 9 
12 12 10 3 13 -8 -9 6 -3 -7 -12 1 7 3 -9 7 -11 -13 7 11 
11 0 10 10 4 0 7 6 -4 8 11 -6 7 12 11 11 -8 12 6 4 
12 6 1 4 6 5 10 2 12 7 -4 12 -4 13 9 8 7 1 10 0 
7 8 6 11 6 11 11 12 0 3 5 4 6 -9 4 7 11 8 5 -6 
10 13 6 5 4 2 -2 12 2 2 11 -3 0 5 7 -13 -9 0 6 12 
64
1
5 8
14 11
0
0
