20 20
3 3 5 -4 4 5 10 2 1 3 6 8 12 -1 4 -11 -13 9 2 -12 
8 13 -5 11 -10 8 1 7 1 -8 -13 1 12 13 2 13 3 0 -7 -2 
6 -5 5 2 0 3 2 3 2 11 5 2 8 3 8 5 3 6 12 7 
0 -5 -11 13 -2 -8 3 11 12 4 -1 2 -8 -9 2 -13 -8 10 6 3 
2 5 1 -12 9 7 -6 4 13 13 4 2 -5 5 -2 -10 2 6 -11 -8 
13 -5 12 4 -9 -7 -5 0 13 -2 6 9 2 -6 2 13 1 4 7 9 
4 -6 0 7 -4 8 4 -8 8 3 7 -2 12 -9 9 -5 -4 6 3 -5 
9 6 -1 9 6 1 12 13 11 1 -3 -6 5 10 -8 -2 5 9 -9 13 
11 12 6 8 9 8 8 3 1 8 12 -11 -13 5 10 1 8 12 6 8 
4 3 12 -11 12 3 -12 12 4 4 3 -12 2 2 -1 5 13 -9 5 4 
4 5 -9 13 5 -1 2 2 -12 3 4 4 12 -12 3 12 -11 12 3 4 
8 6 12 8 1 10 5 -13 -11 12 8 1 3 8 8 9 8 6 12 11 
13 -9 9 5 -2 -8 10 5 -6 -3 1 11 13 12 1 6 9 -1 6 9 
-5 3 6 -4 -5 9 -9 12 -2 7 3 8 -8 4 8 -4 7 0 -6 4 
9 7 4 1 13 2 -6 2 9 6 -2 13 0 -5 -7 -9 4 12 -5 13 
-8 -11 6 2 -10 -2 5 -5 2 4 13 13 4 -6 7 9 -12 1 5 2 
3 6 10 -8 -13 2 -9 -8 2 -1 4 12 11 3 -8 -2 13 -11 -5 0 
7 12 6 3 5 8 3 8 2 5 11 2 3 2 3 0 2 5 -5 6 
-2 -7 0 3 13 2 13 12 1 -13 -8 1 7 1 8 -10 11 -5 13 8 
-12 2 9 -13 -11 4 -1 12 8 6 3 1 2 10 5 4 -4 5 3 3 
75
1
3 16
16 3
0
0
