20 20
-6 -12 10 11 -11 -11 0 -8 7 8 10 7 10 -7 -10 7 8 5 12 6 
4 11 6 4 -12 -10 9 8 7 -12 -4 1 5 -9 2 -6 -10 -6 1 7 
1 9 -9 5 6 -6 4 0 -9 5 9 1 -6 10 -4 2 3 2 -5 5 
-8 -12 11 4 1 3 6 1 4 6 9 11 8 10 9 4 0 6 5 6 
6 4 11 -4 9 11 11 -6 11 -7 9 1 5 11 12 2 0 8 11 5 
-8 -10 6 4 2 11 1 6 10 2 11 -11 -1 1 -8 11 6 11 1 4 
-12 1 -8 -8 -7 6 -6 7 -1 9 7 9 0 4 1 5 12 2 2 6 
10 8 9 -10 10 10 9 -11 4 5 6 -10 11 -6 10 3 9 -6 8 -10 
2 5 -10 8 8 9 9 3 5 1 2 8 9 4 10 11 4 -3 2 3 
11 12 -10 8 -2 2 0 9 10 -4 7 1 12 -10 -8 8 -5 -10 5 -2 
-2 5 -10 -5 8 -8 -10 12 1 7 -4 10 9 0 2 -2 8 -10 12 11 
3 2 -3 4 11 10 4 9 8 2 1 5 3 9 9 8 8 -10 5 2 
-10 8 -6 9 3 10 -6 11 -10 6 5 4 -11 9 10 10 -10 9 8 10 
6 2 2 12 5 1 4 0 9 7 9 -1 7 -6 6 -7 -8 -8 1 -12 
4 1 11 6 11 -8 1 -1 -11 11 2 10 6 1 11 2 4 6 -10 -8 
5 11 8 0 2 12 11 5 1 9 -7 11 -6 11 11 9 -4 11 4 6 
6 5 6 0 4 9 10 8 11 9 6 4 1 6 3 1 4 11 -12 -8 
5 -5 2 3 2 -4 10 -6 1 9 5 -9 0 4 -6 6 5 -9 9 1 
7 1 -6 -10 -6 2 -9 5 1 -4 -12 7 8 9 -10 -12 4 6 11 4 
6 12 5 8 7 -10 -7 10 7 10 8 7 -8 0 -11 -11 11 10 -12 -6 
46
1
16 0
3 19
0
0
