20 20
4 26 11 6 -19 1 24 26 11 22 23 3 25 -19 16 2 21 -17 12 3 
17 -3 8 27 20 2 29 28 -27 28 22 1 -14 3 7 1 11 -26 -11 -6 
29 27 22 24 24 20 11 7 -5 16 12 18 7 -7 10 23 17 14 15 8 
-15 16 25 14 17 23 12 11 -3 2 6 28 -10 -5 -2 27 2 0 14 10 
28 18 15 24 12 23 -8 6 24 9 -5 9 24 17 24 -15 18 9 1 29 
23 14 2 -26 24 13 18 22 28 1 28 25 8 25 14 28 -16 3 27 25 
21 10 -21 15 17 4 10 4 24 13 27 8 25 -9 2 2 -19 4 7 6 
-29 17 2 13 13 5 3 6 -14 5 10 -5 20 1 5 -16 10 -24 14 21 
21 19 29 19 19 28 18 11 8 10 13 2 11 -12 7 23 12 19 26 2 
3 26 8 3 21 -7 -12 18 23 10 24 26 0 29 29 24 -19 4 23 2 
2 23 4 -19 24 29 29 0 26 24 10 23 18 -12 -7 21 3 8 26 3 
2 26 19 12 23 7 -12 11 2 13 10 8 11 18 28 19 19 29 19 21 
21 14 -24 10 -16 5 1 20 -5 10 5 -14 6 3 5 13 13 2 17 -29 
6 7 4 -19 2 2 -9 25 8 27 13 24 4 10 4 17 15 -21 10 21 
25 27 3 -16 28 14 25 8 25 28 1 28 22 18 13 24 -26 2 14 23 
29 1 9 18 -15 24 17 24 9 -5 9 24 6 -8 23 12 24 15 18 28 
10 14 0 2 27 -2 -5 -10 28 6 2 -3 11 12 23 17 14 25 16 -15 
8 15 14 17 23 10 -7 7 18 12 16 -5 7 11 20 24 24 22 27 29 
-6 -11 -26 11 1 7 3 -14 1 22 28 -27 28 29 2 20 27 8 -3 17 
3 12 -17 21 2 16 -19 25 3 23 22 11 26 24 1 -19 6 11 26 4 
78
1
12 4
7 15
0
0
