20 20
10 3 -14 -4 -6 3 8 6 11 -8 -5 11 7 2 -5 11 15 15 -15 1 
5 7 8 10 -2 13 16 -10 14 14 11 17 16 -9 2 8 10 12 10 -10 
10 0 -9 -5 8 4 -5 -6 0 -14 7 10 17 -15 -12 1 -12 12 16 15 
4 7 6 2 16 -13 -12 6 16 4 17 7 4 2 11 11 9 17 -8 6 
15 13 1 -17 5 3 9 16 4 -8 2 -1 9 -12 1 4 11 14 9 8 
16 4 11 2 13 16 16 -8 14 -14 14 6 -3 4 -4 17 12 15 8 13 
4 -12 15 8 3 5 5 8 3 3 15 1 14 7 13 6 17 -5 16 -1 
9 13 3 8 6 10 0 3 16 2 9 -6 2 17 17 2 15 2 -12 1 
3 1 4 9 1 -13 3 12 15 17 16 6 16 -4 16 7 13 3 -7 9 
-2 3 14 14 13 8 12 7 13 9 -7 2 -2 14 11 -10 -1 -11 6 1 
1 6 -11 -1 -10 11 14 -2 2 -7 9 13 7 12 8 13 14 14 3 -2 
9 -7 3 13 7 16 -4 16 6 16 17 15 12 3 -13 1 9 4 1 3 
1 -12 2 15 2 17 17 2 -6 9 2 16 3 0 10 6 8 3 13 9 
-1 16 -5 17 6 13 7 14 1 15 3 3 8 5 5 3 8 15 -12 4 
13 8 15 12 17 -4 4 -3 6 14 -14 14 -8 16 16 13 2 11 4 16 
8 9 14 11 4 1 -12 9 -1 2 -8 4 16 9 3 5 -17 1 13 15 
6 -8 17 9 11 11 2 4 7 17 4 16 6 -12 -13 16 2 6 7 4 
15 16 12 -12 1 -12 -15 17 10 7 -14 0 -6 -5 4 8 -5 -9 0 10 
-10 10 12 10 8 2 -9 16 17 11 14 14 -10 16 13 -2 10 8 7 5 
1 -15 15 15 11 -5 2 7 11 -5 -8 11 6 8 3 -6 -4 -14 3 10 
187
1
14 15
5 4
0
0
