20 20
1 5 -20 13 20 12 20 20 4 18 12 8 -19 1 20 11 0 17 3 -13 
13 19 1 11 10 18 19 3 19 2 2 19 -1 4 -19 2 6 6 11 -19 
8 11 4 6 19 8 14 6 19 12 8 -11 0 7 -10 9 5 -19 4 14 
5 13 7 -15 1 9 12 5 -12 15 18 5 -19 2 10 19 12 14 2 14 
12 18 16 20 -8 17 13 20 -14 14 5 5 19 -4 -2 -19 4 18 -15 16 
20 -10 -9 16 20 2 16 -16 -19 4 -7 -20 5 8 8 -4 3 6 -15 15 
15 -20 12 1 17 -6 10 0 12 -7 6 3 9 4 -16 15 -11 12 -17 15 
10 14 9 -4 16 0 1 -10 -17 13 2 13 -19 -11 14 13 0 -3 16 -10 
-19 1 2 13 7 2 -2 19 -11 16 14 10 5 14 15 1 14 16 13 2 
18 5 13 -13 15 17 3 -4 19 11 -2 -4 2 6 7 17 15 16 12 8 
8 12 16 15 17 7 6 2 -4 -2 11 19 -4 3 17 15 -13 13 5 18 
2 13 16 14 1 15 14 5 10 14 16 -11 19 -2 2 7 13 2 1 -19 
-10 16 -3 0 13 14 -11 -19 13 2 13 -17 -10 1 0 16 -4 9 14 10 
15 -17 12 -11 15 -16 4 9 3 6 -7 12 0 10 -6 17 1 12 -20 15 
15 -15 6 3 -4 8 8 5 -20 -7 4 -19 -16 16 2 20 16 -9 -10 20 
16 -15 18 4 -19 -2 -4 19 5 5 14 -14 20 13 17 -8 20 16 18 12 
14 2 14 12 19 10 2 -19 5 18 15 -12 5 12 9 1 -15 7 13 5 
14 4 -19 5 9 -10 7 0 -11 8 12 19 6 14 8 19 6 4 11 8 
-19 11 6 6 2 -19 4 -1 19 2 2 19 3 19 18 10 11 1 19 13 
-13 3 17 0 11 20 1 -19 8 12 18 4 20 20 12 20 13 -20 5 1 
88
1
6 19
13 0
0
0
