20 20
6 10 2 -10 8 2 6 7 -14 -11 -1 12 17 10 15 16 -10 4 17 7 
3 -4 9 17 -10 14 16 12 -11 5 -11 10 15 9 1 9 13 9 6 8 
8 12 6 9 17 3 -3 -11 4 -6 17 -3 -2 -13 8 12 7 9 -16 10 
13 5 7 14 16 7 -16 1 0 13 15 12 14 2 3 8 9 9 8 10 
10 13 16 1 14 11 -3 -13 -3 -13 6 -13 3 14 13 -12 14 17 2 4 
-1 5 -5 1 -1 7 8 -6 5 8 13 -2 6 -6 -16 11 -6 5 7 3 
10 1 17 -14 9 5 7 3 -5 15 9 -16 14 13 -11 17 8 7 16 13 
12 8 6 16 -5 6 -4 7 -4 -5 6 6 16 -10 4 15 -13 3 14 8 
15 -12 2 7 14 14 16 15 7 10 15 5 5 17 11 -10 2 11 9 -9 
-4 7 7 11 7 6 -2 15 6 5 -15 7 8 12 15 12 4 -2 6 6 
6 6 -2 4 12 15 12 8 7 -15 5 6 15 -2 6 7 11 7 7 -4 
-9 9 11 2 -10 11 17 5 5 15 10 7 15 16 14 14 7 2 -12 15 
8 14 3 -13 15 4 -10 16 6 6 -5 -4 7 -4 6 -5 16 6 8 12 
13 16 7 8 17 -11 13 14 -16 9 15 -5 3 7 5 9 -14 17 1 10 
3 7 5 -6 11 -16 -6 6 -2 13 8 5 -6 8 7 -1 1 -5 5 -1 
4 2 17 14 -12 13 14 3 -13 6 -13 -3 -13 -3 11 14 1 16 13 10 
10 8 9 9 8 3 2 14 12 15 13 0 1 -16 7 16 14 7 5 13 
10 -16 9 7 12 8 -13 -2 -3 17 -6 4 -11 -3 3 17 9 6 12 8 
8 6 9 13 9 1 9 15 10 -11 5 -11 12 16 14 -10 17 9 -4 3 
7 17 4 -10 16 15 10 17 12 -1 -11 -14 7 6 2 8 -10 2 10 6 
54
1
3 4
16 15
0
0
