20 20
2 10 17 7 7 8 6 17 -1 -8 -9 11 4 10 12 3 13 -3 6 -9 
18 3 9 18 -13 6 -13 17 10 5 18 8 15 11 17 14 -1 -16 12 5 
11 3 17 17 14 3 14 -18 -9 5 16 17 -11 4 11 13 3 0 17 8 
-15 5 2 -18 7 5 -12 16 10 9 7 -11 12 2 -13 -16 8 -1 9 -6 
11 -5 -11 3 6 4 -4 16 14 12 4 5 -7 -2 14 14 1 11 3 16 
0 -12 17 4 4 4 4 16 7 8 1 2 17 11 -4 -7 -15 11 16 3 
15 0 8 -3 -5 4 6 1 1 4 5 6 -18 16 -11 11 9 -12 11 -15 
10 -6 2 2 18 1 -10 16 2 -1 9 16 0 -6 3 18 8 10 9 16 
3 6 -9 6 10 -17 -1 3 2 17 5 0 5 8 16 15 -6 -16 10 1 
7 18 17 -18 -10 18 18 -8 15 13 -6 12 0 -2 7 6 -2 3 15 0 
0 15 3 -2 6 7 -2 0 12 -6 13 15 -8 18 18 -10 -18 17 18 7 
1 10 -16 -6 15 16 8 5 0 5 17 2 3 -1 -17 10 6 -9 6 3 
16 9 10 8 18 3 -6 0 16 9 -1 2 16 -10 1 18 2 2 -6 10 
-15 11 -12 9 11 -11 16 -18 6 5 4 1 1 6 4 -5 -3 8 0 15 
3 16 11 -15 -7 -4 11 17 2 1 8 7 16 4 4 4 4 17 -12 0 
16 3 11 1 14 14 -2 -7 5 4 12 14 16 -4 4 6 3 -11 -5 11 
-6 9 -1 8 -16 -13 2 12 -11 7 9 10 16 -12 5 7 -18 2 5 -15 
8 17 0 3 13 11 4 -11 17 16 5 -9 -18 14 3 14 17 17 3 11 
5 12 -16 -1 14 17 11 15 8 18 5 10 17 -13 6 -13 18 9 3 18 
-9 6 -3 13 3 12 10 4 11 -9 -8 -1 17 6 8 7 7 17 10 2 
83
1
16 2
3 17
0
0
