20 20
14 12 1 -11 5 -7 7 -2 1 5 3 1 6 -7 7 8 0 8 6 12 
1 3 -11 -5 12 -2 0 -12 5 0 11 11 0 2 0 2 6 9 -14 -1 
-6 6 7 -12 0 -3 -3 10 -2 14 13 1 3 -14 2 4 -1 1 13 2 
13 -11 13 -3 3 11 4 8 -12 7 2 13 3 2 12 0 11 4 13 8 
7 9 13 3 -1 7 9 0 13 14 4 8 13 3 12 1 12 11 8 9 
11 2 1 -4 13 -3 -10 0 -10 5 8 6 9 14 8 -9 0 3 2 3 
1 -5 3 2 3 1 -1 4 14 14 8 4 8 9 -3 11 6 5 12 13 
2 6 6 9 -2 -12 14 13 12 12 0 0 8 8 4 -8 2 3 9 3 
-1 2 9 -1 -4 4 3 10 9 14 14 14 -13 12 12 2 5 -11 13 4 
9 7 1 -6 12 8 2 10 9 5 4 8 7 2 0 10 -3 9 5 10 
10 5 9 -3 10 0 2 7 8 4 5 9 10 2 8 12 -6 1 7 9 
4 13 -11 5 2 12 12 -13 14 14 14 9 10 3 4 -4 -1 9 2 -1 
3 9 3 2 -8 4 8 8 0 0 12 12 13 14 -12 -2 9 6 6 2 
13 12 5 6 11 -3 9 8 4 8 14 14 4 -1 1 3 2 3 -5 1 
3 2 3 0 -9 8 14 9 6 8 5 -10 0 -10 -3 13 -4 1 2 11 
9 8 11 12 1 12 3 13 8 4 14 13 0 9 7 -1 3 13 9 7 
8 13 4 11 0 12 2 3 13 2 7 -12 8 4 11 3 -3 13 -11 13 
2 13 1 -1 4 2 -14 3 1 13 14 -2 10 -3 -3 0 -12 7 6 -6 
-1 -14 9 6 2 0 2 0 11 11 0 5 -12 0 -2 12 -5 -11 3 1 
12 6 8 0 8 7 -7 6 1 3 5 1 -2 7 -7 5 -11 1 12 14 
60
1
15 10
4 9
0
0
