20 20
13 -7 2 -12 16 21 -16 12 9 4 14 16 -12 -6 -9 25 24 10 9 25 
18 4 13 0 20 12 1 13 2 -21 13 21 13 14 -20 21 10 -7 -25 0 
10 14 -17 -14 13 -3 15 2 -3 -7 7 -20 23 6 -1 13 0 24 8 25 
-12 -6 16 21 7 -21 2 22 18 2 1 -18 -23 11 8 7 -24 2 -15 6 
24 9 15 -13 17 7 22 -22 6 -3 -21 25 -15 5 18 19 19 14 -2 -17 
9 9 13 -21 4 -6 -16 21 24 15 2 24 22 5 22 -7 6 -20 14 7 
-23 -9 -5 19 25 8 23 21 11 -17 15 18 1 -5 6 20 23 21 11 0 
-4 -17 9 20 1 21 -4 -5 20 13 -15 0 -12 10 25 20 24 20 4 22 
24 2 4 8 4 7 9 12 14 9 24 -2 10 15 -7 1 12 16 21 -15 
0 5 5 15 20 3 15 25 19 23 21 8 13 -18 22 22 -20 21 3 22 
22 3 21 -20 22 22 -18 13 8 21 23 19 25 15 3 20 15 5 5 0 
-15 21 16 12 1 -7 15 10 -2 24 9 14 12 9 7 4 8 4 2 24 
22 4 20 24 20 25 10 -12 0 -15 13 20 -5 -4 21 1 20 9 -17 -4 
0 11 21 23 20 6 -5 1 18 15 -17 11 21 23 8 25 19 -5 -9 -23 
7 14 -20 6 -7 22 5 22 24 2 15 24 21 -16 -6 4 -21 13 9 9 
-17 -2 14 19 19 18 5 -15 25 -21 -3 6 -22 22 7 17 -13 15 9 24 
6 -15 2 -24 7 8 11 -23 -18 1 2 18 22 2 -21 7 21 16 -6 -12 
25 8 24 0 13 -1 6 23 -20 7 -7 -3 2 15 -3 13 -14 -17 14 10 
0 -25 -7 10 21 -20 14 13 21 13 -21 2 13 1 12 20 0 13 4 18 
25 9 10 24 25 -9 -6 -12 16 14 4 9 12 -16 21 16 -12 2 -7 13 
156
1
12 15
7 4
0
0
