20 20
1 -7 2 12 23 4 -23 -8 1 0 17 8 -19 -3 -16 13 6 9 -8 17 
5 9 10 -21 22 -3 9 11 -8 11 10 12 -21 21 9 19 14 -2 9 11 
22 -11 13 14 8 7 23 -5 9 15 10 9 -3 9 8 21 13 15 4 -1 
15 2 16 16 9 10 3 5 -13 -14 18 19 7 -8 -7 11 2 -5 21 7 
13 17 7 -7 -23 5 13 10 -6 7 10 7 -6 7 -21 8 7 1 -14 10 
11 -12 16 13 12 12 4 3 17 21 13 12 1 7 7 1 19 0 20 2 
10 17 17 -13 0 4 9 2 10 19 -13 18 11 21 -23 13 17 6 -16 20 
22 19 10 -15 5 19 -16 6 14 17 -1 14 15 2 18 -20 18 20 3 21 
17 13 2 11 -10 -15 -17 -14 17 21 8 -23 17 13 2 -22 13 6 -18 15 
18 8 -16 23 19 -5 15 18 -8 21 11 22 23 -23 13 2 -6 -5 11 -11 
-11 11 -5 -6 2 13 -23 23 22 11 21 -8 18 15 -5 19 23 -16 8 18 
15 -18 6 13 -22 2 13 17 -23 8 21 17 -14 -17 -15 -10 11 2 13 17 
21 3 20 18 -20 18 2 15 14 -1 17 14 6 -16 19 5 -15 10 19 22 
20 -16 6 17 13 -23 21 11 18 -13 19 10 2 9 4 0 -13 17 17 10 
2 20 0 19 1 7 7 1 12 13 21 17 3 4 12 12 13 16 -12 11 
10 -14 1 7 8 -21 7 -6 7 10 7 -6 10 13 5 -23 -7 7 17 13 
7 21 -5 2 11 -7 -8 7 19 18 -14 -13 5 3 10 9 16 16 2 15 
-1 4 15 13 21 8 9 -3 9 10 15 9 -5 23 7 8 14 13 -11 22 
11 9 -2 14 19 9 21 -21 12 10 11 -8 11 9 -3 22 -21 10 9 5 
17 -8 9 6 13 -16 -3 -19 8 17 0 1 -8 -23 4 23 12 2 -7 1 
35
1
13 15
6 4
0
0
