20 20
11 -20 22 13 17 24 -26 -6 25 -20 -1 20 18 20 7 26 17 18 19 10 
-6 22 2 1 3 -11 22 23 26 -25 11 -26 8 16 10 21 4 24 24 6 
7 -10 6 4 16 21 -26 3 5 -19 9 25 16 0 21 15 17 1 21 -7 
25 14 16 -9 1 26 23 24 12 -2 22 17 17 22 22 21 10 9 -8 20 
-12 13 -26 3 14 10 -1 -15 -11 0 6 -8 -14 -22 -5 21 -17 1 10 0 
-11 2 21 -12 13 23 -3 -25 22 -8 10 4 19 1 15 7 8 -10 -18 -6 
13 18 -23 -4 14 24 -19 9 7 12 23 -26 -2 15 26 0 6 -7 -4 16 
3 25 6 2 -10 -21 24 21 -24 -14 10 -25 14 23 23 8 24 -15 3 2 
2 24 15 21 -14 -18 -13 23 23 -2 26 -24 6 3 -4 -17 4 2 -14 23 
19 -1 18 -3 3 11 12 18 7 3 -9 7 14 -16 8 10 18 22 1 -16 
-16 1 22 18 10 8 -16 14 7 -9 3 7 18 12 11 3 -3 18 -1 19 
23 -14 2 4 -17 -4 3 6 -24 26 -2 23 23 -13 -18 -14 21 15 24 2 
2 3 -15 24 8 23 23 14 -25 10 -14 -24 21 24 -21 -10 2 6 25 3 
16 -4 -7 6 0 26 15 -2 -26 23 12 7 9 -19 24 14 -4 -23 18 13 
-6 -18 -10 8 7 15 1 19 4 10 -8 22 -25 -3 23 13 -12 21 2 -11 
0 10 1 -17 21 -5 -22 -14 -8 6 0 -11 -15 -1 10 14 3 -26 13 -12 
20 -8 9 10 21 22 22 17 17 22 -2 12 24 23 26 1 -9 16 14 25 
-7 21 1 17 15 21 0 16 25 9 -19 5 3 -26 21 16 4 6 -10 7 
6 24 24 4 21 10 16 8 -26 11 -25 26 23 22 -11 3 1 2 22 -6 
10 19 18 17 26 7 20 18 20 -1 -20 25 -6 -26 24 17 13 22 -20 11 
89
1
8 17
11 2
0
0
