20 20
15 10 21 -19 2 3 13 7 21 15 11 8 10 1 17 -5 8 5 9 11 
0 20 -6 16 4 -11 5 -6 9 17 14 -1 -5 -21 9 19 18 19 17 8 
13 0 2 5 -9 4 2 -4 17 1 6 -16 -17 6 13 18 -6 17 17 -21 
6 11 13 15 18 15 9 8 5 -16 -8 -21 3 2 4 13 9 7 5 21 
2 20 17 -8 16 5 13 15 -1 17 -16 5 20 6 -18 -7 -17 17 8 9 
19 2 17 -2 -10 4 8 3 5 9 -17 -18 21 12 7 15 -18 7 19 13 
14 6 7 6 20 11 10 18 15 8 13 10 8 2 18 9 -7 -18 -18 18 
3 4 12 15 17 5 3 -8 0 -11 7 20 -3 -7 5 1 17 9 8 12 
16 9 -11 12 10 -17 15 6 11 10 5 -9 11 -11 5 10 18 20 0 3 
-8 -14 13 -12 -18 14 3 2 6 18 15 8 -20 12 -2 7 2 9 10 12 
12 10 9 2 7 -2 12 -20 8 15 18 6 2 3 14 -18 -12 13 -14 -8 
3 0 20 18 10 5 -11 11 -9 5 10 11 6 15 -17 10 12 -11 9 16 
12 8 9 17 1 5 -7 -3 20 7 -11 0 -8 3 5 17 15 12 4 3 
18 -18 -18 -7 9 18 2 8 10 13 8 15 18 10 11 20 6 7 6 14 
13 19 7 -18 15 7 12 21 -18 -17 9 5 3 8 4 -10 -2 17 2 19 
9 8 17 -17 -7 -18 6 20 5 -16 17 -1 15 13 5 16 -8 17 20 2 
21 5 7 9 13 4 2 3 -21 -8 -16 5 8 9 15 18 15 13 11 6 
-21 17 17 -6 18 13 6 -17 -16 6 1 17 -4 2 4 -9 5 2 0 13 
8 17 19 18 19 9 -21 -5 -1 14 17 9 -6 5 -11 4 16 -6 20 0 
11 9 5 8 -5 17 1 10 8 11 15 21 7 13 3 2 -19 21 10 15 
62
1
0 17
19 2
0
0
