20 20
12 22 3 -20 7 5 22 18 -8 -23 20 2 14 15 0 -14 25 2 23 13 
10 -25 18 -2 21 19 -11 17 6 18 16 16 -16 -3 -15 -2 15 3 18 16 
24 20 14 23 20 24 26 -5 -15 2 2 23 2 18 24 24 -13 11 9 2 
-9 12 25 3 4 7 14 1 26 14 10 8 -11 26 14 2 17 -23 13 6 
15 4 15 -19 15 19 -3 -24 4 16 15 15 21 13 22 14 -16 0 24 13 
10 -18 7 -8 10 19 12 11 24 6 15 -7 18 18 23 19 13 17 18 4 
20 25 17 5 17 6 14 1 11 -20 17 20 5 -15 -6 17 23 -25 16 8 
13 7 -21 0 -18 15 -10 1 -17 20 4 5 19 10 -6 20 24 -10 18 26 
13 -22 15 15 24 -3 12 12 14 19 12 -18 19 11 8 17 -3 14 7 14 
-5 9 1 3 11 12 21 1 15 0 9 -8 20 13 -11 23 7 3 24 12 
12 24 3 7 23 -11 13 20 -8 9 0 15 1 21 12 11 3 1 9 -5 
14 7 14 -3 17 8 11 19 -18 12 19 14 12 12 -3 24 15 15 -22 13 
26 18 -10 24 20 -6 10 19 5 4 20 -17 1 -10 15 -18 0 -21 7 13 
8 16 -25 23 17 -6 -15 5 20 17 -20 11 1 14 6 17 5 17 25 20 
4 18 17 13 19 23 18 18 -7 15 6 24 11 12 19 10 -8 7 -18 10 
13 24 0 -16 14 22 13 21 15 15 16 4 -24 -3 19 15 -19 15 4 15 
6 13 -23 17 2 14 26 -11 8 10 14 26 1 14 7 4 3 25 12 -9 
2 9 11 -13 24 24 18 2 23 2 2 -15 -5 26 24 20 23 14 20 24 
16 18 3 15 -2 -15 -3 -16 16 16 18 6 17 -11 19 21 -2 18 -25 10 
13 23 2 25 -14 0 15 14 2 20 -23 -8 18 22 5 7 -20 3 22 12 
38
1
9 18
10 1
0
0
