20 20
18 1 -23 -11 4 -11 4 -14 -10 6 5 9 11 3 0 4 17 26 8 2 
4 -18 10 21 16 27 6 -24 8 22 -25 14 -10 14 27 -6 13 5 5 -6 
11 7 16 22 14 3 16 19 24 2 1 27 27 23 26 17 24 -22 27 16 
21 24 1 27 22 6 10 21 25 23 10 -5 12 -10 12 -6 8 9 3 12 
-23 2 16 23 -26 26 15 26 7 25 26 8 22 18 18 19 18 -27 0 18 
27 19 11 6 2 8 7 -22 13 -22 18 2 24 -14 13 -25 16 13 10 -25 
13 17 11 -22 8 8 6 18 4 18 11 17 -16 1 15 -10 -6 25 25 20 
-24 14 -11 8 -17 -2 0 4 20 4 -17 25 10 27 -23 18 16 2 26 25 
-9 5 27 26 6 23 2 -20 -7 21 25 -10 14 27 13 7 23 13 25 5 
5 20 -8 16 -1 18 4 18 -6 -13 15 -19 -14 27 15 18 27 -9 26 26 
26 26 -9 27 18 15 27 -14 -19 15 -13 -6 18 4 18 -1 16 -8 20 5 
5 25 13 23 7 13 27 14 -10 25 21 -7 -20 2 23 6 26 27 5 -9 
25 26 2 16 18 -23 27 10 25 -17 4 20 4 0 -2 -17 8 -11 14 -24 
20 25 25 -6 -10 15 1 -16 17 11 18 4 18 6 8 8 -22 11 17 13 
-25 10 13 16 -25 13 -14 24 2 18 -22 13 -22 7 8 2 6 11 19 27 
18 0 -27 18 19 18 18 22 8 26 25 7 26 15 26 -26 23 16 2 -23 
12 3 9 8 -6 12 -10 12 -5 10 23 25 21 10 6 22 27 1 24 21 
16 27 -22 24 17 26 23 27 27 1 2 24 19 16 3 14 22 16 7 11 
-6 5 5 13 -6 27 14 -10 14 -25 22 8 -24 6 27 16 21 10 -18 4 
2 8 26 17 4 0 3 11 9 5 6 -10 -14 4 -11 4 -11 -23 1 18 
67
1
9 3
10 16
0
0
