20 20
-15 23 15 -24 24 -4 22 23 -16 19 8 19 20 2 0 4 -13 9 -23 21 
21 23 -3 16 20 -3 7 12 24 17 17 -8 2 24 19 14 18 7 0 -9 
1 11 10 22 16 -18 -6 -7 19 19 2 2 21 -21 0 25 14 13 24 14 
9 19 2 -21 6 17 -11 10 22 -24 -3 1 23 9 10 17 3 1 21 10 
2 -2 19 24 -23 11 -9 -22 21 1 23 -4 -3 25 13 20 2 23 9 8 
13 19 -6 -22 -1 20 -5 18 17 6 -17 10 17 13 18 8 11 -20 -15 20 
24 7 21 18 23 17 15 -3 8 8 13 19 17 -6 -7 -15 3 -12 23 6 
-21 18 -5 -9 23 -4 -14 8 21 21 -18 14 20 19 4 25 1 9 1 2 
-4 1 7 -14 20 9 0 20 -13 -14 21 12 12 19 21 -2 11 7 18 1 
16 13 10 0 -17 5 0 19 1 -3 -21 9 -7 -1 -6 14 3 25 25 2 
2 25 25 3 14 -6 -1 -7 9 -21 -3 1 19 0 5 -17 0 10 13 16 
1 18 7 11 -2 21 19 12 12 21 -14 -13 20 0 9 20 -14 7 1 -4 
2 1 9 1 25 4 19 20 14 -18 21 21 8 -14 -4 23 -9 -5 18 -21 
6 23 -12 3 -15 -7 -6 17 19 13 8 8 -3 15 17 23 18 21 7 24 
20 -15 -20 11 8 18 13 17 10 -17 6 17 18 -5 20 -1 -22 -6 19 13 
8 9 23 2 20 13 25 -3 -4 23 1 21 -22 -9 11 -23 24 19 -2 2 
10 21 1 3 17 10 9 23 1 -3 -24 22 10 -11 17 6 -21 2 19 9 
14 24 13 14 25 0 -21 21 2 2 19 19 -7 -6 -18 16 22 10 11 1 
-9 0 7 18 14 19 24 2 -8 17 17 24 12 7 -3 20 16 -3 23 21 
21 -23 9 -13 4 0 2 20 19 8 19 -16 23 22 -4 24 -24 15 23 -15 
180
1
19 11
0 8
0
0
