20 20
-9 15 3 4 19 4 11 6 18 -17 -9 1 -23 11 21 -28 2 10 15 6 
10 2 -1 0 8 19 2 -2 7 17 21 9 3 -15 5 12 -28 25 28 24 
8 -25 -11 7 7 15 -15 0 -28 -9 -9 10 14 28 21 26 1 23 22 13 
4 -1 27 28 11 3 -18 25 1 12 -9 12 8 26 17 -18 16 5 -23 7 
27 -23 19 3 15 19 6 18 -20 13 19 11 -21 14 18 -24 21 21 4 18 
9 24 -18 18 13 7 4 0 16 4 11 4 27 21 9 25 8 2 17 2 
20 20 3 25 24 -17 18 20 28 8 23 -14 1 21 16 18 12 20 14 11 
-13 13 4 28 18 25 -22 -1 12 -15 9 10 14 4 12 25 28 14 23 10 
24 -10 5 -18 17 -16 18 1 1 22 21 -12 4 7 -24 3 -2 6 -17 24 
21 -9 12 13 -11 -23 -26 11 -17 27 15 12 4 10 6 6 11 7 -8 25 
25 -8 7 11 6 6 10 4 12 15 27 -17 11 -26 -23 -11 13 12 -9 21 
24 -17 6 -2 3 -24 7 4 -12 21 22 1 1 18 -16 17 -18 5 -10 24 
10 23 14 28 25 12 4 14 10 9 -15 12 -1 -22 25 18 28 4 13 -13 
11 14 20 12 18 16 21 1 -14 23 8 28 20 18 -17 24 25 3 20 20 
2 17 2 8 25 9 21 27 4 11 4 16 0 4 7 13 18 -18 24 9 
18 4 21 21 -24 18 14 -21 11 19 13 -20 18 6 19 15 3 19 -23 27 
7 -23 5 16 -18 17 26 8 12 -9 12 1 25 -18 3 11 28 27 -1 4 
13 22 23 1 26 21 28 14 10 -9 -9 -28 0 -15 15 7 7 -11 -25 8 
24 28 25 -28 12 5 -15 3 9 21 17 7 -2 2 19 8 0 -1 2 10 
6 15 10 2 -28 21 11 -23 1 -9 -17 18 6 11 4 19 4 3 15 -9 
172
1
11 19
8 0
0
0
