20 20
1 5 6 10 10 -7 -6 1 10 -6 4 6 9 -2 6 14 1 8 -8 8 
-6 -13 10 7 14 13 3 8 14 12 2 11 14 14 14 12 1 14 3 4 
9 10 13 -6 9 -8 -5 5 9 -1 11 10 13 2 10 5 1 9 3 -13 
2 -10 2 4 -11 13 11 1 4 3 0 12 12 -5 4 -11 7 13 1 7 
12 -2 11 9 12 8 -4 12 9 3 1 9 8 12 11 12 0 -12 11 7 
8 5 6 4 6 13 4 6 0 4 10 -1 12 8 11 8 12 13 7 5 
-8 11 6 3 -6 1 13 3 -12 -7 -9 -2 -14 -8 2 -8 0 4 12 -3 
0 -7 6 7 0 10 -8 8 14 13 -2 13 2 1 5 5 -14 4 5 6 
13 6 3 14 9 -1 12 3 12 7 6 -10 9 4 14 2 -4 -6 3 -13 
3 0 -3 3 12 13 -5 2 2 3 14 6 5 10 5 13 8 12 -3 -9 
-9 -3 12 8 13 5 10 5 6 14 3 2 2 -5 13 12 3 -3 0 3 
-13 3 -6 -4 2 14 4 9 -10 6 7 12 3 12 -1 9 14 3 6 13 
6 5 4 -14 5 5 1 2 13 -2 13 14 8 -8 10 0 7 6 -7 0 
-3 12 4 0 -8 2 -8 -14 -2 -9 -7 -12 3 13 1 -6 3 6 11 -8 
5 7 13 12 8 11 8 12 -1 10 4 0 6 4 13 6 4 6 5 8 
7 11 -12 0 12 11 12 8 9 1 3 9 12 -4 8 12 9 11 -2 12 
7 1 13 7 -11 4 -5 12 12 0 3 4 1 11 13 -11 4 2 -10 2 
-13 3 9 1 5 10 2 13 10 11 -1 9 5 -5 -8 9 -6 13 10 9 
4 3 14 1 12 14 14 14 11 2 12 14 8 3 13 14 7 10 -13 -6 
8 -8 8 1 14 6 -2 9 6 4 -6 10 1 -6 -7 10 10 6 5 1 
66
1
12 13
7 6
0
0
