20 20
21 14 0 -14 6 10 -8 9 -7 7 -7 2 8 11 14 21 -10 10 16 -7 
6 12 8 22 18 15 -5 10 4 -7 7 13 7 9 11 -16 21 -4 24 17 
7 -10 11 10 3 -24 16 -2 4 5 -2 10 15 4 -4 4 11 13 -10 3 
10 -17 -13 10 -7 -21 2 5 10 -1 2 17 13 -13 8 18 20 1 2 11 
20 6 18 22 18 16 12 12 19 19 13 6 14 14 21 4 -2 3 -9 -7 
21 16 9 24 16 14 13 17 1 24 14 10 23 -18 -3 11 -17 22 3 12 
19 7 -2 -8 5 0 6 14 15 20 -7 12 7 14 17 21 6 14 15 -5 
5 7 7 5 20 -15 -13 9 8 -18 13 -16 20 -12 15 24 12 13 18 16 
-9 15 3 -11 -22 17 -5 19 24 6 -6 -6 -23 -14 13 19 -20 3 -22 16 
22 17 8 3 10 -18 3 16 20 22 16 -21 0 7 12 0 16 22 17 8 
8 17 22 16 0 12 7 0 -21 16 22 20 16 3 -18 10 3 8 17 22 
16 -22 3 -20 19 13 -14 -23 -6 -6 6 24 19 -5 17 -22 -11 3 15 -9 
16 18 13 12 24 15 -12 20 -16 13 -18 8 9 -13 -15 20 5 7 7 5 
-5 15 14 6 21 17 14 7 12 -7 20 15 14 6 0 5 -8 -2 7 19 
12 3 22 -17 11 -3 -18 23 10 14 24 1 17 13 14 16 24 9 16 21 
-7 -9 3 -2 4 21 14 14 6 13 19 19 12 12 16 18 22 18 6 20 
11 2 1 20 18 8 -13 13 17 2 -1 10 5 2 -21 -7 10 -13 -17 10 
3 -10 13 11 4 -4 4 15 10 -2 5 4 -2 16 -24 3 10 11 -10 7 
17 24 -4 21 -16 11 9 7 13 7 -7 4 10 -5 15 18 22 8 12 6 
-7 16 10 -10 21 14 11 8 2 -7 7 -7 9 -8 10 6 -14 0 14 21 
83
1
19 2
0 17
0
0
