20 20
-28 10 5 -22 19 8 28 18 7 12 -5 5 18 5 9 10 4 -12 -12 18 
17 23 27 3 -22 -24 -9 -9 22 17 8 27 -24 -4 -2 -15 -27 3 -24 -15 
28 10 -7 25 -21 5 2 28 17 18 29 -11 11 22 9 -16 3 25 -28 4 
7 22 -24 17 25 -14 29 24 -9 20 11 14 17 15 1 -6 -20 4 -7 -14 
14 12 16 16 26 25 18 12 6 15 14 1 10 16 4 13 11 11 20 19 
11 0 15 14 13 5 -9 -11 24 20 9 17 19 1 -24 7 9 27 29 9 
7 -29 23 9 -23 -14 10 21 28 17 8 5 15 25 22 17 -26 -22 15 0 
-7 6 11 16 22 10 20 6 22 4 19 -11 25 26 20 5 23 28 14 -27 
28 13 20 13 14 9 16 24 13 -20 27 23 -24 8 3 19 21 5 15 14 
-17 26 -2 22 10 -2 28 -2 14 29 -29 -14 16 14 7 22 4 -8 15 12 
12 15 -8 4 22 7 14 16 -14 -29 29 14 -2 28 -2 10 22 -2 26 -17 
14 15 5 21 19 3 8 -24 23 27 -20 13 24 16 9 14 13 20 13 28 
-27 14 28 23 5 20 26 25 -11 19 4 22 6 20 10 22 16 11 6 -7 
0 15 -22 -26 17 22 25 15 5 8 17 28 21 10 -14 -23 9 23 -29 7 
9 29 27 9 7 -24 1 19 17 9 20 24 -11 -9 5 13 14 15 0 11 
19 20 11 11 13 4 16 10 1 14 15 6 12 18 25 26 16 16 12 14 
-14 -7 4 -20 -6 1 15 17 14 11 20 -9 24 29 -14 25 17 -24 22 7 
4 -28 25 3 -16 9 22 11 -11 29 18 17 28 2 5 -21 25 -7 10 28 
-15 -24 3 -27 -15 -2 -4 -24 27 8 17 22 -9 -9 -24 -22 3 27 23 17 
18 -12 -12 4 10 9 5 18 5 -5 12 7 18 28 8 19 -22 5 10 -28 
35
1
6 7
13 12
0
0
