20 20
6 2 4 7 3 -13 28 -5 1 26 18 11 -26 20 13 5 23 29 0 -11 
20 6 13 27 8 23 18 23 8 1 22 -18 15 -12 28 12 11 26 21 20 
-16 6 19 2 10 -10 4 -16 20 16 14 27 20 13 22 9 26 13 -9 -18 
10 24 27 -2 -1 26 9 23 3 -6 2 -26 20 17 29 26 9 21 -13 12 
12 -15 22 0 16 8 -17 27 -27 11 21 -2 17 25 22 12 7 2 15 -7 
-22 16 15 20 -15 -12 28 25 -19 -11 25 1 28 28 11 23 17 -13 6 -5 
16 15 1 23 28 24 -1 25 27 16 15 -6 -14 -23 13 12 -27 5 1 2 
-9 9 23 6 -19 7 5 29 17 15 8 2 22 23 -6 15 -16 -29 -16 15 
22 7 20 23 2 -16 15 25 23 7 -8 24 14 -17 14 28 -5 -27 9 19 
24 2 0 13 25 3 9 5 12 10 17 19 8 13 23 16 18 1 17 0 
0 17 1 18 16 23 13 8 19 17 10 12 5 9 3 25 13 0 2 24 
19 9 -27 -5 28 14 -17 14 24 -8 7 23 25 15 -16 2 23 20 7 22 
15 -16 -29 -16 15 -6 23 22 2 8 15 17 29 5 7 -19 6 23 9 -9 
2 1 5 -27 12 13 -23 -14 -6 15 16 27 25 -1 24 28 23 1 15 16 
-5 6 -13 17 23 11 28 28 1 25 -11 -19 25 28 -12 -15 20 15 16 -22 
-7 15 2 7 12 22 25 17 -2 21 11 -27 27 -17 8 16 0 22 -15 12 
12 -13 21 9 26 29 17 20 -26 2 -6 3 23 9 26 -1 -2 27 24 10 
-18 -9 13 26 9 22 13 20 27 14 16 20 -16 4 -10 10 2 19 6 -16 
20 21 26 11 12 28 -12 15 -18 22 1 8 23 18 23 8 27 13 6 20 
-11 0 29 23 5 13 20 -26 11 18 26 1 -5 28 -13 3 7 4 2 6 
105
1
11 5
8 14
0
0
