20 20
17 9 1 19 16 -16 9 3 3 17 -7 -20 -6 -8 19 2 17 13 12 21 
9 14 -2 21 2 -18 11 16 -13 8 17 -18 -13 -5 0 4 10 4 11 5 
10 -19 11 11 0 19 2 9 15 -4 10 -14 -13 17 -21 16 1 15 13 5 
4 1 -17 15 20 3 -7 17 8 14 9 14 14 -5 14 21 8 20 -12 17 
11 17 1 -15 16 19 15 10 14 21 9 7 17 -9 14 -13 -15 8 8 -5 
12 21 20 5 -20 9 17 12 18 15 12 19 10 -19 19 20 -17 16 -7 11 
-16 16 6 20 2 -2 17 5 20 14 6 5 16 -1 -17 -4 -18 8 4 10 
20 1 0 -18 5 -16 1 4 -15 16 -7 -5 12 6 -14 11 4 -18 -16 -18 
4 15 4 19 14 12 5 21 6 4 -16 0 1 2 8 17 21 8 2 21 
4 -5 4 3 11 19 18 13 8 19 13 8 20 21 1 -15 0 19 -10 16 
16 -10 19 0 -15 1 21 20 8 13 19 8 13 18 19 11 3 4 -5 4 
21 2 8 21 17 8 2 1 0 -16 4 6 21 5 12 14 19 4 15 4 
-18 -16 -18 4 11 -14 6 12 -5 -7 16 -15 4 1 -16 5 -18 0 1 20 
10 4 8 -18 -4 -17 -1 16 5 6 14 20 5 17 -2 2 20 6 16 -16 
11 -7 16 -17 20 19 -19 10 19 12 15 18 12 17 9 -20 5 20 21 12 
-5 8 8 -15 -13 14 -9 17 7 9 21 14 10 15 19 16 -15 1 17 11 
17 -12 20 8 21 14 -5 14 14 9 14 8 17 -7 3 20 15 -17 1 4 
5 13 15 1 16 -21 17 -13 -14 10 -4 15 9 2 19 0 11 11 -19 10 
5 11 4 10 4 0 -5 -13 -18 17 8 -13 16 11 -18 2 21 -2 14 9 
21 12 13 17 2 19 -8 -6 -20 -7 17 3 3 9 -16 16 19 1 9 17 
92
1
8 9
11 10
0
0
