20 20
16 -6 20 11 9 16 18 -17 -4 0 13 17 6 -3 -7 -4 15 19 13 -20 
12 1 1 14 10 13 6 18 11 -15 -10 14 9 -11 19 -4 -14 4 7 -9 
5 6 -5 19 -20 1 -8 9 -10 -14 8 -19 5 -1 3 10 20 -16 -19 0 
19 6 15 -7 8 3 6 12 15 14 3 0 20 0 19 -16 5 -7 1 -9 
0 -16 3 10 6 5 6 4 21 15 20 -13 -15 -3 6 14 8 2 10 -10 
6 20 20 14 -12 12 7 15 -3 -5 -18 19 17 20 19 15 12 0 -10 -12 
3 6 6 14 -5 1 20 2 5 21 0 17 4 17 7 7 -14 14 7 19 
5 -14 15 20 11 19 14 -9 15 12 18 1 9 6 -20 8 11 14 21 13 
17 -4 13 -14 5 16 -11 -21 -6 19 3 16 -17 15 20 21 -19 1 10 3 
3 3 -11 20 5 8 17 16 20 1 -17 8 16 -3 13 2 0 14 14 18 
18 14 14 0 2 13 -3 16 8 -17 1 20 16 17 8 5 20 -11 3 3 
3 10 1 -19 21 20 15 -17 16 3 19 -6 -21 -11 16 5 -14 13 -4 17 
13 21 14 11 8 -20 6 9 1 18 12 15 -9 14 19 11 20 15 -14 5 
19 7 14 -14 7 7 17 4 17 0 21 5 2 20 1 -5 14 6 6 3 
-12 -10 0 12 15 19 20 17 19 -18 -5 -3 15 7 12 -12 14 20 20 6 
-10 10 2 8 14 6 -3 -15 -13 20 15 21 4 6 5 6 10 3 -16 0 
-9 1 -7 5 -16 19 0 20 0 3 14 15 12 6 3 8 -7 15 6 19 
0 -19 -16 20 10 3 -1 5 -19 8 -14 -10 9 -8 1 -20 19 -5 6 5 
-9 7 4 -14 -4 19 -11 9 14 -10 -15 11 18 6 13 10 14 1 1 12 
-20 13 19 15 -4 -7 -3 6 17 13 0 -4 -17 18 16 9 11 20 -6 16 
67
1
2 15
17 4
0
0
