20 20
12 -29 -11 9 28 16 20 28 7 26 -22 27 24 8 14 6 13 6 2 28 
15 17 -11 16 -28 18 13 -30 9 -17 16 11 6 19 -20 -30 1 4 23 22 
28 27 23 13 4 13 26 9 9 12 -19 22 15 16 29 22 4 29 16 -5 
-16 5 1 19 26 -4 4 18 22 14 9 12 30 -29 4 12 25 6 14 25 
-19 30 -22 -2 24 13 1 17 8 20 25 25 13 28 18 19 2 8 26 -10 
24 11 9 23 -7 -26 3 27 -23 3 -27 -28 -22 -13 21 4 8 29 11 25 
19 21 -4 -15 28 16 25 22 -9 18 17 -12 6 26 -19 3 18 -26 30 30 
5 -20 30 17 6 -1 16 4 21 -3 16 21 28 11 8 -1 2 22 9 4 
14 28 19 -4 -1 2 7 -22 18 5 20 -30 28 21 20 30 3 6 19 28 
25 21 14 6 25 28 -12 -21 7 -2 6 -24 -28 4 13 18 -11 22 26 18 
18 26 22 -11 18 13 4 -28 -24 6 -2 7 -21 -12 28 25 6 14 21 25 
28 19 6 3 30 20 21 28 -30 20 5 18 -22 7 2 -1 -4 19 28 14 
4 9 22 2 -1 8 11 28 21 16 -3 21 4 16 -1 6 17 30 -20 5 
30 30 -26 18 3 -19 26 6 -12 17 18 -9 22 25 16 28 -15 -4 21 19 
25 11 29 8 4 21 -13 -22 -28 -27 3 -23 27 3 -26 -7 23 9 11 24 
-10 26 8 2 19 18 28 13 25 25 20 8 17 1 13 24 -2 -22 30 -19 
25 14 6 25 12 4 -29 30 12 9 14 22 18 4 -4 26 19 1 5 -16 
-5 16 29 4 22 29 16 15 22 -19 12 9 9 26 13 4 13 23 27 28 
22 23 4 1 -30 -20 19 6 11 16 -17 9 -30 13 18 -28 16 -11 17 15 
28 2 6 13 6 14 8 24 27 -22 26 7 28 20 16 28 9 -11 -29 12 
78
1
2 3
17 16
0
0
