20 20
11 -14 -23 3 22 26 -5 22 26 13 25 20 24 7 -11 24 26 8 20 -3 
-17 -17 -7 3 -12 19 8 18 11 4 -23 -2 21 3 -24 -3 26 3 0 13 
3 26 11 1 13 7 24 10 -14 16 -7 3 17 25 -20 2 3 11 19 5 
22 22 18 8 4 -7 6 1 -15 4 22 12 20 11 -24 2 13 5 -19 3 
13 4 24 11 24 7 -21 7 -26 10 12 -20 3 -15 15 23 -6 -5 21 17 
7 20 22 12 5 12 17 -14 -19 12 0 21 14 14 12 26 23 -2 -12 -19 
-26 -20 0 12 14 10 4 5 13 13 15 22 -20 -13 9 -15 14 0 3 7 
11 3 2 5 25 25 7 21 -1 26 5 22 6 11 5 11 5 24 7 14 
19 25 -23 14 6 -2 10 -8 -15 -6 17 11 23 9 17 -3 25 -1 3 14 
24 20 -1 10 -8 24 11 -14 9 -21 21 -18 8 12 8 3 -9 16 20 24 
24 20 16 -9 3 8 12 8 -18 21 -21 9 -14 11 24 -8 10 -1 20 24 
14 3 -1 25 -3 17 9 23 11 17 -6 -15 -8 10 -2 6 14 -23 25 19 
14 7 24 5 11 5 11 6 22 5 26 -1 21 7 25 25 5 2 3 11 
7 3 0 14 -15 9 -13 -20 22 15 13 13 5 4 10 14 12 0 -20 -26 
-19 -12 -2 23 26 12 14 14 21 0 12 -19 -14 17 12 5 12 22 20 7 
17 21 -5 -6 23 15 -15 3 -20 12 10 -26 7 -21 7 24 11 24 4 13 
3 -19 5 13 2 -24 11 20 12 22 4 -15 1 6 -7 4 8 18 22 22 
5 19 11 3 2 -20 25 17 3 -7 16 -14 10 24 7 13 1 11 26 3 
13 0 3 26 -3 -24 3 21 -2 -23 4 11 18 8 19 -12 3 -7 -17 -17 
-3 20 8 26 24 -11 7 24 20 25 13 26 22 -5 26 22 3 -23 -14 11 
152
1
18 6
1 13
0
0
