20 20
28 -16 7 12 -2 2 -18 -18 -2 17 19 26 27 -7 21 3 21 -28 8 20 
22 -30 25 27 -26 -11 22 6 10 18 -5 11 25 2 8 8 9 8 -2 8 
-19 1 15 -19 -8 4 10 25 -18 3 -1 -29 18 27 2 25 30 13 15 25 
-16 15 -27 5 19 10 6 29 -10 23 -10 14 19 -2 22 -3 -14 27 12 -13 
-16 10 -19 8 -5 17 16 -11 26 22 22 -26 26 4 4 7 12 19 -20 9 
19 29 0 20 -10 16 22 11 9 7 25 15 10 -22 -8 9 21 -1 29 28 
-21 -18 7 13 11 28 0 2 10 18 7 3 13 -27 27 -19 2 16 12 1 
14 1 14 10 -20 15 -20 -19 14 15 -18 26 27 29 -30 10 -7 3 -6 18 
23 9 1 -3 3 18 -4 25 -22 -5 18 -28 -25 20 -15 13 -4 -8 12 22 
22 2 -2 2 6 0 5 30 26 1 26 10 19 27 -16 29 26 1 14 26 
26 14 1 26 29 -16 27 19 10 26 1 26 30 5 0 6 2 -2 2 22 
22 12 -8 -4 13 -15 20 -25 -28 18 -5 -22 25 -4 18 3 -3 1 9 23 
18 -6 3 -7 10 -30 29 27 26 -18 15 14 -19 -20 15 -20 10 14 1 14 
1 12 16 2 -19 27 -27 13 3 7 18 10 2 0 28 11 13 7 -18 -21 
28 29 -1 21 9 -8 -22 10 15 25 7 9 11 22 16 -10 20 0 29 19 
9 -20 19 12 7 4 4 26 -26 22 22 26 -11 16 17 -5 8 -19 10 -16 
-13 12 27 -14 -3 22 -2 19 14 -10 23 -10 29 6 10 19 5 -27 15 -16 
25 15 13 30 25 2 27 18 -29 -1 3 -18 25 10 4 -8 -19 15 1 -19 
8 -2 8 9 8 8 2 25 11 -5 18 10 6 22 -11 -26 27 25 -30 22 
20 8 -28 21 3 21 -7 27 26 19 17 -2 -18 -18 2 -2 12 7 -16 28 
53
1
1 3
18 16
0
0
