20 20
-22 19 24 -24 16 6 -1 26 3 26 25 14 1 13 -4 2 5 14 3 -29 
2 2 8 16 5 7 10 14 13 11 -17 11 -10 5 -17 11 14 -6 5 26 
18 15 -25 23 10 14 10 23 12 11 18 24 -20 0 14 -1 -6 0 9 15 
12 3 17 2 4 23 19 18 25 24 20 -26 -12 -29 16 25 -17 8 26 29 
19 16 -23 25 19 17 7 14 -7 7 21 -15 2 26 7 27 29 -14 20 -13 
-15 12 11 8 25 21 11 19 -27 -8 -28 19 -28 7 -20 15 3 22 9 18 
27 3 12 3 11 -21 27 -8 -20 8 13 -22 12 20 0 8 4 22 8 15 
21 6 -15 20 21 9 25 21 29 29 -19 29 3 28 -18 0 2 28 25 -21 
24 19 20 12 -1 16 29 17 14 8 7 -3 -29 5 26 -9 -6 16 -3 25 
27 7 26 1 14 6 14 -23 10 11 0 29 11 14 0 8 25 -23 3 -2 
-2 3 -23 25 8 0 14 11 29 0 11 10 -23 14 6 14 1 26 7 27 
25 -3 16 -6 -9 26 5 -29 -3 7 8 14 17 29 16 -1 12 20 19 24 
-21 25 28 2 0 -18 28 3 29 -19 29 29 21 25 9 21 20 -15 6 21 
15 8 22 4 8 0 20 12 -22 13 8 -20 -8 27 -21 11 3 12 3 27 
18 9 22 3 15 -20 7 -28 19 -28 -8 -27 19 11 21 25 8 11 12 -15 
-13 20 -14 29 27 7 26 2 -15 21 7 -7 14 7 17 19 25 -23 16 19 
29 26 8 -17 25 16 -29 -12 -26 20 24 25 18 19 23 4 2 17 3 12 
15 9 0 -6 -1 14 0 -20 24 18 11 12 23 10 14 10 23 -25 15 18 
26 5 -6 14 11 -17 5 -10 11 -17 11 13 14 10 7 5 16 8 2 2 
-29 3 14 5 2 -4 13 1 14 25 26 3 26 -1 6 16 -24 24 19 -22 
31
1
9 18
10 1
0
0
