20 20
11 -16 2 4 8 -5 4 6 2 5 -3 4 -13 -17 13 -8 12 10 2 9 
9 -10 -4 -1 2 4 17 6 16 -5 12 -11 9 12 -9 -4 -15 13 4 -10 
6 5 2 2 -4 15 12 9 -17 -13 16 1 6 -7 -3 7 6 -5 1 -8 
13 -4 11 15 0 2 13 4 17 2 3 9 -14 16 10 -17 13 11 4 -11 
14 9 14 9 3 6 -13 11 9 7 1 12 13 8 -4 -14 6 15 1 -6 
4 -3 17 -11 2 7 -4 10 4 15 12 12 4 17 1 7 14 -5 7 17 
0 -16 8 16 5 -16 12 -15 0 17 1 9 11 2 5 -12 14 2 8 10 
-5 13 0 7 4 12 16 -2 3 6 12 -17 6 14 8 1 13 15 0 1 
5 -16 9 -3 12 7 0 -5 -7 5 -14 9 -1 14 -17 -15 14 15 7 7 
2 13 -14 2 15 14 1 17 14 10 -13 -3 -5 -9 -11 16 2 12 14 -4 
-4 14 12 2 16 -11 -9 -5 -3 -13 10 14 17 1 14 15 2 -14 13 2 
7 7 15 14 -15 -17 14 -1 9 -14 5 -7 -5 0 7 12 -3 9 -16 5 
1 0 15 13 1 8 14 6 -17 12 6 3 -2 16 12 4 7 0 13 -5 
10 8 2 14 -12 5 2 11 9 1 17 0 -15 12 -16 5 16 8 -16 0 
17 7 -5 14 7 1 17 4 12 12 15 4 10 -4 7 2 -11 17 -3 4 
-6 1 15 6 -14 -4 8 13 12 1 7 9 11 -13 6 3 9 14 9 14 
-11 4 11 13 -17 10 16 -14 9 3 2 17 4 13 2 0 15 11 -4 13 
-8 1 -5 6 7 -3 -7 6 1 16 -13 -17 9 12 15 -4 2 2 5 6 
-10 4 13 -15 -4 -9 12 9 -11 12 -5 16 6 17 4 2 -1 -4 -10 9 
9 2 10 12 -8 13 -17 -13 4 -3 5 2 6 4 -5 8 4 2 -16 11 
82
1
5 0
14 19
0
0
