20 20
19 18 2 18 3 5 2 3 -17 17 19 2 8 2 17 20 8 21 -13 9 
4 18 11 6 -17 13 -19 5 9 -12 4 15 15 9 20 -14 17 2 17 5 
19 -6 14 15 20 7 -15 -1 16 0 -21 2 -10 6 8 -10 15 14 -1 21 
6 -5 18 13 20 11 -11 8 14 17 -6 12 -8 15 21 3 21 10 -9 15 
13 5 10 8 -3 6 11 2 -1 7 20 7 -14 -3 16 4 2 -10 -9 17 
21 6 19 14 6 6 6 19 6 10 3 7 1 20 -7 17 8 13 12 4 
11 -2 12 -21 16 0 4 -9 12 -15 -9 15 -16 -9 1 -21 -3 4 4 -14 
-16 -10 8 15 18 7 13 15 -7 11 1 15 8 12 -6 -18 13 -9 17 3 
18 1 -4 7 20 10 4 -5 6 -11 13 -17 -12 -5 -17 -6 21 -18 18 4 
21 8 -7 11 -11 12 15 11 -18 3 9 1 6 3 -15 -9 11 12 19 12 
12 19 12 11 -9 -15 3 6 1 9 3 -18 11 15 12 -11 11 -7 8 21 
4 18 -18 21 -6 -17 -5 -12 -17 13 -11 6 -5 4 10 20 7 -4 1 18 
3 17 -9 13 -18 -6 12 8 15 1 11 -7 15 13 7 18 15 8 -10 -16 
-14 4 4 -3 -21 1 -9 -16 15 -9 -15 12 -9 4 0 16 -21 12 -2 11 
4 12 13 8 17 -7 20 1 7 3 10 6 19 6 6 6 14 19 6 21 
17 -9 -10 2 4 16 -3 -14 7 20 7 -1 2 11 6 -3 8 10 5 13 
15 -9 10 21 3 21 15 -8 12 -6 17 14 8 -11 11 20 13 18 -5 6 
21 -1 14 15 -10 8 6 -10 2 -21 0 16 -1 -15 7 20 15 14 -6 19 
5 17 2 17 -14 20 9 15 15 4 -12 9 5 -19 13 -17 6 11 18 4 
9 -13 21 8 20 17 2 8 2 19 17 -17 3 2 5 3 18 2 18 19 
94
1
3 15
16 4
0
0
