20 20
-10 4 20 13 20 -11 11 -15 -19 12 15 23 18 14 -8 17 13 17 7 -13 
15 16 12 22 11 -8 -11 10 0 -1 -22 23 -20 11 -3 1 22 9 4 -12 
-10 11 -8 11 14 19 7 1 10 19 -12 -23 8 -14 7 14 21 0 1 17 
5 -9 14 23 18 1 12 4 13 14 1 -3 2 9 1 -1 5 4 -16 4 
-18 21 5 -13 23 16 7 5 18 9 19 18 23 3 2 19 23 12 13 -12 
15 18 0 -21 1 1 -6 22 7 -9 21 2 12 12 16 19 -5 4 8 20 
0 10 -8 -18 19 -11 0 23 23 0 8 23 15 -15 14 5 23 -16 4 10 
-18 7 0 17 5 6 5 23 10 3 -1 9 15 20 22 19 -17 10 -5 6 
8 9 -19 8 -23 -18 -21 -6 15 7 2 10 21 22 -4 7 -16 14 -4 2 
14 13 -11 -11 17 6 -12 2 0 -7 -22 -14 -1 7 -2 11 15 19 -17 8 
8 -17 19 15 11 -2 7 -1 -14 -22 -7 0 2 -12 6 17 -11 -11 13 14 
2 -4 14 -16 7 -4 22 21 10 2 7 15 -6 -21 -18 -23 8 -19 9 8 
6 -5 10 -17 19 22 20 15 9 -1 3 10 23 5 6 5 17 0 7 -18 
10 4 -16 23 5 14 -15 15 23 8 0 23 23 0 -11 19 -18 -8 10 0 
20 8 4 -5 19 16 12 12 2 21 -9 7 22 -6 1 1 -21 0 18 15 
-12 13 12 23 19 2 3 23 18 19 9 18 5 7 16 23 -13 5 21 -18 
4 -16 4 5 -1 1 9 2 -3 1 14 13 4 12 1 18 23 14 -9 5 
17 1 0 21 14 7 -14 8 -23 -12 19 10 1 7 19 14 11 -8 11 -10 
-12 4 9 22 1 -3 11 -20 23 -22 -1 0 10 -11 -8 11 22 12 16 15 
-13 7 17 13 17 -8 14 18 23 15 12 -19 -15 11 -11 20 13 20 4 -10 
142
1
7 2
12 17
0
0
