20 20
-7 10 26 8 25 -14 18 19 11 4 22 16 26 11 9 15 -23 -19 2 28 
-25 22 15 5 -27 14 7 13 5 21 20 8 4 17 3 21 8 20 5 17 
29 21 14 27 22 -9 10 -23 12 22 15 6 24 7 8 8 -3 2 13 15 
16 13 17 1 11 8 -26 27 29 -4 2 -28 5 8 16 -23 10 10 2 -3 
19 -23 7 29 -20 27 -10 -24 18 23 15 17 -27 1 12 -19 15 0 28 23 
7 5 28 19 -29 1 2 7 0 13 5 14 19 7 -22 4 8 14 4 4 
6 20 8 21 -10 19 20 19 3 -14 -9 9 20 27 20 -3 -2 11 23 -11 
26 7 16 20 -28 29 5 -23 26 3 -1 -7 -18 1 11 26 4 9 22 1 
-27 21 12 25 -28 3 14 14 -13 28 23 -12 11 5 5 16 11 17 10 25 
24 10 7 10 -17 -13 27 15 6 13 -9 -16 2 29 -3 -6 28 -17 8 6 
6 8 -17 28 -6 -3 29 2 -16 -9 13 6 15 27 -13 -17 10 7 10 24 
25 10 17 11 16 5 5 11 -12 23 28 -13 14 14 3 -28 25 12 21 -27 
1 22 9 4 26 11 1 -18 -7 -1 3 26 -23 5 29 -28 20 16 7 26 
-11 23 11 -2 -3 20 27 20 9 -9 -14 3 19 20 19 -10 21 8 20 6 
4 4 14 8 4 -22 7 19 14 5 13 0 7 2 1 -29 19 28 5 7 
23 28 0 15 -19 12 1 -27 17 15 23 18 -24 -10 27 -20 29 7 -23 19 
-3 2 10 10 -23 16 8 5 -28 2 -4 29 27 -26 8 11 1 17 13 16 
15 13 2 -3 8 8 7 24 6 15 22 12 -23 10 -9 22 27 14 21 29 
17 5 20 8 21 3 17 4 8 20 21 5 13 7 14 -27 5 15 22 -25 
28 2 -19 -23 15 9 11 26 16 22 4 11 19 18 -14 25 8 26 10 -7 
179
1
14 1
5 18
0
0
