20 20
-8 11 7 -18 12 18 17 -3 6 1 4 10 -17 -18 -9 -8 4 10 15 1 
16 3 -1 5 7 16 17 2 4 1 12 2 0 18 6 11 12 18 -14 10 
9 11 2 -11 2 12 18 14 -8 6 -12 7 17 9 16 -9 4 -18 13 18 
-10 0 2 2 9 11 6 14 9 14 17 11 17 5 -5 12 11 17 13 8 
12 14 12 3 7 -12 7 17 -16 10 -9 -4 -15 8 16 4 -12 -15 16 5 
17 3 1 2 5 15 1 -5 18 9 13 2 1 -7 -15 6 11 8 -3 10 
17 -8 3 13 14 6 -17 9 -9 16 15 6 -6 14 14 8 9 11 13 9 
-5 17 -4 12 -5 15 1 8 10 3 -11 7 10 -1 18 16 1 9 -9 12 
10 4 10 17 16 8 17 10 -1 5 7 16 1 4 12 16 4 -16 14 6 
0 18 15 17 12 4 -18 11 11 -3 6 13 -1 1 0 -15 8 7 0 7 
7 0 7 8 -15 0 1 -1 13 6 -3 11 11 -18 4 12 17 15 18 0 
6 14 -16 4 16 12 4 1 16 7 5 -1 10 17 8 16 17 10 4 10 
12 -9 9 1 16 18 -1 10 7 -11 3 10 8 1 15 -5 12 -4 17 -5 
9 13 11 9 8 14 14 -6 6 15 16 -9 9 -17 6 14 13 3 -8 17 
10 -3 8 11 6 -15 -7 1 2 13 9 18 -5 1 15 5 2 1 3 17 
5 16 -15 -12 4 16 8 -15 -4 -9 10 -16 17 7 -12 7 3 12 14 12 
8 13 17 11 12 -5 5 17 11 17 14 9 14 6 11 9 2 2 0 -10 
18 13 -18 4 -9 16 9 17 7 -12 6 -8 14 18 12 2 -11 2 11 9 
10 -14 18 12 11 6 18 0 2 12 1 4 2 17 16 7 5 -1 3 16 
1 15 10 4 -8 -9 -18 -17 10 4 1 6 -3 17 18 12 -18 7 11 -8 
178
1
17 15
2 4
0
0
