20 20
-11 4 4 9 16 1 -4 18 14 1 3 -8 12 0 9 4 7 -1 -4 11 
13 18 9 5 17 3 4 16 3 -6 3 17 -10 14 10 16 18 18 3 10 
16 -8 -6 7 -7 9 1 10 0 10 4 0 13 10 9 8 0 13 17 5 
-9 12 7 -16 13 -7 4 16 -1 17 10 7 12 -14 14 12 17 16 11 4 
-6 4 -16 13 1 -10 1 13 14 -14 2 12 9 -4 18 -13 6 15 11 6 
16 -8 14 8 -3 18 6 5 -8 10 9 16 18 17 17 -10 14 18 5 -5 
-9 2 5 -14 4 4 10 18 -13 11 -6 9 18 6 -8 3 12 12 10 13 
17 18 18 -4 -15 -12 3 1 7 0 -2 -11 13 -14 12 18 14 18 17 0 
-16 18 2 -15 10 4 8 9 -6 18 3 1 16 5 11 15 9 -5 3 -9 
7 11 7 -3 -16 5 11 2 6 17 8 11 -2 18 5 -6 -8 1 3 -14 
-14 3 1 -8 -6 5 18 -2 11 8 17 6 2 11 5 -16 -3 7 11 7 
-9 3 -5 9 15 11 5 16 1 3 18 -6 9 8 4 10 -15 2 18 -16 
0 17 18 14 18 12 -14 13 -11 -2 0 7 1 3 -12 -15 -4 18 18 17 
13 10 12 12 3 -8 6 18 9 -6 11 -13 18 10 4 4 -14 5 2 -9 
-5 5 18 14 -10 17 17 18 16 9 10 -8 5 6 18 -3 8 14 -8 16 
6 11 15 6 -13 18 -4 9 12 2 -14 14 13 1 -10 1 13 -16 4 -6 
4 11 16 17 12 14 -14 12 7 10 17 -1 16 4 -7 13 -16 7 12 -9 
5 17 13 0 8 9 10 13 0 4 10 0 10 1 9 -7 7 -6 -8 16 
10 3 18 18 16 10 14 -10 17 3 -6 3 16 4 3 17 5 9 18 13 
11 -4 -1 7 4 9 0 12 -8 3 1 14 18 -4 1 16 9 4 4 -11 
81
1
15 5
4 14
0
0
