20 20
0 7 12 -6 15 16 -15 -16 2 -7 2 17 5 13 4 -5 11 -1 11 15 
14 10 16 -6 2 4 7 1 6 6 13 1 11 14 8 -10 12 -16 17 7 
13 13 14 13 -10 5 15 4 16 1 11 12 17 12 6 17 -2 11 7 7 
16 -14 5 3 -7 11 6 6 2 -2 17 13 1 -9 17 -4 4 16 2 16 
-12 13 16 -15 2 17 5 4 17 5 -11 12 -6 -17 3 13 9 13 9 -16 
13 3 6 12 17 -3 11 8 17 1 1 14 -12 10 3 -12 12 -2 5 10 
-11 9 15 9 4 2 1 17 15 12 15 -17 -12 4 7 2 16 -17 -12 4 
9 1 11 6 8 -14 5 2 9 17 15 0 -16 13 8 15 3 0 -13 8 
17 16 11 10 10 9 13 -3 11 14 10 -13 9 14 14 17 16 9 -2 11 
12 13 8 12 2 14 -7 6 9 14 16 -15 4 3 16 6 0 4 1 8 
8 1 4 0 6 16 3 4 -15 16 14 9 6 -7 14 2 12 8 13 12 
11 -2 9 16 17 14 14 9 -13 10 14 11 -3 13 9 10 10 11 16 17 
8 -13 0 3 15 8 13 -16 0 15 17 9 2 5 -14 8 6 11 1 9 
4 -12 -17 16 2 7 4 -12 -17 15 12 15 17 1 2 4 9 15 9 -11 
10 5 -2 12 -12 3 10 -12 14 1 1 17 8 11 -3 17 12 6 3 13 
-16 9 13 9 13 3 -17 -6 12 -11 5 17 4 5 17 2 -15 16 13 -12 
16 2 16 4 -4 17 -9 1 13 17 -2 2 6 6 11 -7 3 5 -14 16 
7 7 11 -2 17 6 12 17 12 11 1 16 4 15 5 -10 13 14 13 13 
7 17 -16 12 -10 8 14 11 1 13 6 6 1 7 4 2 -6 16 10 14 
15 11 -1 11 -5 4 13 5 17 2 -7 2 -16 -15 16 15 -6 12 7 0 
100
1
7 4
12 15
0
0
