20 20
-13 24 24 6 -15 7 -5 -1 26 21 25 26 5 -18 2 11 4 15 -20 15 
24 26 11 9 11 12 -21 18 -10 -5 15 19 -12 23 -11 -18 18 15 -23 6 
5 10 18 -19 6 13 -26 18 9 3 1 10 24 4 -8 -9 8 10 2 25 
14 4 19 7 2 19 13 -22 16 7 2 4 22 18 25 6 -12 26 -14 23 
-9 6 25 20 -21 3 21 24 15 1 10 9 10 11 22 15 2 -25 0 11 
5 10 -26 19 -18 15 11 19 13 15 -13 24 -25 -16 5 3 22 12 -15 22 
6 9 -23 6 -23 12 1 1 19 22 2 -22 24 21 18 -25 21 4 14 12 
10 24 -7 18 14 4 -11 18 9 9 17 19 -5 -15 2 21 25 3 15 14 
18 -11 10 11 20 21 6 25 8 11 9 21 18 -2 10 6 23 9 -9 -2 
20 8 17 12 5 -18 -16 1 14 10 13 23 9 14 15 -3 -7 21 -16 -13 
-13 -16 21 -7 -3 15 14 9 23 13 10 14 1 -16 -18 5 12 17 8 20 
-2 -9 9 23 6 10 -2 18 21 9 11 8 25 6 21 20 11 10 -11 18 
14 15 3 25 21 2 -15 -5 19 17 9 9 18 -11 4 14 18 -7 24 10 
12 14 4 21 -25 18 21 24 -22 2 22 19 1 1 12 -23 6 -23 9 6 
22 -15 12 22 3 5 -16 -25 24 -13 15 13 19 11 15 -18 19 -26 10 5 
11 0 -25 2 15 22 11 10 9 10 1 15 24 21 3 -21 20 25 6 -9 
23 -14 26 -12 6 25 18 22 4 2 7 16 -22 13 19 2 7 19 4 14 
25 2 10 8 -9 -8 4 24 10 1 3 9 18 -26 13 6 -19 18 10 5 
6 -23 15 18 -18 -11 23 -12 19 15 -5 -10 18 -21 12 11 9 11 26 24 
15 -20 15 4 11 2 -18 5 26 25 21 26 -1 -5 7 -15 6 24 24 -13 
200
1
17 9
2 10
0
0
