20 20
-17 16 20 5 -26 29 20 12 26 15 -2 26 20 15 -3 28 -26 0 9 20 
11 -22 -20 20 21 21 7 8 26 24 -12 4 13 4 11 25 4 24 -21 0 
5 9 -18 -29 26 11 7 13 12 28 -19 11 1 3 24 -18 -9 -18 -24 9 
14 22 12 -13 16 15 26 1 14 23 6 -22 25 8 -3 8 4 17 3 20 
29 -9 29 25 23 -9 -25 18 -9 19 4 15 -7 -4 -1 6 17 4 -3 -12 
13 14 3 -18 18 19 16 18 9 28 14 18 -25 22 9 18 -11 -26 21 -13 
26 19 -10 25 -15 11 18 0 26 6 -2 7 6 6 23 -5 11 29 -14 -5 
-26 25 10 -12 28 -26 10 9 -9 25 10 4 -4 -25 -21 4 29 -20 -21 2 
-2 -14 -4 -1 13 23 29 -3 21 23 24 -28 4 0 19 26 -18 -10 -5 2 
18 23 4 18 19 10 22 10 -26 16 -1 18 8 26 3 -15 25 8 26 -16 
-16 26 8 25 -15 3 26 8 18 -1 16 -26 10 22 10 19 18 4 23 18 
2 -5 -10 -18 26 19 0 4 -28 24 23 21 -3 29 23 13 -1 -4 -14 -2 
2 -21 -20 29 4 -21 -25 -4 4 10 25 -9 9 10 -26 28 -12 10 25 -26 
-5 -14 29 11 -5 23 6 6 7 -2 6 26 0 18 11 -15 25 -10 19 26 
-13 21 -26 -11 18 9 22 -25 18 14 28 9 18 16 19 18 -18 3 14 13 
-12 -3 4 17 6 -1 -4 -7 15 4 19 -9 18 -25 -9 23 25 29 -9 29 
20 3 17 4 8 -3 8 25 -22 6 23 14 1 26 15 16 -13 12 22 14 
9 -24 -18 -9 -18 24 3 1 11 -19 28 12 13 7 11 26 -29 -18 9 5 
0 -21 24 4 25 11 4 13 4 -12 24 26 8 7 21 21 20 -20 -22 11 
20 9 0 -26 28 -3 15 20 26 -2 15 26 12 20 29 -26 5 20 16 -17 
127
1
12 15
7 4
0
0
