20 20
4 -14 28 23 8 9 -20 5 7 15 -13 12 24 3 12 5 21 29 14 3 
-25 -14 2 -3 9 22 14 21 -10 21 13 20 14 -6 29 6 -2 19 22 20 
13 25 28 -25 7 -20 7 3 15 12 -15 -12 18 9 29 18 26 -2 16 23 
9 1 3 26 6 23 -26 14 9 12 -5 18 -24 18 14 -5 -27 15 -27 29 
21 -25 18 4 12 5 -24 16 13 -12 0 15 7 -13 -7 15 -11 28 9 23 
5 9 10 1 27 -4 5 17 9 8 10 27 21 23 -23 12 16 11 20 11 
10 2 -21 8 27 27 8 10 -8 -15 13 -24 -6 6 0 0 -17 -28 4 19 
13 10 -23 1 19 -5 15 8 29 16 29 20 8 -9 -11 20 27 18 11 19 
29 8 17 24 -19 1 -29 3 27 25 10 14 22 0 18 1 1 23 20 10 
-8 -3 17 22 12 3 10 -18 -23 5 -11 8 -7 7 25 11 13 13 2 4 
4 2 13 13 11 25 7 -7 8 -11 5 -23 -18 10 3 12 22 17 -3 -8 
10 20 23 1 1 18 0 22 14 10 25 27 3 -29 1 -19 24 17 8 29 
19 11 18 27 20 -11 -9 8 20 29 16 29 8 15 -5 19 1 -23 10 13 
19 4 -28 -17 0 0 6 -6 -24 13 -15 -8 10 8 27 27 8 -21 2 10 
11 20 11 16 12 -23 23 21 27 10 8 9 17 5 -4 27 1 10 9 5 
23 9 28 -11 15 -7 -13 7 15 0 -12 13 16 -24 5 12 4 18 -25 21 
29 -27 15 -27 -5 14 18 -24 18 -5 12 9 14 -26 23 6 26 3 1 9 
23 16 -2 26 18 29 9 18 -12 -15 12 15 3 7 -20 7 -25 28 25 13 
20 22 19 -2 6 29 -6 14 20 13 21 -10 21 14 22 9 -3 2 -14 -25 
3 14 29 21 5 12 3 24 12 -13 15 7 5 -20 9 8 23 28 -14 4 
77
1
5 14
14 5
0
0
