20 20
-21 15 -5 -21 15 -16 7 -11 3 12 16 14 -3 -4 14 20 4 -21 2 24 
17 -23 -19 -23 15 1 20 19 16 13 -14 10 3 -10 13 -12 21 24 25 -2 
24 8 13 -16 5 18 6 -19 23 15 -23 0 21 8 3 9 1 19 6 -1 
25 -4 -4 -18 -7 18 -15 -22 7 2 -11 22 3 11 9 -19 18 -15 10 12 
25 25 17 -24 11 17 17 6 14 -1 12 -4 -13 25 25 -1 24 -11 17 18 
21 9 25 1 -23 21 -15 8 -5 1 1 2 -20 2 6 5 18 22 -21 -7 
19 19 -16 5 24 -6 23 1 7 20 1 7 6 6 14 14 8 -7 -10 1 
8 15 17 -7 -4 -18 17 0 23 18 7 25 -25 -1 20 -7 21 8 -20 5 
19 9 22 25 -24 6 21 6 7 2 18 -25 22 13 24 14 16 16 19 -13 
-10 -23 17 3 23 17 7 3 -14 15 4 11 18 5 7 21 16 -19 17 19 
19 17 -19 16 21 7 5 18 11 4 15 -14 3 7 17 23 3 17 -23 -10 
-13 19 16 16 14 24 13 22 -25 18 2 7 6 21 6 -24 25 22 9 19 
5 -20 8 21 -7 20 -1 -25 25 7 18 23 0 17 -18 -4 -7 17 15 8 
1 -10 -7 8 14 14 6 6 7 1 20 7 1 23 -6 24 5 -16 19 19 
-7 -21 22 18 5 6 2 -20 2 1 1 -5 8 -15 21 -23 1 25 9 21 
18 17 -11 24 -1 25 25 -13 -4 12 -1 14 6 17 17 11 -24 17 25 25 
12 10 -15 18 -19 9 11 3 22 -11 2 7 -22 -15 18 -7 -18 -4 -4 25 
-1 6 19 1 9 3 8 21 0 -23 15 23 -19 6 18 5 -16 13 8 24 
-2 25 24 21 -12 13 -10 3 10 -14 13 16 19 20 1 15 -23 -19 -23 17 
24 2 -21 4 20 14 -4 -3 14 16 12 3 -11 7 -16 15 -21 -5 15 -21 
39
1
10 18
9 1
0
0
