20 20
14 21 7 -1 15 -17 17 23 2 11 16 6 3 22 4 11 20 17 23 24 
-21 -17 -10 -23 4 5 22 25 18 -11 0 19 -10 3 -16 4 13 11 22 19 
14 -25 5 4 18 8 22 10 2 -14 24 -6 25 -8 8 15 12 17 3 2 
10 -19 10 7 9 3 3 15 16 24 11 -12 20 25 -11 19 8 5 20 -18 
23 9 2 14 24 25 18 16 22 24 -3 7 -19 -9 25 7 0 13 -9 22 
0 3 4 22 13 12 11 10 1 1 17 4 17 11 -15 3 15 12 6 -20 
-11 9 16 -8 17 23 17 12 25 8 -20 9 -21 21 24 20 15 1 -12 -10 
20 -16 25 -12 8 12 0 12 25 23 21 2 23 15 10 10 23 25 -5 2 
19 12 -14 24 5 10 10 13 23 -6 -12 -24 7 11 3 15 2 -20 -18 23 
19 -20 25 21 19 9 17 13 16 14 13 25 1 22 12 16 1 24 25 23 
23 25 24 1 16 12 22 1 25 13 14 16 13 17 9 19 21 25 -20 19 
23 -18 -20 2 15 3 11 7 -24 -12 -6 23 13 10 10 5 24 -14 12 19 
2 -5 25 23 10 10 15 23 2 21 23 25 12 0 12 8 -12 25 -16 20 
-10 -12 1 15 20 24 21 -21 9 -20 8 25 12 17 23 17 -8 16 9 -11 
-20 6 12 15 3 -15 11 17 4 17 1 1 10 11 12 13 22 4 3 0 
22 -9 13 0 7 25 -9 -19 7 -3 24 22 16 18 25 24 14 2 9 23 
-18 20 5 8 19 -11 25 20 -12 11 24 16 15 3 3 9 7 10 -19 10 
2 3 17 12 15 8 -8 25 -6 24 -14 2 10 22 8 18 4 5 -25 14 
19 22 11 13 4 -16 3 -10 19 0 -11 18 25 22 5 4 -23 -10 -17 -21 
24 23 17 20 11 4 22 3 6 16 11 2 23 17 -17 15 -1 7 21 14 
170
1
17 14
2 5
0
0
