20 20
7 1 17 2 22 5 8 4 6 3 4 10 2 8 7 5 13 11 9 -1 
-14 2 10 -2 -15 11 -26 19 8 -14 6 27 -23 17 18 9 -19 17 9 17 
14 8 24 7 -6 21 6 4 3 6 21 -4 20 -19 -13 0 14 5 7 21 
10 12 14 -22 -25 6 -8 26 -18 14 -9 19 13 -16 3 -7 21 -20 14 16 
15 25 21 22 10 22 7 27 5 10 17 12 14 22 12 7 7 23 3 -18 
-14 26 4 -21 13 20 25 26 9 26 5 -27 -6 20 -1 10 -6 13 9 2 
-6 14 1 1 25 10 -13 21 -21 19 27 18 17 12 11 27 2 9 -20 -7 
18 24 -2 -27 4 -14 15 18 20 22 -6 14 -15 2 19 12 14 10 20 27 
-9 2 13 9 4 -22 22 20 12 7 5 18 21 2 -16 12 11 -14 16 6 
-22 5 15 12 14 20 3 -1 10 -19 -15 25 21 11 23 -24 13 5 26 22 
22 26 5 13 -24 23 11 21 25 -15 -19 10 -1 3 20 14 12 15 5 -22 
6 16 -14 11 12 -16 2 21 18 5 7 12 20 22 -22 4 9 13 2 -9 
27 20 10 14 12 19 2 -15 14 -6 22 20 18 15 -14 4 -27 -2 24 18 
-7 -20 9 2 27 11 12 17 18 27 19 -21 21 -13 10 25 1 1 14 -6 
2 9 13 -6 10 -1 20 -6 -27 5 26 9 26 25 20 13 -21 4 26 -14 
-18 3 23 7 7 12 22 14 12 17 10 5 27 7 22 10 22 21 25 15 
16 14 -20 21 -7 3 -16 13 19 -9 14 -18 26 -8 6 -25 -22 14 12 10 
21 7 5 14 0 -13 -19 20 -4 21 6 3 4 6 21 -6 7 24 8 14 
17 9 17 -19 9 18 17 -23 27 6 -14 8 19 -26 11 -15 -2 10 2 -14 
-1 9 11 13 5 7 8 2 10 4 3 6 4 8 5 22 2 17 1 7 
39
1
4 2
15 17
0
0
