20 20
21 -2 10 9 11 12 18 1 17 1 3 3 17 -15 8 -2 4 -9 21 6 
-14 12 10 -18 -7 -9 13 10 7 18 18 3 19 3 13 3 -20 1 13 -20 
8 14 11 -15 0 -3 10 11 10 4 -14 13 -7 8 -10 14 -14 -7 5 -15 
5 21 -7 -1 21 16 3 1 -18 13 -1 -7 7 21 19 -1 17 18 17 6 
-2 3 10 18 -2 -12 5 -6 16 5 14 21 16 15 5 7 -18 -13 18 -21 
1 -11 19 -16 -18 18 5 7 -4 -13 12 10 2 9 0 -20 3 3 -18 16 
-17 20 -11 5 4 -21 -20 7 8 -13 21 12 -2 -13 -8 2 3 7 -6 -11 
21 3 13 18 21 19 8 8 18 -10 -1 8 15 -17 9 20 14 2 12 4 
11 -6 17 20 8 3 -7 -14 15 20 12 5 21 -18 -14 9 12 16 7 20 
-21 2 17 -20 -7 7 -21 18 -6 14 18 11 17 7 7 7 18 21 16 -14 
-14 16 21 18 7 7 7 17 11 18 14 -6 18 -21 7 -7 -20 17 2 -21 
20 7 16 12 9 -14 -18 21 5 12 20 15 -14 -7 3 8 20 17 -6 11 
4 12 2 14 20 9 -17 15 8 -1 -10 18 8 8 19 21 18 13 3 21 
-11 -6 7 3 2 -8 -13 -2 12 21 -13 8 7 -20 -21 4 5 -11 20 -17 
16 -18 3 3 -20 0 9 2 10 12 -13 -4 7 5 18 -18 -16 19 -11 1 
-21 18 -13 -18 7 5 15 16 21 14 5 16 -6 5 -12 -2 18 10 3 -2 
6 17 18 17 -1 19 21 7 -7 -1 13 -18 1 3 16 21 -1 -7 21 5 
-15 5 -7 -14 14 -10 8 -7 13 -14 4 10 11 10 -3 0 -15 11 14 8 
-20 13 1 -20 3 13 3 19 3 18 18 7 10 13 -9 -7 -18 10 12 -14 
6 21 -9 4 -2 8 -15 17 3 3 1 17 1 18 12 11 9 10 -2 21 
159
1
11 4
8 15
0
0
