20 20
7 5 14 12 9 -15 -9 11 2 16 -19 9 18 4 16 2 16 16 7 6 
17 17 3 19 -9 -3 17 17 4 8 -15 3 13 8 1 2 8 7 -13 15 
1 12 3 7 -3 15 15 19 3 6 14 5 12 13 4 18 19 -10 14 -16 
17 1 5 -5 -3 16 7 12 -8 10 5 6 4 15 12 7 6 17 8 2 
4 15 4 3 18 -4 -8 -17 16 17 17 6 2 7 5 2 14 8 -14 12 
4 16 17 15 -2 9 8 18 3 7 6 11 8 -12 -19 5 15 3 17 6 
3 -2 16 12 15 13 -4 13 8 2 10 -9 8 11 1 2 -12 8 14 0 
7 18 6 14 7 -3 5 3 12 -15 -16 -14 19 -1 2 13 2 -17 1 8 
-5 11 14 9 2 14 2 6 7 9 0 5 -1 18 6 2 11 7 3 17 
0 5 -7 10 10 -15 5 -12 15 13 12 0 6 6 -14 1 11 17 0 10 
10 0 17 11 1 -14 6 6 0 12 13 15 -12 5 -15 10 10 -7 5 0 
17 3 7 11 2 6 18 -1 5 0 9 7 6 2 14 2 9 14 11 -5 
8 1 -17 2 13 2 -1 19 -14 -16 -15 12 3 5 -3 7 14 6 18 7 
0 14 8 -12 2 1 11 8 -9 10 2 8 13 -4 13 15 12 16 -2 3 
6 17 3 15 5 -19 -12 8 11 6 7 3 18 8 9 -2 15 17 16 4 
12 -14 8 14 2 5 7 2 6 17 17 16 -17 -8 -4 18 3 4 15 4 
2 8 17 6 7 12 15 4 6 5 10 -8 12 7 16 -3 -5 5 1 17 
-16 14 -10 19 18 4 13 12 5 14 6 3 19 15 15 -3 7 3 12 1 
15 -13 7 8 2 1 8 13 3 -15 8 4 17 17 -3 -9 19 3 17 17 
6 7 16 16 2 16 4 18 9 -19 16 2 11 -9 -15 9 12 14 5 7 
40
1
1 5
18 14
0
0
