20 20
2 16 14 14 -13 3 -22 12 8 17 21 -20 -13 19 24 8 9 7 24 19 
12 16 6 14 8 19 5 1 -12 9 13 20 18 17 5 6 19 6 -19 14 
12 -21 -24 18 -15 16 21 19 20 8 20 14 7 5 5 1 -24 22 -9 8 
-23 18 17 15 -21 -13 17 20 -14 -8 23 -17 5 7 23 3 1 16 -9 -21 
21 13 1 -21 -23 1 5 8 19 18 24 13 1 0 17 22 8 -22 16 -3 
-14 -2 -8 -21 -7 12 5 23 20 14 17 -9 -9 8 -8 17 3 -21 8 -7 
6 19 18 5 8 5 18 23 -12 8 17 4 -14 21 15 11 -12 -1 11 -11 
22 -17 1 20 10 2 19 -15 12 -1 19 -14 7 0 21 -21 -19 -18 6 23 
-3 20 -1 23 22 6 13 -4 16 17 -12 23 1 11 9 -9 -17 1 23 -12 
2 -11 3 -9 5 22 8 5 22 17 -21 14 22 18 0 15 1 24 10 6 
6 10 24 1 15 0 18 22 14 -21 17 22 5 8 22 5 -9 3 -11 2 
-12 23 1 -17 -9 9 11 1 23 -12 17 16 -4 13 6 22 23 -1 20 -3 
23 6 -18 -19 -21 21 0 7 -14 19 -1 12 -15 19 2 10 20 1 -17 22 
-11 11 -1 -12 11 15 21 -14 4 17 8 -12 23 18 5 8 5 18 19 6 
-7 8 -21 3 17 -8 8 -9 -9 17 14 20 23 5 12 -7 -21 -8 -2 -14 
-3 16 -22 8 22 17 0 1 13 24 18 19 8 5 1 -23 -21 1 13 21 
-21 -9 16 1 3 23 7 5 -17 23 -8 -14 20 17 -13 -21 15 17 18 -23 
8 -9 22 -24 1 5 5 7 14 20 8 20 19 21 16 -15 18 -24 -21 12 
14 -19 6 19 6 5 17 18 20 13 9 -12 1 5 19 8 14 6 16 12 
19 24 7 9 8 24 19 -13 -20 21 17 8 12 -22 3 -13 14 14 16 2 
198
1
0 2
19 17
0
0
