20 20
12 9 6 1 1 1 11 4 -1 8 -7 -3 3 -7 3 11 2 1 2 1 
8 7 12 -7 9 3 -4 4 -9 -11 11 -10 4 5 -6 10 0 2 -11 -4 
8 2 0 1 -4 -11 8 4 5 0 11 -6 1 9 8 9 11 9 4 10 
8 0 10 -3 12 9 6 2 -8 4 4 2 9 -8 6 -8 7 3 6 1 
6 1 -8 12 3 6 3 -4 5 6 8 9 2 12 12 -12 0 12 9 11 
-11 7 -5 8 3 11 1 -9 8 11 -11 2 -6 5 -6 4 2 6 1 2 
5 11 -9 -10 -4 3 11 12 2 -4 3 0 9 -1 8 3 1 12 6 3 
-11 8 -8 3 12 9 0 9 6 -5 7 1 2 8 -1 -8 -12 12 -1 1 
9 -10 8 8 6 11 -2 11 3 -4 1 5 4 8 9 0 12 6 -7 -6 
3 0 5 8 11 3 7 4 3 11 -8 5 11 -9 10 -10 4 -8 8 8 
8 8 -8 4 -10 10 -9 11 5 -8 11 3 4 7 3 11 8 5 0 3 
-6 -7 6 12 0 9 8 4 5 1 -4 3 11 -2 11 6 8 8 -10 9 
1 -1 12 -12 -8 -1 8 2 1 7 -5 6 9 0 9 12 3 -8 8 -11 
3 6 12 1 3 8 -1 9 0 3 -4 2 12 11 3 -4 -10 -9 11 5 
2 1 6 2 4 -6 5 -6 2 -11 11 8 -9 1 11 3 8 -5 7 -11 
11 9 12 0 -12 12 12 2 9 8 6 5 -4 3 6 3 12 -8 1 6 
1 6 3 7 -8 6 -8 9 2 4 4 -8 2 6 9 12 -3 10 0 8 
10 4 9 11 9 8 9 1 -6 11 0 5 4 8 -11 -4 1 0 2 8 
-4 -11 2 0 10 -6 5 4 -10 11 -11 -9 4 -4 3 9 -7 12 7 8 
1 2 1 2 11 3 -7 3 -3 -7 8 -1 4 11 1 1 1 6 9 12 
53
1
14 4
5 15
0
0
