20 20
1 -1 11 -6 2 7 -2 9 -1 4 1 14 0 -12 3 9 8 1 3 10 
-4 0 8 0 2 3 0 1 4 -8 -1 -11 9 3 -9 5 -8 -6 8 5 
-8 13 11 8 13 3 -11 14 0 4 8 10 -6 -4 11 5 1 -12 -11 3 
8 9 0 14 11 4 3 9 8 -11 8 12 7 4 14 1 -2 2 13 -14 
3 1 -11 8 7 5 7 6 -10 7 3 -2 0 10 7 -13 14 7 12 -11 
0 10 -11 9 -1 8 10 -4 13 3 -7 1 10 7 -9 8 10 0 3 11 
9 4 7 11 12 -13 5 9 13 0 1 4 4 6 3 9 6 13 -4 4 
-10 4 0 2 14 14 -10 13 2 10 2 13 12 13 11 5 10 13 11 5 
13 -1 3 10 6 12 5 14 13 8 6 1 -7 5 12 5 4 4 4 8 
12 8 14 14 -6 8 -8 8 -6 3 2 7 7 -11 13 -1 4 8 -1 9 
9 -1 8 4 -1 13 -11 7 7 2 3 -6 8 -8 8 -6 14 14 8 12 
8 4 4 4 5 12 5 -7 1 6 8 13 14 5 12 6 10 3 -1 13 
5 11 13 10 5 11 13 12 13 2 10 2 13 -10 14 14 2 0 4 -10 
4 -4 13 6 9 3 6 4 4 1 0 13 9 5 -13 12 11 7 4 9 
11 3 0 10 8 -9 7 10 1 -7 3 13 -4 10 8 -1 9 -11 10 0 
-11 12 7 14 -13 7 10 0 -2 3 7 -10 6 7 5 7 8 -11 1 3 
-14 13 2 -2 1 14 4 7 12 8 -11 8 9 3 4 11 14 0 9 8 
3 -11 -12 1 5 11 -4 -6 10 8 4 0 14 -11 3 13 8 11 13 -8 
5 8 -6 -8 5 -9 3 9 -11 -1 -8 4 1 0 3 2 0 8 0 -4 
10 3 1 8 9 3 -12 0 14 1 4 -1 9 -2 7 2 -6 11 -1 1 
111
1
8 5
11 14
0
0
