20 20
22 25 -13 14 -25 -11 -11 9 2 -24 5 3 3 -11 17 -12 -12 -5 20 -9 
-4 21 17 15 15 1 -17 10 4 -1 24 6 15 16 17 1 15 6 6 -8 
1 22 9 8 5 1 10 22 -11 -17 9 21 -16 15 22 18 -7 17 20 25 
-24 16 15 18 14 -14 -7 17 1 -10 15 24 23 -5 10 7 10 3 -2 -23 
4 16 12 -16 4 9 12 23 1 21 -2 23 -25 13 -8 -8 4 1 24 10 
25 -21 19 -5 18 10 11 2 14 18 8 19 1 11 17 21 -2 23 -19 6 
-20 -2 22 24 -9 7 1 25 -10 11 9 1 13 -20 22 6 3 10 -25 25 
-11 16 3 8 2 21 9 20 19 -20 6 -17 -21 -9 10 23 25 15 -23 -12 
5 8 7 10 22 25 1 24 -12 8 14 -21 10 10 12 13 20 21 -2 -14 
7 2 2 -17 8 1 9 -7 24 18 -14 2 -4 3 -12 -22 -19 12 16 0 
0 16 12 -19 -22 -12 3 -4 2 -14 18 24 -7 9 1 8 -17 2 2 7 
-14 -2 21 20 13 12 10 10 -21 14 8 -12 24 1 25 22 10 7 8 5 
-12 -23 15 25 23 10 -9 -21 -17 6 -20 19 20 9 21 2 8 3 16 -11 
25 -25 10 3 6 22 -20 13 1 9 11 -10 25 1 7 -9 24 22 -2 -20 
6 -19 23 -2 21 17 11 1 19 8 18 14 2 11 10 18 -5 19 -21 25 
10 24 1 4 -8 -8 13 -25 23 -2 21 1 23 12 9 4 -16 12 16 4 
-23 -2 3 10 7 10 -5 23 24 15 -10 1 17 -7 -14 14 18 15 16 -24 
25 20 17 -7 18 22 15 -16 21 9 -17 -11 22 10 1 5 8 9 22 1 
-8 6 6 15 1 17 16 15 6 24 -1 4 10 -17 1 15 15 17 21 -4 
-9 20 -5 -12 -12 17 -11 3 3 5 -24 2 9 -11 -11 -25 14 -13 25 22 
125
1
10 11
9 8
0
0
