20 20
28 16 9 5 6 1 23 0 28 -25 11 -6 -12 15 4 -28 9 1 17 5 
27 11 -12 27 18 22 24 26 22 -3 14 4 17 13 18 21 9 11 27 26 
11 6 -20 8 12 13 8 -9 7 -6 3 11 14 15 9 22 17 5 12 24 
6 20 -9 14 15 -25 -28 21 21 15 22 11 12 14 6 8 7 3 8 28 
8 14 11 -1 -7 8 -27 -3 -3 26 1 22 4 15 20 16 11 18 28 22 
23 9 9 15 6 2 15 2 9 1 27 5 5 5 21 10 -27 10 3 22 
23 -7 -12 21 -25 23 21 -19 8 20 -3 -3 3 8 26 23 -26 27 -17 8 
10 -12 -13 27 6 -28 16 11 -2 -13 6 12 18 -10 -20 14 13 7 11 -18 
19 19 12 19 8 7 12 20 16 4 -12 16 25 6 -10 11 5 -16 27 8 
8 3 22 9 -11 13 -12 5 -17 -16 3 28 0 -27 15 1 5 -22 22 -2 
-2 22 -22 5 1 15 -27 0 28 3 -16 -17 5 -12 13 -11 9 22 3 8 
8 27 -16 5 11 -10 6 25 16 -12 4 16 20 12 7 8 19 12 19 19 
-18 11 7 13 14 -20 -10 18 12 6 -13 -2 11 16 -28 6 27 -13 -12 10 
8 -17 27 -26 23 26 8 3 -3 -3 20 8 -19 21 23 -25 21 -12 -7 23 
22 3 10 -27 10 21 5 5 5 27 1 9 2 15 2 6 15 9 9 23 
22 28 18 11 16 20 15 4 22 1 26 -3 -3 -27 8 -7 -1 11 14 8 
28 8 3 7 8 6 14 12 11 22 15 21 21 -28 -25 15 14 -9 20 6 
24 12 5 17 22 9 15 14 11 3 -6 7 -9 8 13 12 8 -20 6 11 
26 27 11 9 21 18 13 17 4 14 -3 22 26 24 22 18 27 -12 11 27 
5 17 1 9 -28 4 15 -12 -6 11 -25 28 0 23 1 6 5 9 16 28 
32
1
16 6
3 13
0
0
