20 20
4 26 1 22 12 20 -19 -18 14 -12 -1 13 -4 5 20 14 -22 -24 -17 11 
22 29 25 11 16 19 20 7 30 30 25 6 -2 16 3 15 17 18 12 0 
-19 9 -27 30 10 11 17 17 12 18 19 -2 -24 3 -29 -8 -12 17 -14 12 
-4 13 26 -17 19 -10 -10 29 23 1 28 -10 20 3 11 -21 11 6 18 14 
24 8 9 25 -7 19 19 -17 -1 20 1 18 8 21 -27 -17 13 21 -30 7 
-9 -20 10 20 27 -13 -11 29 -10 12 12 26 10 20 17 -15 11 19 1 4 
26 30 -19 -11 27 -7 19 -15 -28 29 28 12 4 9 15 -26 24 14 13 30 
24 14 5 -15 1 -1 19 3 26 21 26 -20 12 -3 13 -27 7 23 30 9 
5 11 -7 9 26 15 29 -30 -5 7 25 25 -23 28 13 29 -15 13 -2 2 
16 -7 29 2 30 22 26 12 5 23 -6 14 -23 10 -14 17 19 -10 27 -15 
-15 27 -10 19 17 -14 10 -23 14 -6 23 5 12 26 22 30 2 29 -7 16 
2 -2 13 -15 29 13 28 -23 25 25 7 -5 -30 29 15 26 9 -7 11 5 
9 30 23 7 -27 13 -3 12 -20 26 21 26 3 19 -1 1 -15 5 14 24 
30 13 14 24 -26 15 9 4 12 28 29 -28 -15 19 -7 27 -11 -19 30 26 
4 1 19 11 -15 17 20 10 26 12 12 -10 29 -11 -13 27 20 10 -20 -9 
7 -30 21 13 -17 -27 21 8 18 1 20 -1 -17 19 19 -7 25 9 8 24 
14 18 6 11 -21 11 3 20 -10 28 1 23 29 -10 -10 19 -17 26 13 -4 
12 -14 17 -12 -8 -29 3 -24 -2 19 18 12 17 17 11 10 30 -27 9 -19 
0 12 18 17 15 3 16 -2 6 25 30 30 7 20 19 16 11 25 29 22 
11 -17 -24 -22 14 20 5 -4 13 -1 -12 14 -18 -19 20 12 22 1 26 4 
98
1
0 11
19 8
0
0
