20 20
9 -8 1 15 -11 12 -9 3 14 4 7 14 8 -15 3 8 10 3 11 0 
9 5 0 3 16 -12 4 9 14 11 15 14 10 8 0 -13 6 10 1 2 
15 -7 -11 8 7 0 5 7 16 2 13 -5 15 -8 5 0 8 12 -9 8 
14 3 -12 16 8 -8 -13 7 5 11 -14 -3 13 12 4 10 -9 -12 -2 15 
4 -2 2 5 -7 14 -11 9 15 15 -11 9 15 6 -12 9 12 1 10 7 
4 4 15 15 12 2 5 -3 8 9 6 8 3 8 -11 14 13 9 16 11 
4 2 16 2 -8 14 2 -1 -10 -12 9 0 8 10 16 14 4 -9 2 5 
9 7 12 -8 15 0 10 -4 1 9 16 -2 4 3 -6 -5 14 11 -6 6 
10 7 6 2 1 0 8 11 11 -13 7 6 11 6 12 10 14 -11 13 -6 
12 -10 11 3 6 14 12 -3 14 2 11 12 -3 -6 3 16 3 14 16 11 
11 16 14 3 16 3 -6 -3 12 11 2 14 -3 12 14 6 3 11 -10 12 
-6 13 -11 14 10 12 6 11 6 7 -13 11 11 8 0 1 2 6 7 10 
6 -6 11 14 -5 -6 3 4 -2 16 9 1 -4 10 0 15 -8 12 7 9 
5 2 -9 4 14 16 10 8 0 9 -12 -10 -1 2 14 -8 2 16 2 4 
11 16 9 13 14 -11 8 3 8 6 9 8 -3 5 2 12 15 15 4 4 
7 10 1 12 9 -12 6 15 9 -11 15 15 9 -11 14 -7 5 2 -2 4 
15 -2 -12 -9 10 4 12 13 -3 -14 11 5 7 -13 -8 8 16 -12 3 14 
8 -9 12 8 0 5 -8 15 -5 13 2 16 7 5 0 7 8 -11 -7 15 
2 1 10 6 -13 0 8 10 14 15 11 14 9 4 -12 16 3 0 5 9 
0 11 3 10 8 3 -15 8 14 7 4 14 3 -9 12 -11 15 1 -8 9 
89
1
0 1
19 18
0
0
