20 20
7 10 -5 8 5 -9 -8 9 3 2 1 9 -11 1 9 1 -8 9 5 11 
9 0 7 0 10 3 2 4 1 3 2 2 5 6 6 -5 6 -4 5 9 
-9 -6 -2 4 10 8 -1 8 6 -6 9 2 7 -7 1 1 8 2 11 5 
8 4 8 6 7 4 3 0 0 -9 6 8 7 4 10 5 11 7 -11 -11 
6 2 -3 6 3 11 8 0 2 7 7 -11 2 8 7 0 -5 -6 11 0 
8 10 -7 -8 1 3 7 6 10 4 4 11 4 -2 -3 6 4 6 -8 -8 
3 -8 5 -9 3 4 9 7 3 9 8 9 8 10 8 -1 3 1 4 -11 
-9 -2 5 11 11 1 9 11 9 4 8 9 -2 -9 3 1 5 9 -5 2 
1 -5 0 -4 4 -3 -8 -2 -2 10 -4 -5 -5 10 1 5 -8 8 10 -8 
5 9 -1 9 9 -3 -1 10 8 6 7 10 8 -8 -10 8 1 8 0 1 
1 0 8 1 8 -10 -8 8 10 7 6 8 10 -1 -3 9 9 -1 9 5 
-8 10 8 -8 5 1 10 -5 -5 -4 10 -2 -2 -8 -3 4 -4 0 -5 1 
2 -5 9 5 1 3 -9 -2 9 8 4 9 11 9 1 11 11 5 -2 -9 
-11 4 1 3 -1 8 10 8 9 8 9 3 7 9 4 3 -9 5 -8 3 
-8 -8 6 4 6 -3 -2 4 11 4 4 10 6 7 3 1 -8 -7 10 8 
0 11 -6 -5 0 7 8 2 -11 7 7 2 0 8 11 3 6 -3 2 6 
-11 -11 7 11 5 10 4 7 8 6 -9 0 0 3 4 7 6 8 4 8 
5 11 2 8 1 1 -7 7 2 9 -6 6 8 -1 8 10 4 -2 -6 -9 
9 5 -4 6 -5 6 6 5 2 2 3 1 4 2 3 10 0 7 0 9 
11 5 9 -8 1 9 1 -11 9 1 2 3 9 -8 -9 5 8 -5 10 7 
90
1
11 7
8 12
0
0
