20 20
-9 -5 2 18 -8 13 -4 -18 13 -13 14 16 9 17 6 7 4 20 6 6 
1 0 -3 21 7 -17 21 -6 19 3 -2 -9 18 -16 2 0 4 17 6 -18 
18 -20 5 0 14 8 0 -7 20 19 15 17 -19 10 14 16 6 5 -17 7 
13 18 -9 7 -17 11 19 4 -7 6 9 1 9 -19 -13 5 3 -10 9 -16 
-3 -5 6 8 -13 -14 17 19 20 2 6 17 0 5 10 14 15 13 5 -4 
-11 14 10 12 9 6 -7 6 -20 17 14 11 -13 16 17 -2 -12 12 1 3 
2 20 21 4 -5 0 -10 12 0 17 0 0 18 2 13 7 17 7 -4 15 
-1 9 17 14 12 -8 16 7 20 -10 6 1 -21 -3 3 20 16 -17 17 -11 
18 12 17 20 4 20 4 -8 2 15 21 13 -6 1 21 0 18 1 7 19 
4 -7 19 14 -3 0 13 4 3 2 2 19 6 21 15 -21 11 -7 0 2 
2 0 -7 11 -21 15 21 6 19 2 2 3 4 13 0 -3 14 19 -7 4 
19 7 1 18 0 21 1 -6 13 21 15 2 -8 4 20 4 20 17 12 18 
-11 17 -17 16 20 3 -3 -21 1 6 -10 20 7 16 -8 12 14 17 9 -1 
15 -4 7 17 7 13 2 18 0 0 17 0 12 -10 0 -5 4 21 20 2 
3 1 12 -12 -2 17 16 -13 11 14 17 -20 6 -7 6 9 12 10 14 -11 
-4 5 13 15 14 10 5 0 17 6 2 20 19 17 -14 -13 8 6 -5 -3 
-16 9 -10 3 5 -13 -19 9 1 9 6 -7 4 19 11 -17 7 -9 18 13 
7 -17 5 6 16 14 10 -19 17 15 19 20 -7 0 8 14 0 5 -20 18 
-18 6 17 4 0 2 -16 18 -9 -2 3 19 -6 21 -17 7 21 -3 0 1 
6 6 20 4 7 6 17 9 16 14 -13 13 -18 -4 13 -8 18 2 -5 -9 
158
1
3 2
16 17
0
0
