20 20
11 -7 20 -16 4 5 10 16 13 -11 -12 -3 20 -18 2 3 21 3 6 14 
20 19 5 -4 -19 -18 12 5 12 -20 -4 4 15 3 19 -2 21 16 -8 7 
0 -13 -18 18 -21 20 6 10 2 2 9 21 10 -8 17 11 15 -8 8 -5 
8 15 21 4 8 20 -3 11 5 8 3 9 0 18 11 10 0 -15 2 -20 
13 0 -14 10 -4 2 4 15 0 13 1 -20 21 0 7 2 5 10 -2 18 
13 15 4 14 -4 18 -16 11 -18 17 16 12 6 -13 12 17 13 -12 15 10 
18 8 6 -7 13 -9 0 13 10 4 3 13 6 5 6 -20 -19 21 -2 15 
-14 1 -10 -16 21 -14 -12 8 13 9 -4 -11 14 3 -11 -6 13 10 20 11 
17 -2 14 1 -11 16 -11 16 14 8 12 -10 -12 -10 13 20 13 16 18 -12 
-4 2 -11 19 15 2 7 17 14 1 -16 20 -11 14 -7 8 5 -13 4 7 
7 4 -13 5 8 -7 14 -11 20 -16 1 14 17 7 2 15 19 -11 2 -4 
-12 18 16 13 20 13 -10 -12 -10 12 8 14 16 -11 16 -11 1 14 -2 17 
11 20 10 13 -6 -11 3 14 -11 -4 9 13 8 -12 -14 21 -16 -10 1 -14 
15 -2 21 -19 -20 6 5 6 13 3 4 10 13 0 -9 13 -7 6 8 18 
10 15 -12 13 17 12 -13 6 12 16 17 -18 11 -16 18 -4 14 4 15 13 
18 -2 10 5 2 7 0 21 -20 1 13 0 15 4 2 -4 10 -14 0 13 
-20 2 -15 0 10 11 18 0 9 3 8 5 11 -3 20 8 4 21 15 8 
-5 8 -8 15 11 17 -8 10 21 9 2 2 10 6 20 -21 18 -18 -13 0 
7 -8 16 21 -2 19 3 15 4 -4 -20 12 5 12 -18 -19 -4 5 19 20 
14 6 3 21 3 2 -18 20 -3 -12 -11 13 16 10 5 4 -16 20 -7 11 
80
1
15 5
4 14
0
0
