20 20
5 28 3 19 -1 -24 -3 -24 17 5 22 12 16 -10 -21 -10 17 17 4 8 
-25 -22 21 15 17 20 6 6 25 14 -27 3 26 24 28 -7 20 -20 22 3 
20 3 8 -12 18 -2 16 9 29 24 -6 19 6 6 12 16 25 18 2 24 
7 15 7 28 1 28 18 21 23 20 23 -8 13 23 25 4 15 18 4 -14 
-23 -10 17 25 11 27 13 16 -20 -21 -20 13 19 -2 23 23 2 25 15 21 
-11 -1 20 4 -6 28 6 23 14 -4 20 13 9 27 27 22 5 4 21 -6 
-1 -27 -19 12 28 7 26 -27 15 -5 -21 29 17 17 28 6 21 13 23 -24 
27 28 17 26 27 18 16 14 -23 25 -24 18 27 2 2 0 -15 15 29 12 
16 5 -7 22 -2 13 28 16 19 22 9 -21 17 -29 1 -14 10 -26 16 16 
27 4 28 -6 15 27 15 21 15 -17 -18 -19 -6 8 11 13 9 16 20 2 
2 20 16 9 13 11 8 -6 -19 -18 -17 15 21 15 27 15 -6 28 4 27 
16 16 -26 10 -14 1 -29 17 -21 9 22 19 16 28 13 -2 22 -7 5 16 
12 29 15 -15 0 2 2 27 18 -24 25 -23 14 16 18 27 26 17 28 27 
-24 23 13 21 6 28 17 17 29 -21 -5 15 -27 26 7 28 12 -19 -27 -1 
-6 21 4 5 22 27 27 9 13 20 -4 14 23 6 28 -6 4 20 -1 -11 
21 15 25 2 23 23 -2 19 13 -20 -21 -20 16 13 27 11 25 17 -10 -23 
-14 4 18 15 4 25 23 13 -8 23 20 23 21 18 28 1 28 7 15 7 
24 2 18 25 16 12 6 6 19 -6 24 29 9 16 -2 18 -12 8 3 20 
3 22 -20 20 -7 28 24 26 3 -27 14 25 6 6 20 17 15 21 -22 -25 
8 4 17 17 -10 -21 -10 16 12 22 5 17 -24 -3 -24 -1 19 3 28 5 
72
1
1 5
18 14
0
0
