20 20
-17 7 9 3 3 0 16 13 18 0 12 2 12 20 17 17 -19 -23 -4 22 
-10 23 -19 20 22 -19 14 7 21 10 -1 -7 10 5 -4 14 19 -17 18 9 
10 16 1 12 0 8 8 -20 18 22 14 17 3 11 5 17 20 21 -16 16 
-14 8 16 22 -21 10 -14 21 2 23 1 17 -12 -3 4 16 22 21 -20 6 
7 4 15 9 -16 11 -22 12 18 12 21 -15 23 8 12 14 -19 21 11 18 
4 12 -23 5 7 0 23 8 -8 6 14 6 12 5 3 22 3 2 3 -8 
17 3 -16 11 12 -13 -21 4 12 -16 22 10 16 23 10 14 12 -13 0 -13 
22 7 -10 14 12 -20 2 -12 8 -3 4 23 11 10 14 21 10 9 1 -19 
6 11 -15 -9 1 23 16 18 18 7 7 4 5 21 -4 11 -6 -5 19 18 
4 22 10 21 12 23 -5 -19 12 5 13 -18 14 -19 4 5 18 0 11 9 
9 11 0 18 5 4 -19 14 -18 13 5 12 -19 -5 23 12 21 10 22 4 
18 19 -5 -6 11 -4 21 5 4 7 7 18 18 16 23 1 -9 -15 11 6 
-19 1 9 10 21 14 10 11 23 4 -3 8 -12 2 -20 12 14 -10 7 22 
-13 0 -13 12 14 10 23 16 10 22 -16 12 4 -21 -13 12 11 -16 3 17 
-8 3 2 3 22 3 5 12 6 14 6 -8 8 23 0 7 5 -23 12 4 
18 11 21 -19 14 12 8 23 -15 21 12 18 12 -22 11 -16 9 15 4 7 
6 -20 21 22 16 4 -3 -12 17 1 23 2 21 -14 10 -21 22 16 8 -14 
16 -16 21 20 17 5 11 3 17 14 22 18 -20 8 8 0 12 1 16 10 
9 18 -17 19 14 -4 5 10 -7 -1 10 21 7 14 -19 22 20 -19 23 -10 
22 -4 -23 -19 17 17 20 12 2 12 0 18 13 16 0 3 3 9 7 -17 
67
1
13 10
6 9
0
0
