20 20
7 8 8 -10 2 11 -9 11 -10 -2 2 5 11 3 -2 6 -9 2 2 8 
-8 -11 -1 7 6 1 5 2 8 7 4 9 -9 7 5 7 4 6 -7 6 
3 5 4 8 4 9 7 -7 4 11 8 7 -2 5 -10 4 4 10 2 7 
-8 10 2 11 6 11 6 1 -10 10 3 -11 5 2 0 11 4 -9 2 7 
2 5 11 -4 2 7 1 10 1 2 2 9 0 -2 1 -5 4 3 11 -1 
6 7 4 -2 -9 3 0 7 0 7 2 1 -10 -7 8 10 -5 7 -8 9 
9 2 5 4 5 9 -10 -6 3 1 4 3 6 6 2 3 -1 -3 -2 -11 
11 6 2 -8 8 2 8 7 5 1 4 11 8 -3 -4 3 6 11 10 6 
-6 8 0 8 6 1 5 -3 -6 10 7 7 8 4 -6 6 -6 6 4 -5 
1 1 1 9 -1 1 3 5 0 -8 -2 1 5 6 6 5 11 6 9 -4 
-4 9 6 11 5 6 6 5 1 -2 -8 0 5 3 1 -1 9 1 1 1 
-5 4 6 -6 6 -6 4 8 7 7 10 -6 -3 5 1 6 8 0 8 -6 
6 10 11 6 3 -4 -3 8 11 4 1 5 7 8 2 8 -8 2 6 11 
-11 -2 -3 -1 3 2 6 6 3 4 1 3 -6 -10 9 5 4 5 2 9 
9 -8 7 -5 10 8 -7 -10 1 2 7 0 7 0 3 -9 -2 4 7 6 
-1 11 3 4 -5 1 -2 0 9 2 2 1 10 1 7 2 -4 11 5 2 
7 2 -9 4 11 0 2 5 -11 3 10 -10 1 6 11 6 11 2 10 -8 
7 2 10 4 4 -10 5 -2 7 8 11 4 -7 7 9 4 8 4 5 3 
6 -7 6 4 7 5 7 -9 9 4 7 8 2 5 1 6 7 -1 -11 -8 
8 2 2 -9 6 -2 3 11 5 2 -2 -10 11 -9 11 2 -10 8 8 7 
60
1
16 17
3 2
0
0
