20 20
1 9 13 -1 8 -2 1 0 1 16 9 20 -16 13 -15 5 9 21 3 17 
0 8 13 18 13 5 11 -2 -4 8 18 16 21 9 -19 13 5 1 4 11 
6 4 18 21 14 3 15 11 12 -18 20 4 9 20 -1 -13 -20 17 -6 8 
-12 13 5 0 -7 -14 13 -10 18 0 -6 13 -16 2 2 -3 8 8 -4 16 
-2 19 14 1 -13 10 9 -5 -15 5 20 -5 3 12 13 6 15 9 12 -8 
5 11 10 -1 20 9 -14 13 13 10 12 20 20 7 8 -16 8 11 -21 -14 
3 8 21 10 21 21 18 18 -21 1 0 8 -18 21 15 15 18 20 16 8 
-17 4 -12 13 -20 21 13 16 15 9 10 3 11 14 -5 -6 5 1 6 20 
-19 19 -2 8 4 19 15 20 4 -3 -20 21 -4 10 4 15 -9 10 5 10 
-6 21 8 18 -5 2 4 10 -8 8 14 14 15 7 4 8 20 -4 -7 15 
15 -7 -4 20 8 4 7 15 14 14 8 -8 10 4 2 -5 18 8 21 -6 
10 5 10 -9 15 4 10 -4 21 -20 -3 4 20 15 19 4 8 -2 19 -19 
20 6 1 5 -6 -5 14 11 3 10 9 15 16 13 21 -20 13 -12 4 -17 
8 16 20 18 15 15 21 -18 8 0 1 -21 18 18 21 21 10 21 8 3 
-14 -21 11 8 -16 8 7 20 20 12 10 13 13 -14 9 20 -1 10 11 5 
-8 12 9 15 6 13 12 3 -5 20 5 -15 -5 9 10 -13 1 14 19 -2 
16 -4 8 8 -3 2 2 -16 13 -6 0 18 -10 13 -14 -7 0 5 13 -12 
8 -6 17 -20 -13 -1 20 9 4 20 -18 12 11 15 3 14 21 18 4 6 
11 4 1 5 13 -19 9 21 16 18 8 -4 -2 11 5 13 18 13 8 0 
17 3 21 9 5 -15 13 -16 20 9 16 1 0 1 -2 8 -1 13 9 1 
73
1
0 10
19 9
0
0
