20 20
5 8 11 7 -16 12 -1 15 7 11 -16 4 16 16 13 -3 1 12 -8 16 
-8 -3 4 -8 -5 13 8 7 14 -2 3 5 -4 7 5 14 -7 12 12 2 
7 10 2 -3 9 0 3 8 13 -2 1 -15 -5 8 7 17 7 9 8 -7 
-9 -17 9 7 -8 -14 8 17 6 5 -5 8 7 -12 9 8 15 2 3 -13 
5 15 -11 1 0 -11 10 9 -4 5 3 4 7 8 8 11 -12 15 1 7 
1 10 15 1 5 -17 -7 14 1 13 -15 2 -3 3 7 10 16 10 2 -1 
5 -10 15 15 -2 8 17 12 16 -12 6 3 15 9 6 14 4 -9 17 2 
15 3 -14 14 6 5 -13 12 6 -7 -8 8 6 -3 13 1 -1 17 12 16 
12 5 14 1 -11 17 14 0 9 13 3 -12 -12 10 -7 6 1 2 -5 10 
13 5 14 6 -14 3 -9 4 16 6 10 -16 -5 9 -13 13 4 17 -15 15 
15 -15 17 4 13 -13 9 -5 -16 10 6 16 4 -9 3 -14 6 14 5 13 
10 -5 2 1 6 -7 10 -12 -12 3 13 9 0 14 17 -11 1 14 5 12 
16 12 17 -1 1 13 -3 6 8 -8 -7 6 12 -13 5 6 14 -14 3 15 
2 17 -9 4 14 6 9 15 3 6 -12 16 12 17 8 -2 15 15 -10 5 
-1 2 10 16 10 7 3 -3 2 -15 13 1 14 -7 -17 5 1 15 10 1 
7 1 15 -12 11 8 8 7 4 3 5 -4 9 10 -11 0 1 -11 15 5 
-13 3 2 15 8 9 -12 7 8 -5 5 6 17 8 -14 -8 7 9 -17 -9 
-7 8 9 7 17 7 8 -5 -15 1 -2 13 8 3 0 9 -3 2 10 7 
2 12 12 -7 14 5 7 -4 5 3 -2 14 7 8 13 -5 -8 4 -3 -8 
16 -8 12 1 -3 13 16 16 4 -16 11 7 15 -1 12 -16 7 11 8 5 
151
1
10 15
9 4
0
0
