20 20
10 21 -23 -17 3 14 19 -6 13 19 -28 -26 8 2 0 -19 24 28 2 2 
14 9 -23 2 17 6 14 27 11 -7 20 19 1 12 3 22 12 23 11 26 
-5 -7 17 16 21 7 25 27 14 27 18 -11 21 4 27 7 -14 -10 -9 21 
2 16 -16 0 -5 1 21 1 -1 24 13 27 14 26 9 28 25 20 28 19 
22 -21 -14 23 17 -25 10 18 -16 17 -11 25 6 1 -10 -11 27 10 13 21 
7 20 -24 27 21 22 15 12 -17 -2 23 21 -11 1 27 7 7 -14 24 26 
-26 17 4 4 8 4 14 7 -24 17 19 17 23 -6 9 11 12 -19 13 -24 
23 9 2 26 -2 28 17 5 23 1 -9 -13 16 -24 27 9 -27 -8 11 12 
10 11 13 15 15 4 -22 17 -26 9 3 20 -1 24 26 18 1 3 7 24 
-2 13 21 -4 -23 -6 17 -27 -4 -18 -14 4 15 14 27 -5 12 17 21 -24 
-24 21 17 12 -5 27 14 15 4 -14 -18 -4 -27 17 -6 -23 -4 21 13 -2 
24 7 3 1 18 26 24 -1 20 3 9 -26 17 -22 4 15 15 13 11 10 
12 11 -8 -27 9 27 -24 16 -13 -9 1 23 5 17 28 -2 26 2 9 23 
-24 13 -19 12 11 9 -6 23 17 19 17 -24 7 14 4 8 4 4 17 -26 
26 24 -14 7 7 27 1 -11 21 23 -2 -17 12 15 22 21 27 -24 20 7 
21 13 10 27 -11 -10 1 6 25 -11 17 -16 18 10 -25 17 23 -14 -21 22 
19 28 20 25 28 9 26 14 27 13 24 -1 1 21 1 -5 0 -16 16 2 
21 -9 -10 -14 7 27 4 21 -11 18 27 14 27 25 7 21 16 17 -7 -5 
26 11 23 12 22 3 12 1 19 20 -7 11 27 14 6 17 2 -23 9 14 
2 2 28 24 -19 0 2 8 -26 -28 19 13 -6 19 14 3 -17 -23 21 10 
82
1
16 8
3 11
0
0
