20 20
-14 5 13 -13 16 14 4 11 -3 3 -10 11 -15 10 5 2 -4 13 -8 15 
9 -3 -9 -9 3 10 16 5 -6 10 6 -1 -8 5 0 0 4 9 16 7 
10 3 -8 -1 13 7 5 4 12 6 13 5 -12 -11 1 5 14 -2 8 7 
15 -7 11 3 13 12 -9 7 3 6 10 5 5 12 -5 7 -4 7 1 12 
10 10 3 -15 6 9 8 5 -14 10 3 5 8 3 2 -8 15 -11 14 16 
6 11 6 12 15 -3 6 16 12 -5 -11 8 3 14 12 -12 7 -14 14 5 
5 1 6 0 10 4 -14 -16 7 0 3 1 1 10 -16 2 15 9 12 6 
-14 -5 0 11 5 15 10 -16 13 -7 -9 9 -2 -15 4 -4 8 -2 -7 -9 
9 15 7 -6 4 12 10 -12 8 15 13 -4 2 10 3 7 15 -15 -5 2 
-12 -13 9 11 12 8 2 -13 14 -2 3 16 -4 3 -6 14 5 7 12 13 
13 12 7 5 14 -6 3 -4 16 3 -2 14 -13 2 8 12 11 9 -13 -12 
2 -5 -15 15 7 3 10 2 -4 13 15 8 -12 10 12 4 -6 7 15 9 
-9 -7 -2 8 -4 4 -15 -2 9 -9 -7 13 -16 10 15 5 11 0 -5 -14 
6 12 9 15 2 -16 10 1 1 3 0 7 -16 -14 4 10 0 6 1 5 
5 14 -14 7 -12 12 14 3 8 -11 -5 12 16 6 -3 15 12 6 11 6 
16 14 -11 15 -8 2 3 8 5 3 10 -14 5 8 9 6 -15 3 10 10 
12 1 7 -4 7 -5 12 5 5 10 6 3 7 -9 12 13 3 11 -7 15 
7 8 -2 14 5 1 -11 -12 5 13 6 12 4 5 7 13 -1 -8 3 10 
7 16 9 4 0 0 5 -8 -1 6 10 -6 5 16 10 3 -9 -9 -3 9 
15 -8 13 -4 2 5 10 -15 11 -10 3 -3 11 4 14 16 -13 13 5 -14 
98
1
15 10
4 9
0
0
