20 20
-4 -1 2 2 9 -4 14 13 -9 -13 9 -3 2 12 2 5 -9 13 -4 8 
9 -9 14 0 0 -4 10 5 5 14 13 11 -9 12 -11 10 5 4 5 7 
0 2 -9 2 2 8 12 -9 11 -9 13 -6 -3 14 14 3 13 -14 9 13 
11 -2 6 -7 14 2 9 0 -9 -14 10 9 7 -10 8 5 3 0 8 6 
12 7 11 4 4 10 10 10 4 8 9 12 -9 13 3 10 3 5 7 6 
13 2 10 5 8 5 5 11 11 13 5 4 -12 4 2 13 13 14 11 -11 
13 8 5 -3 -2 -7 -6 6 1 -2 -9 9 14 -3 2 13 6 5 -2 9 
-1 14 12 11 1 8 4 -9 13 8 -4 13 0 7 10 6 10 14 9 5 
7 0 6 2 11 7 11 6 11 2 13 14 1 -2 13 -14 1 7 10 6 
14 2 12 7 11 8 10 12 6 13 14 1 1 2 3 3 9 -4 -2 11 
11 -2 -4 9 3 3 2 1 1 14 13 6 12 10 8 11 7 12 2 14 
6 10 7 1 -14 13 -2 1 14 13 2 11 6 11 7 11 2 6 0 7 
5 9 14 10 6 10 7 0 13 -4 8 13 -9 4 8 1 11 12 14 -1 
9 -2 5 6 13 2 -3 14 9 -9 -2 1 6 -6 -7 -2 -3 5 8 13 
-11 11 14 13 13 2 4 -12 4 5 13 11 11 5 5 8 5 10 2 13 
6 7 5 3 10 3 13 -9 12 9 8 4 10 10 10 4 4 11 7 12 
6 8 0 3 5 8 -10 7 9 10 -14 -9 0 9 2 14 -7 6 -2 11 
13 9 -14 13 3 14 14 -3 -6 13 -9 11 -9 12 8 2 2 -9 2 0 
7 5 4 5 10 -11 12 -9 11 13 14 5 5 10 -4 0 0 14 -9 9 
8 -4 13 -9 5 2 12 2 -3 9 -13 -9 13 14 -4 9 2 2 -1 -4 
150
1
19 8
0 11
0
0
