20 20
-5 3 -4 1 5 7 8 7 -3 7 9 5 -3 6 -10 -1 -7 12 -2 4 
3 1 -12 6 -12 10 5 8 5 2 12 8 5 6 7 -4 -11 8 -4 9 
-6 10 1 9 -8 3 10 4 11 -3 -9 10 10 2 10 2 -5 8 1 1 
-5 -8 1 8 8 -11 0 4 9 3 5 12 11 2 -1 11 11 -9 6 7 
6 8 4 2 12 12 -9 -3 12 -2 -11 6 2 3 2 7 1 1 8 -6 
1 0 4 4 1 0 3 7 9 10 3 4 -10 -1 9 12 7 12 9 3 
7 -7 10 2 -7 9 11 6 12 9 0 -10 6 9 11 2 5 12 -7 -4 
-10 1 11 4 -4 9 1 -9 -3 -11 12 8 1 -3 7 7 8 12 2 6 
1 7 -2 -1 6 12 7 5 0 -5 -1 2 10 12 12 -10 -7 11 8 3 
6 3 10 -10 -1 12 10 -11 4 -4 10 7 7 12 -5 3 11 4 2 5 
5 2 4 11 3 -5 12 7 7 10 -4 4 -11 10 12 -1 -10 10 3 6 
3 8 11 -7 -10 12 12 10 2 -1 -5 0 5 7 12 6 -1 -2 7 1 
6 2 12 8 7 7 -3 1 8 12 -11 -3 -9 1 9 -4 4 11 1 -10 
-4 -7 12 5 2 11 9 6 -10 0 9 12 6 11 9 -7 2 10 -7 7 
3 9 12 7 12 9 -1 -10 4 3 10 9 7 3 0 1 4 4 0 1 
-6 8 1 1 7 2 3 2 6 -11 -2 12 -3 -9 12 12 2 4 8 6 
7 6 -9 11 11 -1 2 11 12 5 3 9 4 0 -11 8 8 1 -8 -5 
1 1 8 -5 2 10 2 10 10 -9 -3 11 4 10 3 -8 9 1 10 -6 
9 -4 8 -11 -4 7 6 5 8 12 2 5 8 5 10 -12 6 -12 1 3 
4 -2 12 -7 -1 -10 6 -3 5 9 7 -3 7 8 7 5 1 -4 3 -5 
113
1
12 3
7 16
0
0
