20 20
2 9 18 2 6 4 8 16 5 -10 -8 3 9 1 15 6 7 3 0 14 
3 5 14 10 -14 6 8 6 13 -15 19 -18 11 10 16 8 5 -16 8 2 
10 -4 15 19 7 1 14 3 3 -1 10 16 16 -6 17 1 10 16 5 -7 
15 -3 9 7 11 -16 2 18 -1 10 -4 -9 9 5 -2 1 11 4 0 19 
5 14 15 -10 -19 -11 -12 12 19 13 -17 19 17 17 -4 15 8 12 -6 -8 
6 -4 6 -16 16 18 3 0 11 11 2 3 1 15 13 0 6 17 16 4 
-9 -10 0 12 -19 -6 0 8 12 -17 9 -3 4 3 -10 19 1 2 5 -4 
12 9 3 -12 -6 -6 9 10 -7 -1 6 7 13 6 11 3 10 -14 3 6 
5 -13 16 2 12 13 19 16 4 -16 11 3 5 9 -2 18 -9 1 -16 16 
-8 14 -19 17 0 9 16 10 10 8 12 12 -19 12 16 12 11 4 4 10 
10 4 4 11 12 16 12 -19 12 12 8 10 10 16 9 0 17 -19 14 -8 
16 -16 1 -9 18 -2 9 5 3 11 -16 4 16 19 13 12 2 16 -13 5 
6 3 -14 10 3 11 6 13 7 6 -1 -7 10 9 -6 -6 -12 3 9 12 
-4 5 2 1 19 -10 3 4 -3 9 -17 12 8 0 -6 -19 12 0 -10 -9 
4 16 17 6 0 13 15 1 3 2 11 11 0 3 18 16 -16 6 -4 6 
-8 -6 12 8 15 -4 17 17 19 -17 13 19 12 -12 -11 -19 -10 15 14 5 
19 0 4 11 1 -2 5 9 -9 -4 10 -1 18 2 -16 11 7 9 -3 15 
-7 5 16 10 1 17 -6 16 16 10 -1 3 3 14 1 7 19 15 -4 10 
2 8 -16 5 8 16 10 11 -18 19 -15 13 6 8 6 -14 10 14 5 3 
14 0 3 7 6 15 1 9 3 -8 -10 5 16 8 4 6 2 18 9 2 
60
1
17 0
2 19
0
0
