20 20
-6 -3 -10 0 5 1 3 5 4 9 3 3 -10 -2 9 4 1 9 -3 3 
-4 -1 -1 6 1 -10 10 -4 1 7 4 6 -5 10 9 4 7 5 9 -9 
10 6 5 2 9 10 7 7 4 6 5 -3 -7 -3 9 1 -7 9 9 5 
9 4 5 1 8 -8 8 0 10 2 9 5 -10 8 -4 5 -4 -1 3 10 
8 8 3 5 1 1 7 7 10 10 9 10 1 4 10 2 9 -1 3 5 
-9 1 3 6 4 7 6 -8 8 -6 -3 9 -6 -4 -6 10 -1 -3 2 -8 
1 8 -4 0 3 4 4 5 7 -4 -9 0 4 -7 10 7 9 1 4 8 
3 -4 6 -6 8 -6 9 -8 2 5 1 6 5 1 2 8 0 -7 9 -8 
-7 -3 1 -4 -7 2 9 6 -6 5 6 3 6 5 8 8 -6 -6 1 -9 
9 -4 0 9 5 2 -4 6 2 6 7 8 6 -10 1 5 4 -5 -8 3 
3 -8 -5 4 5 1 -10 6 8 7 6 2 6 -4 2 5 9 0 -4 9 
-9 1 -6 -6 8 8 5 6 3 6 5 -6 6 9 2 -7 -4 1 -3 -7 
-8 9 -7 0 8 2 1 5 6 1 5 2 -8 9 -6 8 -6 6 -4 3 
8 4 1 9 7 10 -7 4 0 -9 -4 7 5 4 4 3 0 -4 8 1 
-8 2 -3 -1 10 -6 -4 -6 9 -3 -6 8 -8 6 7 4 6 3 1 -9 
5 3 -1 9 2 10 4 1 10 9 10 10 7 7 1 1 5 3 8 8 
10 3 -1 -4 5 -4 8 -10 5 9 2 10 0 8 -8 8 1 5 4 9 
5 9 9 -7 1 9 -3 -7 -3 5 6 4 7 7 10 9 2 5 6 10 
-9 9 5 7 4 9 10 -5 6 4 7 1 -4 10 -10 1 6 -1 -1 -4 
3 -3 9 1 4 9 -2 -10 3 3 9 4 5 3 1 5 0 -10 -3 -6 
101
1
19 15
0 4
0
0
