20 20
6 -24 -22 26 25 11 26 -3 16 24 24 -21 6 -27 -15 27 21 22 1 21 
1 24 24 -18 24 10 -4 -4 2 -1 9 16 -7 14 6 24 7 13 0 4 
10 -25 18 2 6 1 -24 20 12 -18 -24 0 14 6 28 -25 -21 28 26 -6 
14 -13 18 -16 16 11 9 -3 5 -13 -12 -2 -24 1 23 25 28 8 16 27 
10 26 25 7 -26 24 5 21 25 2 10 18 25 -18 -16 13 12 -8 -9 12 
6 20 7 19 19 -1 -1 27 20 19 14 9 20 18 1 -14 -16 4 18 8 
-6 25 -4 1 18 -25 1 27 24 -12 22 25 27 23 13 3 17 17 19 3 
7 -3 14 28 13 18 -4 24 -21 20 4 -13 22 5 -2 11 14 4 17 -23 
7 6 9 25 12 27 -10 4 23 -26 17 2 13 19 4 12 15 6 6 14 
15 -22 5 2 -3 28 23 -3 3 26 7 12 21 8 3 25 14 15 -18 17 
17 -18 15 14 25 3 8 21 12 7 26 3 -3 23 28 -3 2 5 -22 15 
14 6 6 15 12 4 19 13 2 17 -26 23 4 -10 27 12 25 9 6 7 
-23 17 4 14 11 -2 5 22 -13 4 20 -21 24 -4 18 13 28 14 -3 7 
3 19 17 17 3 13 23 27 25 22 -12 24 27 1 -25 18 1 -4 25 -6 
8 18 4 -16 -14 1 18 20 9 14 19 20 27 -1 -1 19 19 7 20 6 
12 -9 -8 12 13 -16 -18 25 18 10 2 25 21 5 24 -26 7 25 26 10 
27 16 8 28 25 23 1 -24 -2 -12 -13 5 -3 9 11 16 -16 18 -13 14 
-6 26 28 -21 -25 28 6 14 0 -24 -18 12 20 -24 1 6 2 18 -25 10 
4 0 13 7 24 6 14 -7 16 9 -1 2 -4 -4 10 24 -18 24 24 1 
21 1 22 21 27 -15 -27 6 -21 24 24 16 -3 26 11 25 26 -22 -24 6 
90
1
3 9
16 10
0
0
