20 20
5 13 0 -9 1 15 12 13 6 6 17 7 -16 10 1 -8 -2 15 6 1 
11 12 3 -1 -11 5 7 3 -14 13 11 16 11 15 5 11 2 15 14 5 
-2 9 -9 11 5 -8 5 4 8 15 16 2 -7 12 5 -1 10 3 13 -10 
12 17 12 3 7 14 2 -5 2 16 14 14 1 14 9 7 -14 -11 6 14 
1 15 5 5 9 9 -10 11 9 2 17 9 16 3 4 17 17 4 10 -16 
17 13 15 11 -3 0 8 -6 13 8 13 8 13 -8 -12 7 -6 8 13 9 
9 6 16 4 -6 5 -8 -3 10 17 12 12 -8 0 -5 -1 4 16 -17 8 
10 0 4 -6 8 17 9 16 4 13 -3 4 12 10 10 15 5 13 9 -1 
14 0 6 -4 11 5 15 13 5 16 16 11 5 7 5 15 16 -16 5 12 
13 14 9 15 4 2 10 6 16 -9 6 -14 14 -5 -9 9 9 -5 11 -4 
-4 11 -5 9 9 -9 -5 14 -14 6 -9 16 6 10 2 4 15 9 14 13 
12 5 -16 16 15 5 7 5 11 16 16 5 13 15 5 11 -4 6 0 14 
-1 9 13 5 15 10 10 12 4 -3 13 4 16 9 17 8 -6 4 0 10 
8 -17 16 4 -1 -5 0 -8 12 12 17 10 -3 -8 5 -6 4 16 6 9 
9 13 8 -6 7 -12 -8 13 8 13 8 13 -6 8 0 -3 11 15 13 17 
-16 10 4 17 17 4 3 16 9 17 2 9 11 -10 9 9 5 5 15 1 
14 6 -11 -14 7 9 14 1 14 14 16 2 -5 2 14 7 3 12 17 12 
-10 13 3 10 -1 5 12 -7 2 16 15 8 4 5 -8 5 11 -9 9 -2 
5 14 15 2 11 5 15 11 16 11 13 -14 3 7 5 -11 -1 3 12 11 
1 6 15 -2 -8 1 10 -16 7 17 6 6 13 12 15 1 -9 0 13 5 
77
1
3 4
16 15
0
0
