20 20
3 5 9 1 6 8 -13 15 -3 11 -7 -16 7 9 15 12 -9 1 -13 9 
13 3 2 16 6 -11 15 8 15 1 2 -2 6 1 3 12 -9 4 1 2 
-5 13 10 -8 3 14 13 11 7 -16 13 -7 12 -11 -5 3 6 17 8 2 
9 4 6 10 10 2 16 8 10 5 12 2 15 9 11 10 13 14 -14 -16 
11 15 1 4 1 -4 3 4 8 2 13 11 -12 15 16 7 2 11 3 5 
-12 17 4 16 15 16 5 -8 5 2 1 15 16 14 7 -10 1 3 6 3 
17 15 -16 10 11 3 -12 -14 1 -4 -15 17 4 3 -11 -1 11 8 7 0 
-9 -1 7 -17 -15 12 14 16 -8 8 -13 3 -3 8 2 3 -4 3 10 15 
6 -15 3 7 8 5 3 8 2 1 7 1 16 -2 13 16 -3 14 15 -17 
4 -2 -14 -13 -2 16 -9 3 14 12 4 9 17 10 4 14 -16 4 4 -6 
-6 4 4 -16 14 4 10 17 9 4 12 14 3 -9 16 -2 -13 -14 -2 4 
-17 15 14 -3 16 13 -2 16 1 7 1 2 8 3 5 8 7 3 -15 6 
15 10 3 -4 3 2 8 -3 3 -13 8 -8 16 14 12 -15 -17 7 -1 -9 
0 7 8 11 -1 -11 3 4 17 -15 -4 1 -14 -12 3 11 10 -16 15 17 
3 6 3 1 -10 7 14 16 15 1 2 5 -8 5 16 15 16 4 17 -12 
5 3 11 2 7 16 15 -12 11 13 2 8 4 3 -4 1 4 1 15 11 
-16 -14 14 13 10 11 9 15 2 12 5 10 8 16 2 10 10 6 4 9 
2 8 17 6 3 -5 -11 12 -7 13 -16 7 11 13 14 3 -8 10 13 -5 
2 1 4 -9 12 3 1 6 -2 2 1 15 8 15 -11 6 16 2 3 13 
9 -13 1 -9 12 15 9 7 -16 -7 11 -3 15 -13 8 6 1 9 5 3 
95
1
7 1
12 18
0
0
