20 20
-1 7 13 -18 -2 0 17 -8 10 5 11 -5 1 18 19 10 8 -2 1 5 
9 7 17 9 3 8 9 16 13 -17 -18 0 17 11 10 18 12 18 13 10 
-19 0 -10 18 12 1 -10 -8 -18 6 15 16 9 12 15 -19 6 -15 5 15 
19 -2 -9 4 5 9 19 17 3 0 18 -19 18 17 13 -7 8 2 9 4 
-19 15 4 18 10 8 13 7 7 -4 9 -3 18 -1 9 15 18 -1 -14 9 
16 6 0 13 7 15 14 9 16 11 14 1 4 13 -8 3 2 17 11 -11 
4 14 -3 -19 19 6 19 -5 -5 13 17 8 6 -11 -16 10 11 3 19 7 
18 -18 19 -19 -1 14 19 11 15 -15 9 19 9 7 5 18 9 1 -5 12 
-15 3 16 4 8 13 -2 18 13 -9 3 9 18 2 19 -15 1 14 5 4 
14 15 -17 12 -2 17 18 3 6 -13 -12 -7 -8 -15 -6 3 -1 7 3 -13 
-13 3 7 -1 3 -6 -15 -8 -7 -12 -13 6 3 18 17 -2 12 -17 15 14 
4 5 14 1 -15 19 2 18 9 3 -9 13 18 -2 13 8 4 16 3 -15 
12 -5 1 9 18 5 7 9 19 9 -15 15 11 19 14 -1 -19 19 -18 18 
7 19 3 11 10 -16 -11 6 8 17 13 -5 -5 19 6 19 -19 -3 14 4 
-11 11 17 2 3 -8 13 4 1 14 11 16 9 14 15 7 13 0 6 16 
9 -14 -1 18 15 9 -1 18 -3 9 -4 7 7 13 8 10 18 4 15 -19 
4 9 2 8 -7 13 17 18 -19 18 0 3 17 19 9 5 4 -9 -2 19 
15 5 -15 6 -19 15 12 9 16 15 6 -18 -8 -10 1 12 18 -10 0 -19 
10 13 18 12 18 10 11 17 0 -18 -17 13 16 9 8 3 9 17 7 9 
5 1 -2 8 10 19 18 1 -5 11 5 10 -8 17 0 -2 -18 13 7 -1 
61
1
3 9
16 10
0
0
