20 20
30 1 -6 10 5 -7 -22 6 22 -7 13 5 7 -30 -1 8 12 20 29 6 
18 29 -26 9 5 -21 12 17 28 14 13 5 17 12 4 -28 20 2 20 -5 
25 25 3 20 30 10 -19 19 30 -22 28 -11 12 21 -15 19 8 8 18 19 
2 -17 1 1 29 23 27 21 14 26 9 25 24 3 -5 5 16 26 16 11 
8 -1 -9 -19 4 28 27 1 24 19 -1 25 -22 12 7 -8 23 13 24 30 
-1 10 30 18 15 -6 20 6 -27 -7 2 18 1 18 21 1 11 0 2 5 
24 10 28 19 19 21 21 -17 -15 10 12 25 -17 29 20 14 22 -18 -6 19 
-6 21 7 12 15 7 7 23 18 15 20 24 -6 20 25 3 6 21 11 19 
29 24 13 21 1 9 28 -20 23 27 -10 28 16 19 22 9 23 1 -23 -5 
3 1 15 -3 24 6 26 28 -22 -7 17 -9 15 -2 21 -25 28 4 6 29 
29 6 4 28 -25 21 -2 15 -9 17 -7 -22 28 26 6 24 -3 15 1 3 
-5 -23 1 23 9 22 19 16 28 -10 27 23 -20 28 9 1 21 13 24 29 
19 11 21 6 3 25 20 -6 24 20 15 18 23 7 7 15 12 7 21 -6 
19 -6 -18 22 14 20 29 -17 25 12 10 -15 -17 21 21 19 19 28 10 24 
5 2 0 11 1 21 18 1 18 2 -7 -27 6 20 -6 15 18 30 10 -1 
30 24 13 23 -8 7 12 -22 25 -1 19 24 1 27 28 4 -19 -9 -1 8 
11 16 26 16 5 -5 3 24 25 9 26 14 21 27 23 29 1 1 -17 2 
19 18 8 8 19 -15 21 12 -11 28 -22 30 19 -19 10 30 20 3 25 25 
-5 20 2 20 -28 4 12 17 5 13 14 28 17 12 -21 5 9 -26 29 18 
6 29 20 12 8 -1 -30 7 5 13 -7 22 6 -22 -7 5 10 -6 1 30 
95
1
15 11
4 8
0
0
