20 20
14 -15 9 6 11 13 1 4 2 16 8 3 14 8 6 -9 1 12 15 2 
1 16 14 -9 12 8 4 14 -14 1 5 -12 8 -4 9 14 4 10 6 -10 
11 14 13 8 -15 0 5 -10 1 4 -13 9 0 -7 11 3 -5 2 -1 6 
16 15 1 12 -12 -13 -13 10 8 3 1 11 8 -15 4 14 -6 -10 9 -10 
13 16 16 -1 9 12 -1 0 -14 14 -12 3 14 14 8 -16 3 1 14 2 
-16 -4 5 11 16 15 -12 10 -6 -4 16 -12 4 7 -13 -14 7 13 -4 5 
-7 2 15 9 -6 9 13 16 1 7 7 -13 13 -12 -1 5 7 16 6 10 
8 13 9 12 9 4 9 12 9 13 -10 1 3 -3 12 -13 12 -2 13 1 
-13 -16 5 8 -6 1 4 10 -8 4 14 13 -15 -6 -8 14 10 4 2 8 
2 3 8 2 9 -15 10 15 14 1 6 5 3 6 -8 8 5 1 5 14 
14 5 1 5 8 -8 6 3 5 6 1 14 15 10 -15 9 2 8 3 2 
8 2 4 10 14 -8 -6 -15 13 14 4 -8 10 4 1 -6 8 5 -16 -13 
1 13 -2 12 -13 12 -3 3 1 -10 13 9 12 9 4 9 12 9 13 8 
10 6 16 7 5 -1 -12 13 -13 7 7 1 16 13 9 -6 9 15 2 -7 
5 -4 13 7 -14 -13 7 4 -12 16 -4 -6 10 -12 15 16 11 5 -4 -16 
2 14 1 3 -16 8 14 14 3 -12 14 -14 0 -1 12 9 -1 16 16 13 
-10 9 -10 -6 14 4 -15 8 11 1 3 8 10 -13 -13 -12 12 1 15 16 
6 -1 2 -5 3 11 -7 0 9 -13 4 1 -10 5 0 -15 8 13 14 11 
-10 6 10 4 14 9 -4 8 -12 5 1 -14 14 4 8 12 -9 14 16 1 
2 15 12 1 -9 6 8 14 3 8 16 2 4 1 13 11 6 9 -15 14 
97
1
13 8
6 11
0
0
