20 20
24 -26 22 -10 17 -3 2 -9 24 22 28 16 -14 -17 15 11 27 -27 9 5 
17 -10 15 6 0 -28 -2 27 8 12 10 4 25 8 27 25 8 6 -21 27 
28 10 -19 4 -1 13 -4 4 23 10 -1 2 -5 6 5 8 -12 1 15 -9 
-24 7 3 27 5 28 25 2 13 20 9 -17 -7 23 24 21 -15 -1 14 19 
-3 20 14 4 -22 22 2 14 24 28 10 -16 -27 26 17 22 7 -19 13 24 
23 2 -6 3 16 5 25 7 -3 15 -27 19 -5 8 8 25 18 -17 1 9 
28 -16 25 11 2 27 19 5 20 -9 4 15 1 15 22 21 -1 8 10 10 
6 -20 25 -18 25 10 -9 24 9 21 27 6 23 1 2 16 5 16 23 19 
4 8 14 7 13 14 -2 22 -18 -3 15 20 10 25 -24 18 6 -24 4 7 
20 -20 23 9 20 10 15 22 22 17 0 12 -26 1 11 24 24 21 -17 25 
25 -17 21 24 24 11 1 -26 12 0 17 22 22 15 10 20 9 23 -20 20 
7 4 -24 6 18 -24 25 10 20 15 -3 -18 22 -2 14 13 7 14 8 4 
19 23 16 5 16 2 1 23 6 27 21 9 24 -9 10 25 -18 25 -20 6 
10 10 8 -1 21 22 15 1 15 4 -9 20 5 19 27 2 11 25 -16 28 
9 1 -17 18 25 8 8 -5 19 -27 15 -3 7 25 5 16 3 -6 2 23 
24 13 -19 7 22 17 26 -27 -16 10 28 24 14 2 22 -22 4 14 20 -3 
19 14 -1 -15 21 24 23 -7 -17 9 20 13 2 25 28 5 27 3 7 -24 
-9 15 1 -12 8 5 6 -5 2 -1 10 23 4 -4 13 -1 4 -19 10 28 
27 -21 6 8 25 27 8 25 4 10 12 8 27 -2 -28 0 6 15 -10 17 
5 9 -27 27 11 15 -17 -14 16 28 22 24 -9 2 -3 17 -10 22 -26 24 
54
1
13 18
6 1
0
0
