20 20
6 -3 18 0 10 13 20 10 -20 1 -5 27 26 28 23 -11 -17 21 20 15 
14 23 2 -4 21 0 25 -22 8 16 4 17 29 21 -15 -22 27 24 3 18 
-25 -24 10 8 5 8 -8 2 26 -12 13 28 7 0 17 12 -24 -20 18 -27 
25 25 -21 -14 1 -18 22 19 -16 -25 14 25 -25 1 4 13 0 19 5 22 
19 24 20 -1 -20 12 -2 10 -27 7 -17 28 1 29 3 20 20 -3 -21 -1 
18 1 7 7 23 21 -12 -5 18 -25 9 -25 11 -6 13 6 29 6 3 6 
16 20 -8 15 2 -5 -9 15 -21 29 5 5 9 22 -25 13 10 24 7 4 
13 28 -7 22 29 25 19 7 20 -11 10 10 28 23 15 25 1 20 13 15 
19 8 6 -1 17 13 14 12 20 -4 26 -18 16 -25 28 10 6 8 7 16 
1 -25 17 24 28 22 21 19 -29 17 16 19 3 7 -15 24 22 16 2 23 
23 2 16 22 24 -15 7 3 19 16 17 -29 19 21 22 28 24 17 -25 1 
16 7 8 6 10 28 -25 16 -18 26 -4 20 12 14 13 17 -1 6 8 19 
15 13 20 1 25 15 23 28 10 10 -11 20 7 19 25 29 22 -7 28 13 
4 7 24 10 13 -25 22 9 5 5 29 -21 15 -9 -5 2 15 -8 20 16 
6 3 6 29 6 13 -6 11 -25 9 -25 18 -5 -12 21 23 7 7 1 18 
-1 -21 -3 20 20 3 29 1 28 -17 7 -27 10 -2 12 -20 -1 20 24 19 
22 5 19 0 13 4 1 -25 25 14 -25 -16 19 22 -18 1 -14 -21 25 25 
-27 18 -20 -24 12 17 0 7 28 13 -12 26 2 -8 8 5 8 10 -24 -25 
18 3 24 27 -22 -15 21 29 17 4 16 8 -22 25 0 21 -4 2 23 14 
15 20 21 -17 -11 23 28 26 27 -5 1 -20 10 20 13 10 0 18 -3 6 
134
1
14 1
5 18
0
0
