20 20
12 -2 7 11 13 -4 5 2 1 6 14 10 14 -7 4 12 9 10 3 7 
4 -12 11 3 14 -4 11 8 -14 -13 0 -1 11 10 4 2 13 10 2 14 
8 2 -6 12 6 0 0 8 8 5 -14 0 -10 7 7 -11 -3 5 -12 5 
-5 6 10 12 14 9 10 0 13 7 -10 0 13 -5 6 9 14 3 5 5 
-10 -6 3 12 -1 -13 10 12 13 4 13 -8 -6 -8 8 -5 9 5 1 6 
2 14 3 -5 7 12 2 3 11 -12 1 14 8 3 -2 3 3 -4 8 -3 
12 1 6 1 14 5 13 4 7 1 14 13 13 0 -6 12 10 -4 13 9 
-7 0 2 2 7 7 -7 -13 -6 8 12 13 8 11 -10 14 14 13 10 -2 
6 -7 4 6 5 13 9 6 11 -4 12 5 11 14 5 4 4 10 0 -2 
8 0 2 7 8 -14 -13 5 -4 3 9 -13 1 1 7 -4 14 5 9 12 
12 9 5 14 -4 7 1 1 -13 9 3 -4 5 -13 -14 8 7 2 0 8 
-2 0 10 4 4 5 14 11 5 12 -4 11 6 9 13 5 6 4 -7 6 
-2 10 13 14 14 -10 11 8 13 12 8 -6 -13 -7 7 7 2 2 0 -7 
9 13 -4 10 12 -6 0 13 13 14 1 7 4 13 5 14 1 6 1 12 
-3 8 -4 3 3 -2 3 8 14 1 -12 11 3 2 12 7 -5 3 14 2 
6 1 5 9 -5 8 -8 -6 -8 13 4 13 12 10 -13 -1 12 3 -6 -10 
5 5 3 14 9 6 -5 13 0 -10 7 13 0 10 9 14 12 10 6 -5 
5 -12 5 -3 -11 7 7 -10 0 -14 5 8 8 0 0 6 12 -6 2 8 
14 2 10 13 2 4 10 11 -1 0 -13 -14 8 11 -4 14 3 11 -12 4 
7 3 10 9 12 4 -7 14 10 14 6 1 2 5 -4 13 11 7 -2 12 
63
1
0 3
19 16
0
0
