20 20
2 5 -19 20 16 15 12 3 -5 3 7 -1 8 7 3 18 19 -3 6 2 
20 17 3 13 12 21 -10 -14 17 -11 8 11 -2 7 10 9 12 -4 -6 13 
6 0 11 9 3 15 14 -7 4 18 -6 14 17 -1 6 -2 -15 17 5 2 
20 20 9 16 -10 13 12 -16 6 10 16 6 4 1 7 2 14 -1 -13 2 
20 -7 9 -7 15 9 10 12 10 14 18 17 14 15 16 8 3 -16 3 11 
-16 8 9 16 0 -9 5 8 9 13 16 5 6 19 0 10 5 20 7 19 
-6 5 18 21 0 13 19 10 2 -13 -8 14 3 20 -10 10 0 15 -20 8 
4 19 2 14 11 4 -18 2 6 6 3 6 -14 6 -1 -9 10 0 9 -15 
1 8 -10 19 13 6 17 5 -2 1 4 -7 20 5 18 -10 -18 1 7 -3 
20 10 19 20 18 0 4 -2 21 4 0 18 -4 10 17 4 0 5 6 -1 
-1 6 5 0 4 17 10 -4 18 0 4 21 -2 4 0 18 20 19 10 20 
-3 7 1 -18 -10 18 5 20 -7 4 1 -2 5 17 6 13 19 -10 8 1 
-15 9 0 10 -9 -1 6 -14 6 3 6 6 2 -18 4 11 14 2 19 4 
8 -20 15 0 10 -10 20 3 14 -8 -13 2 10 19 13 0 21 18 5 -6 
19 7 20 5 10 0 19 6 5 16 13 9 8 5 -9 0 16 9 8 -16 
11 3 -16 3 8 16 15 14 17 18 14 10 12 10 9 15 -7 9 -7 20 
2 -13 -1 14 2 7 1 4 6 16 10 6 -16 12 13 -10 16 9 20 20 
2 5 17 -15 -2 6 -1 17 14 -6 18 4 -7 14 15 3 9 11 0 6 
13 -6 -4 12 9 10 7 -2 11 8 -11 17 -14 -10 21 12 13 3 17 20 
2 6 -3 19 18 3 7 8 -1 7 3 -5 3 12 15 16 20 -19 5 2 
77
1
15 19
4 0
0
0
