20 20
8 5 13 10 -19 21 -12 10 4 2 -5 -28 20 15 27 -22 18 -26 14 -18 
27 -3 -15 -21 13 -14 -26 12 19 -5 -4 -26 -29 -27 24 10 -3 20 19 11 
-3 12 21 -24 6 -16 6 23 7 0 9 29 -12 16 -29 21 7 -4 -9 18 
27 1 22 21 1 27 7 -26 9 -17 0 24 13 20 8 21 -27 9 23 1 
11 5 1 8 17 -26 9 0 5 22 27 20 17 -20 10 5 25 -14 15 13 
-18 10 24 24 27 28 27 25 -23 14 18 26 5 -18 14 22 -24 2 4 11 
4 24 17 17 27 -11 24 4 18 20 26 19 5 1 11 21 11 -6 5 17 
5 -6 23 29 14 27 19 28 7 2 1 20 8 1 10 21 19 13 22 20 
25 2 21 -2 -15 12 16 18 20 25 20 26 27 14 7 5 29 -14 -1 -20 
24 28 27 10 7 10 17 5 9 11 -8 2 25 -18 5 13 23 -11 -22 14 
14 -22 -11 23 13 5 -18 25 2 -8 11 9 5 17 10 7 10 27 28 24 
-20 -1 -14 29 5 7 14 27 26 20 25 20 18 16 12 -15 -2 21 2 25 
20 22 13 19 21 10 1 8 20 1 2 7 28 19 27 14 29 23 -6 5 
17 5 -6 11 21 11 1 5 19 26 20 18 4 24 -11 27 17 17 24 4 
11 4 2 -24 22 14 -18 5 26 18 14 -23 25 27 28 27 24 24 10 -18 
13 15 -14 25 5 10 -20 17 20 27 22 5 0 9 -26 17 8 1 5 11 
1 23 9 -27 21 8 20 13 24 0 -17 9 -26 7 27 1 21 22 1 27 
18 -9 -4 7 21 -29 16 -12 29 9 0 7 23 6 -16 6 -24 21 12 -3 
11 19 20 -3 10 24 -27 -29 -26 -4 -5 19 12 -26 -14 13 -21 -15 -3 27 
-18 14 -26 18 -22 27 15 20 -28 -5 2 4 10 -12 21 -19 10 13 5 8 
179
1
1 9
18 10
0
0
