20 20
-1 17 -24 -8 21 25 -4 21 20 -1 18 11 18 17 -15 28 1 22 -7 -23 
6 4 3 5 -8 10 -8 -17 19 21 13 12 -5 23 -2 1 15 3 10 0 
29 -18 -10 -2 20 -10 12 9 1 2 16 20 19 5 20 -6 3 28 28 26 
20 1 3 28 -25 7 15 -20 11 3 22 16 10 20 6 12 6 0 16 -13 
7 -28 15 10 3 2 20 5 7 3 18 -20 -21 16 26 8 28 13 3 15 
25 17 -20 15 16 -29 18 -23 20 -7 25 -4 5 -12 29 4 1 25 27 6 
22 14 29 26 4 -12 2 -19 29 15 -15 -6 4 -2 13 2 -14 7 15 -1 
13 18 2 28 25 -29 22 -20 14 16 3 -4 8 20 14 -13 28 4 -29 25 
13 -7 -12 -14 10 -28 14 29 16 7 -27 26 -20 28 5 23 -25 5 21 10 
-1 7 29 2 25 1 14 13 23 5 26 1 13 0 28 -1 19 1 -9 5 
5 -9 1 19 -1 28 0 13 1 26 5 23 13 14 1 25 2 29 7 -1 
10 21 5 -25 23 5 28 -20 26 -27 7 16 29 14 -28 10 -14 -12 -7 13 
25 -29 4 28 -13 14 20 8 -4 3 16 14 -20 22 -29 25 28 2 18 13 
-1 15 7 -14 2 13 -2 4 -6 -15 15 29 -19 2 -12 4 26 29 14 22 
6 27 25 1 4 29 -12 5 -4 25 -7 20 -23 18 -29 16 15 -20 17 25 
15 3 13 28 8 26 16 -21 -20 18 3 7 5 20 2 3 10 15 -28 7 
-13 16 0 6 12 6 20 10 16 22 3 11 -20 15 7 -25 28 3 1 20 
26 28 28 3 -6 20 5 19 20 16 2 1 9 12 -10 20 -2 -10 -18 29 
0 10 3 15 1 -2 23 -5 12 13 21 19 -17 -8 10 -8 5 3 4 6 
-23 -7 22 1 28 -15 17 18 11 18 -1 20 21 -4 25 21 -8 -24 17 -1 
74
1
0 16
19 3
0
0
