20 20
7 0 11 11 6 9 2 -14 -14 -5 -10 1 -6 -14 0 11 10 10 4 7 
10 11 3 -13 -1 -1 4 5 12 11 14 -14 14 -9 0 8 9 11 12 9 
-3 10 4 2 13 12 8 11 11 7 9 3 8 3 -2 8 8 7 14 13 
10 -2 14 3 0 7 -11 4 1 8 14 0 2 -13 8 5 1 10 14 5 
-7 0 -10 4 -10 8 2 7 3 -8 14 13 -1 4 11 6 14 10 13 7 
9 -5 -13 4 9 5 1 5 3 4 14 -11 3 3 5 1 -9 14 -10 10 
2 13 -4 14 -13 6 13 13 1 -8 12 -13 12 7 12 13 10 7 1 5 
7 -6 -3 8 8 7 2 10 0 6 -2 8 11 5 0 6 3 1 14 9 
8 -6 2 -9 0 9 -6 11 -3 2 9 -5 -1 7 -1 -9 4 3 -1 13 
1 11 1 7 1 13 6 -3 9 -13 3 10 8 13 7 4 -7 -11 9 12 
12 9 -11 -7 4 7 13 8 10 3 -13 9 -3 6 13 1 7 1 11 1 
13 -1 3 4 -9 -1 7 -1 -5 9 2 -3 11 -6 9 0 -9 2 -6 8 
9 14 1 3 6 0 5 11 8 -2 6 0 10 2 7 8 8 -3 -6 7 
5 1 7 10 13 12 7 12 -13 12 -8 1 13 13 6 -13 14 -4 13 2 
10 -10 14 -9 1 5 3 3 -11 14 4 3 5 1 5 9 4 -13 -5 9 
7 13 10 14 6 11 4 -1 13 14 -8 3 7 2 8 -10 4 -10 0 -7 
5 14 10 1 5 8 -13 2 0 14 8 1 4 -11 7 0 3 14 -2 10 
13 14 7 8 8 -2 3 8 3 9 7 11 11 8 12 13 2 4 10 -3 
9 12 11 9 8 0 -9 14 -14 14 11 12 5 4 -1 -1 -13 3 11 10 
7 4 10 10 11 0 -14 -6 1 -10 -5 -14 -14 2 9 6 11 11 0 7 
163
1
10 2
9 17
0
0
