20 20
-29 -23 21 20 4 12 19 7 10 -10 29 22 -2 26 8 20 3 -9 -1 9 
7 -7 23 7 27 10 -2 22 -27 1 10 16 15 20 10 7 27 22 16 20 
3 15 -20 7 2 1 20 15 0 19 7 29 14 29 1 2 6 22 -11 23 
-14 21 15 15 1 4 23 4 4 11 14 21 5 22 -14 22 -12 24 -25 20 
23 -18 9 3 29 -16 27 -17 -28 20 3 23 25 10 8 -7 1 16 17 10 
9 -21 14 8 23 25 0 22 -22 10 -26 1 -27 -19 -25 -27 14 25 16 27 
-14 24 8 5 21 7 23 -16 15 29 29 12 27 -9 -28 24 15 12 20 4 
18 8 24 -22 6 12 11 10 -19 4 -24 7 5 24 11 12 11 -18 22 -8 
29 -16 -28 13 -23 2 -20 9 16 21 -8 2 5 7 29 9 4 23 -25 15 
-17 25 14 26 21 16 -22 23 21 -25 17 17 18 11 -28 17 20 21 19 24 
24 19 21 20 17 -28 11 18 17 17 -25 21 23 -22 16 21 26 14 25 -17 
15 -25 23 4 9 29 7 5 2 -8 21 16 9 -20 2 -23 13 -28 -16 29 
-8 22 -18 11 12 11 24 5 7 -24 4 -19 10 11 12 6 -22 24 8 18 
4 20 12 15 24 -28 -9 27 12 29 29 15 -16 23 7 21 5 8 24 -14 
27 16 25 14 -27 -25 -19 -27 1 -26 10 -22 22 0 25 23 8 14 -21 9 
10 17 16 1 -7 8 10 25 23 3 20 -28 -17 27 -16 29 3 9 -18 23 
20 -25 24 -12 22 -14 22 5 21 14 11 4 4 23 4 1 15 15 21 -14 
23 -11 22 6 2 1 29 14 29 7 19 0 15 20 1 2 7 -20 15 3 
20 16 22 27 7 10 20 15 16 10 1 -27 22 -2 10 27 7 23 -7 7 
9 -1 -9 3 20 8 26 -2 22 29 -10 10 7 19 12 4 20 21 -23 -29 
77
1
4 7
15 12
0
0
