20 20
7 11 -11 3 10 7 2 9 9 2 11 11 -11 10 -2 2 -10 5 3 11 
-6 -1 5 9 9 -7 8 5 -3 11 6 8 4 -1 6 3 -9 5 2 -6 
-11 0 0 8 10 9 -4 9 1 5 -3 -1 4 5 2 9 7 2 -9 -5 
-8 1 7 -7 -11 7 4 0 5 4 6 7 -3 -1 -4 3 10 11 8 -8 
2 2 9 10 2 3 5 1 9 0 11 2 -11 0 -6 5 9 -11 10 8 
-5 1 4 5 9 -9 0 -5 -8 6 -5 -2 5 5 4 7 -7 11 9 -3 
2 -7 -1 8 9 8 2 4 -11 -10 7 2 9 1 11 6 2 -9 1 -2 
4 2 10 4 6 1 10 2 2 -2 1 0 7 -8 -4 -2 9 8 -2 -9 
3 5 -7 8 -8 10 1 -1 7 -7 11 7 2 3 7 10 9 3 1 8 
-4 11 1 11 4 9 6 4 2 -10 -6 5 0 4 -7 9 9 -6 7 2 
2 7 -6 9 9 -7 4 0 5 -6 -10 2 4 6 9 4 11 1 11 -4 
8 1 3 9 10 7 3 2 7 11 -7 7 -1 1 10 -8 8 -7 5 3 
-9 -2 8 9 -2 -4 -8 7 0 1 -2 2 2 10 1 6 4 10 2 4 
-2 1 -9 2 6 11 1 9 2 7 -10 -11 4 2 8 9 8 -1 -7 2 
-3 9 11 -7 7 4 5 5 -2 -5 6 -8 -5 0 -9 9 5 4 1 -5 
8 10 -11 9 5 -6 0 -11 2 11 0 9 1 5 3 2 10 9 2 2 
-8 8 11 10 3 -4 -1 -3 7 6 4 5 0 4 7 -11 -7 7 1 -8 
-5 -9 2 7 9 2 5 4 -1 -3 5 1 9 -4 9 10 8 0 0 -11 
-6 2 5 -9 3 6 -1 4 8 6 11 -3 5 8 -7 9 9 5 -1 -6 
11 3 5 -10 2 -2 10 -11 11 11 2 9 9 2 7 10 3 -11 11 7 
90
1
3 6
16 13
0
0
