20 20
5 -9 4 10 15 25 8 23 11 6 -6 -6 28 13 17 -16 16 19 8 15 
5 2 14 5 19 17 11 -19 10 27 16 -4 18 -18 -20 7 21 -27 -16 27 
23 25 28 9 26 -2 8 7 -23 6 8 22 16 19 18 9 -20 -9 12 9 
18 9 18 23 -4 -28 13 -15 16 6 15 -11 -27 28 -16 17 0 -24 6 25 
16 22 -22 -13 28 26 16 9 26 21 -6 -26 -26 3 9 0 11 -25 18 8 
24 6 -16 27 4 13 13 27 9 12 14 -22 24 1 13 16 7 27 13 -4 
19 -7 5 -6 11 14 5 -6 -21 -10 -14 -5 8 5 0 9 -13 17 9 17 
11 10 16 25 21 -24 4 27 9 21 26 11 24 -18 15 2 10 17 16 15 
19 25 14 2 5 5 23 15 -24 4 4 5 21 21 25 -13 10 26 1 13 
3 24 17 23 1 -24 9 27 15 15 2 1 5 19 26 26 13 1 24 24 
24 24 1 13 26 26 19 5 1 2 15 15 27 9 -24 1 23 17 24 3 
13 1 26 10 -13 25 21 21 5 4 4 -24 15 23 5 5 2 14 25 19 
15 16 17 10 2 15 -18 24 11 26 21 9 27 4 -24 21 25 16 10 11 
17 9 17 -13 9 0 5 8 -5 -14 -10 -21 -6 5 14 11 -6 5 -7 19 
-4 13 27 7 16 13 1 24 -22 14 12 9 27 13 13 4 27 -16 6 24 
8 18 -25 11 0 9 3 -26 -26 -6 21 26 9 16 26 28 -13 -22 22 16 
25 6 -24 0 17 -16 28 -27 -11 15 6 16 -15 13 -28 -4 23 18 9 18 
9 12 -9 -20 9 18 19 16 22 8 6 -23 7 8 -2 26 9 28 25 23 
27 -16 -27 21 7 -20 -18 18 -4 16 27 10 -19 11 17 19 5 14 2 5 
15 8 19 16 -16 17 13 28 -6 -6 6 11 23 8 25 15 10 4 -9 5 
88
1
8 18
11 1
0
0
