20 20
4 -17 19 17 26 21 -2 -28 7 -8 2 23 27 -18 7 18 8 26 -21 -16 
15 -21 15 29 12 16 5 22 9 5 22 -8 2 25 12 29 -5 27 9 15 
-20 9 26 26 -21 -14 25 19 24 -26 24 -9 17 -20 23 17 15 18 3 5 
-1 0 13 0 10 0 12 17 -20 -3 2 4 19 14 -2 20 3 2 3 -27 
5 27 20 12 4 27 3 -16 -3 4 19 25 -20 13 5 12 1 14 24 15 
21 7 7 2 -6 -28 11 12 14 27 -29 22 -9 6 13 17 4 -3 10 -2 
29 19 10 0 -26 16 12 26 22 -9 4 -17 -7 6 4 -10 11 -16 -29 9 
0 29 5 9 0 12 3 3 6 26 -20 22 -6 3 19 19 24 19 -7 22 
7 22 0 28 1 13 15 23 -24 -21 10 -1 14 23 12 0 20 1 25 19 
12 7 -12 17 17 13 17 29 7 7 20 14 -2 2 22 29 18 17 11 21 
21 11 17 18 29 22 2 -2 14 20 7 7 29 17 13 17 17 -12 7 12 
19 25 1 20 0 12 23 14 -1 10 -21 -24 23 15 13 1 28 0 22 7 
22 -7 19 24 19 19 3 -6 22 -20 26 6 3 3 12 0 9 5 29 0 
9 -29 -16 11 -10 4 6 -7 -17 4 -9 22 26 12 16 -26 0 10 19 29 
-2 10 -3 4 17 13 6 -9 22 -29 27 14 12 11 -28 -6 2 7 7 21 
15 24 14 1 12 5 13 -20 25 19 4 -3 -16 3 27 4 12 20 27 5 
-27 3 2 3 20 -2 14 19 4 2 -3 -20 17 12 0 10 0 13 0 -1 
5 3 18 15 17 23 -20 17 -9 24 -26 24 19 25 -14 -21 26 26 9 -20 
15 9 27 -5 29 12 25 2 -8 22 5 9 22 5 16 12 29 15 -21 15 
-16 -21 26 8 18 7 -18 27 23 2 -8 7 -28 -2 21 26 17 19 -17 4 
59
1
5 3
14 16
0
0
