20 20
0 8 -2 2 -9 -6 3 10 15 10 15 -2 7 -14 9 5 4 4 8 13 
3 -9 3 6 4 12 -1 4 6 3 -3 -1 6 12 5 -12 1 4 -14 15 
6 11 10 1 -7 11 9 5 4 2 8 -2 12 8 3 1 10 10 14 1 
13 0 12 6 -10 1 -7 1 6 8 -12 10 8 5 -2 -12 2 10 5 6 
4 4 -7 6 7 11 -9 -7 -11 1 11 10 11 11 11 1 8 -11 -7 4 
6 13 1 -7 -3 4 13 5 7 -13 3 -11 -15 12 7 7 -7 -3 3 10 
-6 -15 15 4 -6 8 8 -3 -2 -11 -1 2 1 12 10 9 12 4 13 14 
5 9 -2 15 -6 -13 5 5 2 0 3 -14 3 6 5 1 13 15 13 8 
-1 2 4 -9 13 5 10 6 3 -11 -6 1 1 15 9 5 -10 -5 5 -12 
-4 8 3 7 4 12 8 1 1 -4 2 15 -12 13 2 2 6 2 -8 10 
10 -8 2 6 2 2 13 -12 15 2 -4 1 1 8 12 4 7 3 8 -4 
-12 5 -5 -10 5 9 15 1 1 -6 -11 3 6 10 5 13 -9 4 2 -1 
8 13 15 13 1 5 6 3 -14 3 0 2 5 5 -13 -6 15 -2 9 5 
14 13 4 12 9 10 12 1 2 -1 -11 -2 -3 8 8 -6 4 15 -15 -6 
10 3 -3 -7 7 7 12 -15 -11 3 -13 7 5 13 4 -3 -7 1 13 6 
4 -7 -11 8 1 11 11 11 10 11 1 -11 -7 -9 11 7 6 -7 4 4 
6 5 10 2 -12 -2 5 8 10 -12 8 6 1 -7 1 -10 6 12 0 13 
1 14 10 10 1 3 8 12 -2 8 2 4 5 9 11 -7 1 10 11 6 
15 -14 4 1 -12 5 12 6 -1 -3 3 6 4 -1 12 4 6 3 -9 3 
13 8 4 4 5 9 -14 7 -2 15 10 15 10 3 -6 -9 2 -2 8 0 
144
1
2 16
17 3
0
0
