20 20
-10 24 24 1 -25 -12 23 -22 -18 15 17 15 -11 7 -19 17 -2 7 -20 16 
19 24 2 -8 1 -25 15 2 -12 20 22 24 16 -25 20 9 -9 -14 19 14 
21 20 -14 12 -7 15 26 2 3 4 21 -7 10 19 24 14 15 -3 5 -19 
0 23 19 24 -5 12 15 -22 15 11 6 -12 16 24 11 8 8 17 -12 14 
-19 2 -23 21 -4 9 24 9 -24 22 8 9 10 3 0 3 8 18 -3 15 
3 24 -8 2 -16 16 5 12 24 26 23 -6 14 20 19 7 4 3 -24 -6 
17 21 -26 -22 26 20 0 21 0 21 6 16 5 25 -12 2 21 -16 -20 2 
7 18 -14 10 17 -5 20 14 8 5 12 9 23 11 -25 -11 -20 4 16 -22 
21 15 19 0 1 24 18 15 11 8 -2 14 6 -15 -21 24 18 -9 24 -19 
7 -11 -10 8 22 16 -23 21 -12 -15 12 -5 -20 5 12 7 11 8 26 -25 
-25 26 8 11 7 12 5 -20 -5 12 -15 -12 21 -23 16 22 8 -10 -11 7 
-19 24 -9 18 24 -21 -15 6 14 -2 8 11 15 18 24 1 0 19 15 21 
-22 16 4 -20 -11 -25 11 23 9 12 5 8 14 20 -5 17 10 -14 18 7 
2 -20 -16 21 2 -12 25 5 16 6 21 0 21 0 20 26 -22 -26 21 17 
-6 -24 3 4 7 19 20 14 -6 23 26 24 12 5 16 -16 2 -8 24 3 
15 -3 18 8 3 0 3 10 9 8 22 -24 9 24 9 -4 21 -23 2 -19 
14 -12 17 8 8 11 24 16 -12 6 11 15 -22 15 12 -5 24 19 23 0 
-19 5 -3 15 14 24 19 10 -7 21 4 3 2 26 15 -7 12 -14 20 21 
14 19 -14 -9 9 20 -25 16 24 22 20 -12 2 15 -25 1 -8 2 24 19 
16 -20 7 -2 17 -19 7 -11 15 17 15 -18 -22 23 -12 -25 1 24 24 -10 
54
1
9 19
10 0
0
0
