20 20
24 4 6 2 14 6 6 -11 5 19 2 24 4 2 2 4 6 10 -7 16 
-24 -7 12 6 19 -18 -17 14 20 8 19 25 24 -20 3 5 23 5 -17 8 
20 19 0 12 15 12 17 25 6 15 -11 -3 -25 14 20 7 6 -2 12 5 
20 -20 19 21 -25 3 -18 6 23 12 11 19 20 4 -25 15 7 12 24 -14 
3 -22 -13 11 24 14 7 -12 2 6 8 25 12 25 18 9 25 13 2 17 
18 11 10 -19 18 -23 19 1 9 8 -20 12 -6 12 9 -12 21 -16 4 -11 
8 -7 15 19 4 14 -5 23 8 2 4 25 22 17 16 20 5 5 -17 16 
24 1 1 -21 22 -7 12 12 10 -14 20 5 13 14 3 -16 4 -16 2 9 
4 3 12 25 21 -3 15 14 -10 18 -10 18 3 5 11 6 -7 9 17 16 
24 15 -16 -9 18 5 3 -18 19 5 22 -23 -25 -20 22 -21 -3 17 4 1 
1 4 17 -3 -21 22 -20 -25 -23 22 5 19 -18 3 5 18 -9 -16 15 24 
16 17 9 -7 6 11 5 3 18 -10 18 -10 14 15 -3 21 25 12 3 4 
9 2 -16 4 -16 3 14 13 5 20 -14 10 12 12 -7 22 -21 1 1 24 
16 -17 5 5 20 16 17 22 25 4 2 8 23 -5 14 4 19 15 -7 8 
-11 4 -16 21 -12 9 12 -6 12 -20 8 9 1 19 -23 18 -19 10 11 18 
17 2 13 25 9 18 25 12 25 8 6 2 -12 7 14 24 11 -13 -22 3 
-14 24 12 7 15 -25 4 20 19 11 12 23 6 -18 3 -25 21 19 -20 20 
5 12 -2 6 7 20 14 -25 -3 -11 15 6 25 17 12 15 12 0 19 20 
8 -17 5 23 5 3 -20 24 25 19 8 20 14 -17 -18 19 6 12 -7 -24 
16 -7 10 6 4 2 2 4 24 2 19 5 -11 6 6 14 2 6 4 24 
92
1
0 2
19 17
0
0
