20 20
2 11 9 19 18 10 4 10 21 15 17 16 7 12 13 14 18 8 4 2 
19 4 17 16 -7 15 15 16 3 23 8 4 9 4 -18 19 -20 22 2 18 
4 -15 23 22 1 -17 -15 -2 -5 -17 -20 19 6 -2 4 2 -5 16 3 16 
8 16 3 13 -1 13 -19 -18 0 7 -6 23 13 14 10 7 18 -14 22 17 
20 -5 21 17 3 -9 15 -19 3 0 18 13 -3 9 19 15 7 0 16 12 
6 0 -15 14 4 21 4 15 11 -9 8 19 1 13 -14 11 1 9 15 23 
12 -15 18 10 11 22 15 7 8 5 -16 8 8 -2 1 -10 22 -3 20 -8 
23 -18 6 13 21 -5 -18 12 1 8 12 13 11 6 19 -19 -8 7 9 17 
10 17 2 19 12 6 23 2 9 14 -5 13 6 -20 18 0 20 13 16 2 
-20 12 -8 16 18 -4 20 4 13 19 23 3 -21 15 8 3 4 19 10 18 
18 10 19 4 3 8 15 -21 3 23 19 13 4 20 -4 18 16 -8 12 -20 
2 16 13 20 0 18 -20 6 13 -5 14 9 2 23 6 12 19 2 17 10 
17 9 7 -8 -19 19 6 11 13 12 8 1 12 -18 -5 21 13 6 -18 23 
-8 20 -3 22 -10 1 -2 8 8 -16 5 8 7 15 22 11 10 18 -15 12 
23 15 9 1 11 -14 13 1 19 8 -9 11 15 4 21 4 14 -15 0 6 
12 16 0 7 15 19 9 -3 13 18 0 3 -19 15 -9 3 17 21 -5 20 
17 22 -14 18 7 10 14 13 23 -6 7 0 -18 -19 13 -1 13 3 16 8 
16 3 16 -5 2 4 -2 6 19 -20 -17 -5 -2 -15 -17 1 22 23 -15 4 
18 2 22 -20 19 -18 4 9 4 8 23 3 16 15 15 -7 16 17 4 19 
2 4 8 18 14 13 12 7 16 17 15 21 10 4 10 18 19 9 11 2 
136
1
12 11
7 8
0
0
