20 20
15 8 10 25 12 11 23 18 9 8 -7 23 16 10 20 11 4 14 21 23 
-22 22 8 13 6 15 1 -17 0 6 -20 25 19 18 13 -16 18 -25 -5 -17 
22 -21 19 12 -20 2 7 4 7 -13 5 13 -17 19 19 7 3 10 -5 15 
21 -11 10 16 22 13 20 -14 -24 24 14 7 -22 -19 -25 7 3 0 19 12 
6 -9 19 8 -24 -24 -5 11 -15 -9 3 25 25 -17 1 24 18 9 7 5 
-16 11 1 12 0 9 -9 -6 3 -13 21 23 -10 5 2 14 22 5 -14 5 
3 5 -4 21 1 17 6 15 20 -22 -20 -19 13 5 2 8 4 6 4 11 
21 5 -23 0 6 9 8 13 -20 -4 16 17 4 -24 22 -13 14 12 -6 25 
21 7 16 -14 10 22 20 1 -4 17 9 3 15 11 23 19 9 12 5 0 
-6 2 14 -4 13 -24 8 -16 6 22 0 7 20 15 14 10 15 7 -13 8 
8 -13 7 15 10 14 15 20 7 0 22 6 -16 8 -24 13 -4 14 2 -6 
0 5 12 9 19 23 11 15 3 9 17 -4 1 20 22 10 -14 16 7 21 
25 -6 12 14 -13 22 -24 4 17 16 -4 -20 13 8 9 6 0 -23 5 21 
11 4 6 4 8 2 5 13 -19 -20 -22 20 15 6 17 1 21 -4 5 3 
5 -14 5 22 14 2 5 -10 23 21 -13 3 -6 -9 9 0 12 1 11 -16 
5 7 9 18 24 1 -17 25 25 3 -9 -15 11 -5 -24 -24 8 19 -9 6 
12 19 0 3 7 -25 -19 -22 7 14 24 -24 -14 20 13 22 16 10 -11 21 
15 -5 10 3 7 19 19 -17 13 5 -13 7 4 7 2 -20 12 19 -21 22 
-17 -5 -25 18 -16 13 18 19 25 -20 6 0 -17 1 15 6 13 8 22 -22 
23 21 14 4 11 20 10 16 23 -7 8 9 18 23 11 12 25 10 8 15 
123
1
2 16
17 3
0
0
