20 20
25 8 11 11 -4 8 19 19 15 25 8 13 20 25 24 1 -5 2 24 16 
21 12 13 2 15 4 14 17 20 4 8 13 -23 12 9 10 23 7 24 14 
15 14 6 16 -7 22 15 18 -8 9 -23 11 23 -6 -19 3 23 3 18 5 
3 2 6 -4 0 -18 7 -25 -10 0 -13 24 15 13 -18 2 11 20 5 25 
18 2 12 10 17 24 1 14 1 4 21 20 25 24 8 14 18 19 11 14 
2 19 21 -9 23 20 16 25 12 24 9 25 4 13 23 6 -8 24 -10 8 
12 -23 -2 6 22 4 17 -3 20 10 -18 -11 10 -8 2 -5 15 21 10 -5 
25 23 12 1 24 -23 23 6 14 10 19 10 2 17 1 12 3 5 -7 8 
10 11 9 10 2 18 -17 19 -9 12 2 1 8 25 0 13 23 8 17 -21 
-4 7 4 12 21 13 4 25 9 -15 20 10 11 18 14 24 10 17 0 -4 
-4 0 17 10 24 14 18 11 10 20 -15 9 25 4 13 21 12 4 7 -4 
-21 17 8 23 13 0 25 8 1 2 12 -9 19 -17 18 2 10 9 11 10 
8 -7 5 3 12 1 17 2 10 19 10 14 6 23 -23 24 1 12 23 25 
-5 10 21 15 -5 2 -8 10 -11 -18 10 20 -3 17 4 22 6 -2 -23 12 
8 -10 24 -8 6 23 13 4 25 9 24 12 25 16 20 23 -9 21 19 2 
14 11 19 18 14 8 24 25 20 21 4 1 14 1 24 17 10 12 2 18 
25 5 20 11 2 -18 13 15 24 -13 0 -10 -25 7 -18 0 -4 6 2 3 
5 18 3 23 3 -19 -6 23 11 -23 9 -8 18 15 22 -7 16 6 14 15 
14 24 7 23 10 9 12 -23 13 8 4 20 17 14 4 15 2 13 12 21 
16 24 2 -5 1 24 25 20 13 8 25 15 19 19 8 -4 11 11 8 25 
96
1
2 6
17 13
0
0
