20 20
2 8 10 2 -2 3 2 -3 5 -6 -1 1 4 2 6 8 3 2 3 -3 
6 5 5 7 -4 6 -3 -10 4 5 4 3 7 7 6 5 9 8 2 9 
5 7 3 4 2 6 4 10 3 -5 6 5 -2 8 5 0 -3 7 4 -3 
-9 -3 7 1 -10 0 4 10 5 2 5 9 9 4 7 3 8 4 -4 0 
8 -7 6 9 1 4 -8 3 -10 6 4 8 8 9 4 -8 6 9 3 3 
10 0 -1 6 -1 3 10 9 1 3 0 4 -3 5 -2 -5 3 7 8 9 
1 8 10 7 9 8 3 -8 4 3 4 1 -3 -10 1 -5 -8 -3 6 2 
4 3 6 10 -2 9 4 9 9 10 4 2 5 8 8 2 9 3 7 -2 
9 6 -5 5 8 2 7 4 8 2 8 -2 8 -2 7 10 5 9 -7 3 
0 5 9 0 3 -2 10 8 4 6 6 9 10 8 4 3 -8 10 7 -5 
-5 7 10 -8 3 4 8 10 9 6 6 4 8 10 -2 3 0 9 5 0 
3 -7 9 5 10 7 -2 8 -2 8 2 8 4 7 2 8 5 -5 6 9 
-2 7 3 9 2 8 8 5 2 4 10 9 9 4 9 -2 10 6 3 4 
2 6 -3 -8 -5 1 -10 -3 1 4 3 4 -8 3 8 9 7 10 8 1 
9 8 7 3 -5 -2 5 -3 4 0 3 1 9 10 3 -1 6 -1 0 10 
3 3 9 6 -8 4 9 8 8 4 6 -10 3 -8 4 1 9 6 -7 8 
0 -4 4 8 3 7 4 9 9 5 2 5 10 4 0 -10 1 7 -3 -9 
-3 4 7 -3 0 5 8 -2 5 6 -5 3 10 4 6 2 4 3 7 5 
9 2 8 9 5 6 7 7 3 4 5 4 -10 -3 6 -4 7 5 5 6 
-3 3 2 3 8 6 2 4 1 -1 -6 5 -3 2 3 -2 2 10 8 2 
111
1
5 4
14 15
0
0
