20 20
6 -3 -8 11 -10 5 -8 12 -3 -4 12 5 4 16 13 2 13 16 2 9 
9 6 -6 6 13 -6 -11 -2 0 10 15 3 13 7 7 11 12 15 14 11 
-9 14 3 11 11 13 -6 8 0 9 5 8 11 9 15 9 16 0 11 -11 
12 7 -6 7 4 12 8 10 8 -2 -2 8 1 4 -10 -14 16 2 6 5 
2 -3 7 -6 5 0 1 -5 -14 -13 3 15 10 9 3 3 0 3 8 -15 
8 9 10 -13 11 12 2 16 15 10 3 -14 3 -3 12 11 11 10 6 7 
14 15 0 6 11 11 -13 10 -16 0 -1 -4 12 0 12 11 -16 16 11 -4 
10 6 1 2 0 0 -3 -6 -11 1 -7 1 -4 16 14 -10 10 2 9 14 
5 -12 16 1 8 -10 15 13 11 1 -1 4 -7 16 16 14 -5 1 2 7 
5 10 11 -4 11 11 -9 8 -13 3 11 9 8 -6 -11 12 -5 10 13 -4 
-4 13 10 -5 12 -11 -6 8 9 11 3 -13 8 -9 11 11 -4 11 10 5 
7 2 1 -5 14 16 16 -7 4 -1 1 11 13 15 -10 8 1 16 -12 5 
14 9 2 10 -10 14 16 -4 1 -7 1 -11 -6 -3 0 0 2 1 6 10 
-4 11 16 -16 11 12 0 12 -4 -1 0 -16 10 -13 11 11 6 0 15 14 
7 6 10 11 11 12 -3 3 -14 3 10 15 16 2 12 11 -13 10 9 8 
-15 8 3 0 3 3 9 10 15 3 -13 -14 -5 1 0 5 -6 7 -3 2 
5 6 2 16 -14 -10 4 1 8 -2 -2 8 10 8 12 4 7 -6 7 12 
-11 11 0 16 9 15 9 11 8 5 9 0 8 -6 13 11 11 3 14 -9 
11 14 15 12 11 7 7 13 3 15 10 0 -2 -11 -6 13 6 -6 6 9 
9 2 16 13 2 13 16 4 5 12 -4 -3 12 -8 5 -10 11 -8 -3 6 
117
1
5 3
14 16
0
0
