20 20
19 -15 4 -16 -18 14 1 23 23 27 -19 13 9 3 -6 17 27 17 0 11 
16 19 7 18 11 17 -4 7 24 12 8 22 3 8 14 -7 8 -12 6 27 
-2 10 22 7 18 19 21 -1 17 22 -27 -21 12 3 -4 16 23 27 2 19 
-20 -18 5 1 -25 -15 20 8 8 13 7 25 23 10 -9 -5 19 2 0 7 
13 2 19 22 -4 23 1 17 -26 9 6 22 0 -1 -23 7 4 12 16 -16 
22 26 7 -22 -24 5 16 25 17 18 -24 25 7 1 17 -1 5 16 2 -9 
3 18 1 10 -4 -27 11 22 19 15 -18 25 7 4 27 17 13 -20 15 -12 
2 19 4 5 6 10 21 7 12 7 27 -2 16 2 -19 6 7 26 -12 24 
25 9 27 17 -21 15 -2 -21 10 22 21 10 5 13 27 27 7 -25 10 -8 
26 27 -23 2 17 3 8 16 21 11 18 1 -4 21 -24 23 22 12 14 13 
13 14 12 22 23 -24 21 -4 1 18 11 21 16 8 3 17 2 -23 27 26 
-8 10 -25 7 27 27 13 5 10 21 22 10 -21 -2 15 -21 17 27 9 25 
24 -12 26 7 6 -19 2 16 -2 27 7 12 7 21 10 6 5 4 19 2 
-12 15 -20 13 17 27 4 7 25 -18 15 19 22 11 -27 -4 10 1 18 3 
-9 2 16 5 -1 17 1 7 25 -24 18 17 25 16 5 -24 -22 7 26 22 
-16 16 12 4 7 -23 -1 0 22 6 9 -26 17 1 23 -4 22 19 2 13 
7 0 2 19 -5 -9 10 23 25 7 13 8 8 20 -15 -25 1 5 -18 -20 
19 2 27 23 16 -4 3 12 -21 -27 22 17 -1 21 19 18 7 22 10 -2 
27 6 -12 8 -7 14 8 3 22 8 12 24 7 -4 17 11 18 7 19 16 
11 0 17 27 17 -6 3 9 13 -19 27 23 23 1 14 -18 -16 4 -15 19 
147
1
11 18
8 1
0
0
