20 20
-24 -26 12 0 10 4 -11 0 -15 22 21 7 11 3 24 21 -3 -17 6 3 
22 4 20 19 18 12 26 6 23 6 27 -12 -16 12 -26 -14 11 25 18 19 
12 -20 -12 18 17 24 16 12 24 7 7 4 19 -14 14 8 10 7 22 -20 
2 10 -20 20 5 27 3 17 25 6 -24 -8 5 -8 -12 22 2 -8 23 5 
1 23 20 -21 22 0 -10 18 15 -15 14 26 21 1 22 -17 6 -5 5 6 
21 9 -27 -5 -6 5 7 1 -17 21 -27 16 4 9 4 8 -16 14 9 23 
3 -26 -26 26 -27 24 -18 27 22 27 27 24 -16 22 7 18 13 -3 10 26 
13 -18 20 6 6 -10 24 8 -11 8 23 14 13 11 -1 -5 7 -11 22 21 
19 5 -8 -19 9 27 13 27 16 24 10 11 -4 13 0 22 18 4 10 2 
24 14 20 23 9 5 -13 20 -19 16 13 7 22 21 21 15 8 8 9 15 
15 9 8 8 15 21 21 22 7 13 16 -19 20 -13 5 9 23 20 14 24 
2 10 4 18 22 0 13 -4 11 10 24 16 27 13 27 9 -19 -8 5 19 
21 22 -11 7 -5 -1 11 13 14 23 8 -11 8 24 -10 6 6 20 -18 13 
26 10 -3 13 18 7 22 -16 24 27 27 22 27 -18 24 -27 26 -26 -26 3 
23 9 14 -16 8 4 9 4 16 -27 21 -17 1 7 5 -6 -5 -27 9 21 
6 5 -5 6 -17 22 1 21 26 14 -15 15 18 -10 0 22 -21 20 23 1 
5 23 -8 2 22 -12 -8 5 -8 -24 6 25 17 3 27 5 20 -20 10 2 
-20 22 7 10 8 14 -14 19 4 7 7 24 12 16 24 17 18 -12 -20 12 
19 18 25 11 -14 -26 12 -16 -12 27 6 23 6 26 12 18 19 20 4 22 
3 6 -17 -3 21 24 3 11 7 21 22 -15 0 -11 4 10 0 12 -26 -24 
92
1
13 17
6 2
0
0
