20 20
-13 9 0 2 6 3 -6 -3 9 -6 2 12 2 6 11 5 14 -12 0 0 
-13 11 -10 2 14 15 -8 3 11 7 12 -3 12 3 4 9 5 9 3 13 
5 -13 -11 12 10 -3 6 -4 11 -10 13 7 9 3 -7 7 5 3 1 4 
8 6 -5 11 8 3 11 5 1 5 3 9 3 5 13 11 -4 3 -2 -1 
10 -7 4 11 3 13 5 3 13 -7 -10 1 5 -12 7 8 6 11 11 6 
0 -3 12 1 14 7 14 1 14 2 0 13 6 -13 -5 14 2 -4 8 6 
-1 -13 2 12 10 4 11 -10 -1 15 -3 9 10 -9 7 1 15 12 5 6 
6 2 1 2 -13 5 -6 5 -14 2 15 11 -12 12 -11 9 -4 6 -6 14 
-13 1 9 12 10 -6 -10 5 7 -14 -2 4 5 -8 -15 5 11 -13 0 4 
3 4 -8 11 14 7 7 11 9 6 1 6 3 -15 4 10 0 3 -10 2 
2 -10 3 0 10 4 -15 3 6 1 6 9 11 7 7 14 11 -8 4 3 
4 0 -13 11 5 -15 -8 5 4 -2 -14 7 5 -10 -6 10 12 9 1 -13 
14 -6 6 -4 9 -11 12 -12 11 15 2 -14 5 -6 5 -13 2 1 2 6 
6 5 12 15 1 7 -9 10 9 -3 15 -1 -10 11 4 10 12 2 -13 -1 
6 8 -4 2 14 -5 -13 6 13 0 2 14 1 14 7 14 1 12 -3 0 
6 11 11 6 8 7 -12 5 1 -10 -7 13 3 5 13 3 11 4 -7 10 
-1 -2 3 -4 11 13 5 3 9 3 5 1 5 11 3 8 11 -5 6 8 
4 1 3 5 7 -7 3 9 7 13 -10 11 -4 6 -3 10 12 -11 -13 5 
13 3 9 5 9 4 3 12 -3 12 7 11 3 -8 15 14 2 -10 11 -13 
0 0 -12 14 5 11 6 2 12 2 -6 9 -3 -6 3 6 2 0 9 -13 
149
1
17 16
2 3
0
0
