20 20
6 3 3 11 4 8 12 12 6 2 -10 2 -3 11 -3 -4 -12 0 -13 14 
16 11 9 16 -2 -3 4 2 4 0 15 6 -8 16 5 -15 3 2 11 7 
6 2 0 -7 10 5 3 9 4 -10 4 8 15 -8 2 2 10 11 2 4 
6 -12 -7 9 -12 8 11 12 2 0 11 6 1 -15 4 6 -15 7 -10 0 
8 4 -7 -11 4 -1 1 -11 2 5 10 7 -8 -3 -10 11 14 7 0 4 
-1 9 10 3 6 1 5 16 13 12 9 9 7 -12 4 -8 -13 9 4 12 
-3 11 -6 10 6 2 6 1 4 4 16 12 3 12 -8 5 8 4 14 8 
14 -16 1 -13 14 -8 1 10 -16 -9 6 3 13 -8 14 6 -16 8 8 -2 
6 16 14 8 11 -15 -13 13 -5 6 6 15 15 10 0 5 7 -6 3 3 
0 2 6 9 7 -3 12 16 14 0 -11 11 1 13 12 0 12 -15 0 -10 
-10 0 -15 12 0 12 13 1 11 -11 0 14 16 12 -3 7 9 6 2 0 
3 3 -6 7 5 0 10 15 15 6 6 -5 13 -13 -15 11 8 14 16 6 
-2 8 8 -16 6 14 -8 13 3 6 -9 -16 10 1 -8 14 -13 1 -16 14 
8 14 4 8 5 -8 12 3 12 16 4 4 1 6 2 6 10 -6 11 -3 
12 4 9 -13 -8 4 -12 7 9 9 12 13 16 5 1 6 3 10 9 -1 
4 0 7 14 11 -10 -3 -8 7 10 5 2 -11 1 -1 4 -11 -7 4 8 
0 -10 7 -15 6 4 -15 1 6 11 0 2 12 11 8 -12 9 -7 -12 6 
4 2 11 10 2 2 -8 15 8 4 -10 4 9 3 5 10 -7 0 2 6 
7 11 2 3 -15 5 16 -8 6 15 0 4 2 4 -3 -2 16 9 11 16 
14 -13 0 -12 -4 -3 11 -3 2 -10 2 6 12 12 8 4 11 3 3 6 
54
1
10 13
9 6
0
0
