20 20
-6 -4 17 12 -5 16 3 -5 6 14 2 12 10 12 7 -4 12 -9 17 0 
5 18 12 2 -14 2 6 10 8 13 16 2 -8 13 11 11 -1 18 7 -1 
5 17 8 19 -13 19 16 9 -13 -2 2 2 16 -14 7 -17 4 -16 -1 -3 
-18 19 -6 2 11 -4 -2 3 0 -19 19 8 19 14 -2 6 9 17 15 -9 
18 4 2 11 17 17 3 15 -17 3 18 6 7 14 4 18 14 4 15 16 
16 -13 5 -8 3 -19 -8 1 14 4 -15 1 9 11 3 7 -19 10 7 -13 
8 16 5 1 6 9 4 11 10 10 1 3 -6 3 10 14 14 12 8 17 
-13 19 3 5 4 -5 7 17 17 17 -3 17 16 2 7 2 -14 18 9 -9 
10 2 10 13 13 -9 2 11 2 -16 -3 14 4 4 -18 -5 18 0 -7 9 
14 5 10 4 -17 1 -18 -13 5 3 1 -16 5 -5 13 11 7 6 7 16 
16 7 6 7 11 13 -5 5 -16 1 3 5 -13 -18 1 -17 4 10 5 14 
9 -7 0 18 -5 -18 4 4 14 -3 -16 2 11 2 -9 13 13 10 2 10 
-9 9 18 -14 2 7 2 16 17 -3 17 17 17 7 -5 4 5 3 19 -13 
17 8 12 14 14 10 3 -6 3 1 10 10 11 4 9 6 1 5 16 8 
-13 7 10 -19 7 3 11 9 1 -15 4 14 1 -8 -19 3 -8 5 -13 16 
16 15 4 14 18 4 14 7 6 18 3 -17 15 3 17 17 11 2 4 18 
-9 15 17 9 6 -2 14 19 8 19 -19 0 3 -2 -4 11 2 -6 19 -18 
-3 -1 -16 4 -17 7 -14 16 2 2 -2 -13 9 16 19 -13 19 8 17 5 
-1 7 18 -1 11 11 13 -8 2 16 13 8 10 6 2 -14 2 12 18 5 
0 17 -9 12 -4 7 12 10 12 2 14 6 -5 3 16 -5 12 17 -4 -6 
32
1
4 18
15 1
0
0
