20 20
14 11 3 -8 18 -13 17 1 -29 10 -6 16 12 -15 25 19 6 5 8 9 
24 11 12 -3 28 18 9 13 0 -1 19 -2 24 29 15 3 -7 9 10 20 
26 3 22 -24 17 19 6 1 29 25 9 -22 -7 -22 4 -12 13 8 6 2 
-12 2 -23 26 20 21 22 23 23 -8 -24 24 12 4 24 -25 4 24 23 8 
9 21 2 7 26 8 -19 -1 18 23 19 16 26 11 26 14 5 6 13 16 
10 13 -23 -11 -14 29 9 17 19 25 18 7 23 9 24 5 7 -14 15 -6 
4 -11 4 17 14 -4 25 21 25 -24 10 -2 26 4 27 3 21 26 29 -2 
11 -2 8 28 -7 24 23 20 12 5 12 29 22 -13 24 5 3 -18 -1 9 
4 21 17 14 14 0 15 14 -13 24 -27 2 -13 21 11 26 2 28 2 11 
3 28 11 2 16 -7 6 18 -12 25 17 1 22 24 -17 8 14 14 -28 10 
10 -28 14 14 8 -17 24 22 1 17 25 -12 18 6 -7 16 2 11 28 3 
11 2 28 2 26 11 21 -13 2 -27 24 -13 14 15 0 14 14 17 21 4 
9 -1 -18 3 5 24 -13 22 29 12 5 12 20 23 24 -7 28 8 -2 11 
-2 29 26 21 3 27 4 26 -2 10 -24 25 21 25 -4 14 17 4 -11 4 
-6 15 -14 7 5 24 9 23 7 18 25 19 17 9 29 -14 -11 -23 13 10 
16 13 6 5 14 26 11 26 16 19 23 18 -1 -19 8 26 7 2 21 9 
8 23 24 4 -25 24 4 12 24 -24 -8 23 23 22 21 20 26 -23 2 -12 
2 6 8 13 -12 4 -22 -7 -22 9 25 29 1 6 19 17 -24 22 3 26 
20 10 9 -7 3 15 29 24 -2 19 -1 0 13 9 18 28 -3 12 11 24 
9 8 5 6 19 25 -15 12 16 -6 10 -29 1 17 -13 18 -8 3 11 14 
76
1
11 1
8 18
0
0
