20 20
14 4 3 -15 6 4 14 6 14 8 0 8 -6 12 6 -1 16 16 -12 3 
15 16 15 5 9 12 6 -16 0 16 11 4 7 0 7 15 15 3 10 15 
3 1 -4 -14 15 6 -12 -9 1 12 15 13 9 -4 -16 12 10 11 5 2 
-1 -5 14 6 4 16 8 10 3 -10 13 6 1 9 14 -8 -11 5 0 6 
15 3 -16 10 12 -5 12 0 8 3 2 15 -5 14 8 7 9 13 -12 6 
15 -9 16 -9 16 6 2 10 12 1 7 6 5 -7 3 -8 -1 8 10 4 
5 -11 3 15 -10 4 1 4 3 13 -12 -6 3 -1 15 -12 -11 2 14 14 
6 1 -15 13 16 -5 0 -15 16 -5 10 -7 -13 -2 5 7 7 13 3 12 
12 -9 9 15 15 14 -2 0 7 11 1 13 7 10 13 12 9 4 7 2 
12 -10 -6 12 8 13 -11 4 4 -11 1 15 16 10 14 13 -13 -10 5 15 
15 5 -10 -13 13 14 10 16 15 1 -11 4 4 -11 13 8 12 -6 -10 12 
2 7 4 9 12 13 10 7 13 1 11 7 0 -2 14 15 15 9 -9 12 
12 3 13 7 7 5 -2 -13 -7 10 -5 16 -15 0 -5 16 13 -15 1 6 
14 14 2 -11 -12 15 -1 3 -6 -12 13 3 4 1 4 -10 15 3 -11 5 
4 10 8 -1 -8 3 -7 5 6 7 1 12 10 2 6 16 -9 16 -9 15 
6 -12 13 9 7 8 14 -5 15 2 3 8 0 12 -5 12 10 -16 3 15 
6 0 5 -11 -8 14 9 1 6 13 -10 3 10 8 16 4 6 14 -5 -1 
2 5 11 10 12 -16 -4 9 13 15 12 1 -9 -12 6 15 -14 -4 1 3 
15 10 3 15 15 7 0 7 4 11 16 0 -16 6 12 9 5 15 16 15 
3 -12 16 16 -1 6 12 -6 8 0 8 14 6 14 4 6 -15 3 4 14 
67
1
8 16
11 3
0
0
