20 20
13 4 -11 26 20 -16 8 15 0 -12 -18 13 -5 15 12 13 11 16 25 -22 
23 21 -6 23 25 -1 7 21 -20 9 2 -18 5 -22 18 22 15 20 15 17 
13 -13 21 18 -15 -6 11 20 23 5 25 17 3 14 19 25 26 3 4 13 
14 1 24 9 -21 14 -19 0 19 7 19 16 -15 23 6 -23 1 1 19 7 
-15 8 9 -7 14 -9 -6 7 0 1 17 8 26 19 15 24 10 9 18 11 
12 7 -26 13 16 19 8 21 18 -25 -5 5 23 18 4 -18 -17 25 8 7 
25 4 15 6 7 23 2 13 21 7 9 13 9 -11 16 9 16 13 24 16 
3 11 7 2 26 8 5 -9 -19 25 22 12 -18 23 2 9 3 25 -16 17 
19 9 8 4 19 12 7 -23 24 10 15 -5 14 -24 10 -21 -26 -5 6 26 
11 -3 26 12 -25 21 12 8 1 13 19 -14 -4 -13 21 23 -1 4 18 23 
23 18 4 -1 23 21 -13 -4 -14 19 13 1 8 12 21 -25 12 26 -3 11 
26 6 -5 -26 -21 10 -24 14 -5 15 10 24 -23 7 12 19 4 8 9 19 
17 -16 25 3 9 2 23 -18 12 22 25 -19 -9 5 8 26 2 7 11 3 
16 24 13 16 9 16 -11 9 13 9 7 21 13 2 23 7 6 15 4 25 
7 8 25 -17 -18 4 18 23 5 -5 -25 18 21 8 19 16 13 -26 7 12 
11 18 9 10 24 15 19 26 8 17 1 0 7 -6 -9 14 -7 9 8 -15 
7 19 1 1 -23 6 23 -15 16 19 7 19 0 -19 14 -21 9 24 1 14 
13 4 3 26 25 19 14 3 17 25 5 23 20 11 -6 -15 18 21 -13 13 
17 15 20 15 22 18 -22 5 -18 2 9 -20 21 7 -1 25 23 -6 21 23 
-22 25 16 11 13 12 15 -5 13 -18 -12 0 15 8 -16 20 26 -11 4 13 
70
1
5 4
14 15
0
0
