20 20
26 8 18 27 -19 16 15 17 -12 17 -15 14 26 21 10 -8 13 0 24 -12 
19 23 14 19 13 6 25 20 24 2 22 9 -14 26 -4 -22 25 -17 13 24 
-2 7 27 26 -11 27 4 15 -19 18 -17 11 4 27 27 1 22 3 23 1 
26 21 15 18 2 19 -6 13 13 1 17 -15 -10 26 12 7 16 -18 15 12 
-17 16 -2 -28 18 -26 18 19 4 26 10 -21 16 3 -25 -21 23 28 6 17 
4 9 -13 23 6 28 11 -17 1 20 6 20 2 19 -12 13 -16 6 9 12 
3 15 12 -2 4 -10 -18 27 17 19 -25 5 20 13 24 21 24 15 11 18 
23 2 11 13 -18 26 -20 -21 7 -21 22 26 24 27 -22 -9 9 17 9 13 
19 13 -9 17 24 27 28 1 15 -18 4 5 18 18 -23 4 0 4 9 15 
-11 9 24 18 1 10 -2 20 0 9 12 8 16 20 -24 5 10 -14 -22 9 
9 -22 -14 10 5 -24 20 16 8 12 9 0 20 -2 10 1 18 24 9 -11 
15 9 4 0 4 -23 18 18 5 4 -18 15 1 28 27 24 17 -9 13 19 
13 9 17 9 -9 -22 27 24 26 22 -21 7 -21 -20 26 -18 13 11 2 23 
18 11 15 24 21 24 13 20 5 -25 19 17 27 -18 -10 4 -2 12 15 3 
12 9 6 -16 13 -12 19 2 20 6 20 1 -17 11 28 6 23 -13 9 4 
17 6 28 23 -21 -25 3 16 -21 10 26 4 19 18 -26 18 -28 -2 16 -17 
12 15 -18 16 7 12 26 -10 -15 17 1 13 13 -6 19 2 18 15 21 26 
1 23 3 22 1 27 27 4 11 -17 18 -19 15 4 27 -11 26 27 7 -2 
24 13 -17 25 -22 -4 26 -14 9 22 2 24 20 25 6 13 19 14 23 19 
-12 24 0 13 -8 10 21 26 14 -15 17 -12 17 15 16 -19 27 18 8 26 
92
1
16 19
3 0
0
0
