20 20
21 14 2 19 1 24 -17 16 30 5 18 -16 26 -22 30 -14 3 12 10 -2 
9 20 14 -13 13 7 13 -18 19 26 24 1 1 -24 -25 0 30 13 20 22 
19 27 -2 17 -22 -8 19 19 17 19 1 24 20 27 14 12 -6 1 16 24 
4 14 25 5 -20 21 -28 -8 2 -18 29 11 5 22 29 -8 -24 13 15 12 
19 26 3 -11 27 -26 -11 12 -17 13 29 25 15 15 18 27 25 -9 -29 29 
18 20 26 22 25 -29 26 0 10 -25 25 9 21 9 -18 11 -15 11 26 -9 
8 5 4 -28 9 -17 25 25 4 24 13 27 10 16 -27 -25 29 14 3 1 
-13 19 -25 4 7 22 21 -7 6 20 15 25 13 7 -1 -3 -12 8 15 -5 
-8 15 12 -1 30 -3 9 3 -17 4 20 8 5 2 30 -22 18 -2 8 24 
-20 7 0 -21 14 23 15 26 10 -4 28 16 -11 3 19 23 15 12 24 11 
11 24 12 15 23 19 3 -11 16 28 -4 10 26 15 23 14 -21 0 7 -20 
24 8 -2 18 -22 30 2 5 8 20 4 -17 3 9 -3 30 -1 12 15 -8 
-5 15 8 -12 -3 -1 7 13 25 15 20 6 -7 21 22 7 4 -25 19 -13 
1 3 14 29 -25 -27 16 10 27 13 24 4 25 25 -17 9 -28 4 5 8 
-9 26 11 -15 11 -18 9 21 9 25 -25 10 0 26 -29 25 22 26 20 18 
29 -29 -9 25 27 18 15 15 25 29 13 -17 12 -11 -26 27 -11 3 26 19 
12 15 13 -24 -8 29 22 5 11 29 -18 2 -8 -28 21 -20 5 25 14 4 
24 16 1 -6 12 14 27 20 24 1 19 17 19 19 -8 -22 17 -2 27 19 
22 20 13 30 0 -25 -24 1 1 24 26 19 -18 13 7 13 -13 14 20 9 
-2 10 12 3 -14 30 -22 26 -16 18 5 30 16 -17 24 1 19 2 14 21 
54
1
16 13
3 6
0
0
