20 20
3 -17 -10 1 25 3 -20 11 18 26 5 20 -2 4 -1 24 9 0 13 -24 
24 -8 16 -7 -9 12 18 3 2 1 7 10 13 -3 1 2 -11 1 22 -26 
-13 3 -24 20 11 1 22 20 2 -11 21 12 13 18 -10 6 -17 15 -9 7 
-17 7 -10 23 4 2 22 21 22 24 2 24 10 1 5 -9 -7 23 16 -24 
26 27 4 17 -10 5 25 22 8 27 14 -26 -26 5 10 11 14 22 14 10 
-9 14 -18 22 -16 -4 13 14 18 27 -22 22 12 16 24 11 2 3 -20 19 
3 -8 -13 5 -16 22 22 12 3 3 -13 -25 23 3 -9 -17 21 16 6 19 
21 19 8 2 0 11 8 10 25 13 8 6 6 14 16 -14 1 9 7 14 
24 -2 12 -20 26 23 9 -18 7 21 25 -13 18 -27 27 2 18 12 2 -27 
17 26 25 17 23 -11 -3 25 -18 3 24 23 18 16 15 27 26 17 19 12 
12 19 17 26 27 15 16 18 23 24 3 -18 25 -3 -11 23 17 25 26 17 
-27 2 12 18 2 27 -27 18 -13 25 21 7 -18 9 23 26 -20 12 -2 24 
14 7 9 1 -14 16 14 6 6 8 13 25 10 8 11 0 2 8 19 21 
19 6 16 21 -17 -9 3 23 -25 -13 3 3 12 22 22 -16 5 -13 -8 3 
19 -20 3 2 11 24 16 12 22 -22 27 18 14 13 -4 -16 22 -18 14 -9 
10 14 22 14 11 10 5 -26 -26 14 27 8 22 25 5 -10 17 4 27 26 
-24 16 23 -7 -9 5 1 10 24 2 24 22 21 22 2 4 23 -10 7 -17 
7 -9 15 -17 6 -10 18 13 12 21 -11 2 20 22 1 11 20 -24 3 -13 
-26 22 1 -11 2 1 -3 13 10 7 1 2 3 18 12 -9 -7 16 -8 24 
-24 13 0 9 24 -1 4 -2 20 5 26 18 11 -20 3 25 1 -10 -17 3 
110
1
9 4
10 15
0
0
