20 20
-13 -1 2 15 12 12 2 6 -1 8 -4 4 15 10 5 10 17 -18 1 -7 
12 -3 5 2 7 -16 16 14 5 3 12 -11 16 9 8 16 17 5 1 11 
-9 13 8 -3 -13 4 -11 4 9 9 6 0 13 11 5 -6 16 10 13 15 
10 12 15 17 9 -12 16 17 18 3 18 5 -4 5 3 7 9 18 17 9 
6 11 13 5 -5 6 2 0 3 -14 -4 6 7 16 0 -4 -13 -7 18 14 
6 11 13 -6 -15 10 14 10 -10 8 -18 0 13 18 15 8 5 17 18 0 
-18 3 3 10 12 6 18 14 1 17 17 -5 14 3 10 11 4 -11 -15 -11 
-4 2 2 13 4 -16 4 14 -6 14 14 14 7 18 8 1 -5 12 8 11 
-4 13 14 -2 -9 14 -16 8 -14 -11 13 17 18 -16 -16 18 -1 17 16 5 
3 17 2 16 -5 10 -3 16 18 3 3 8 -16 -6 5 12 14 15 -3 7 
7 -3 15 14 12 5 -6 -16 8 3 3 18 16 -3 10 -5 16 2 17 3 
5 16 17 -1 18 -16 -16 18 17 13 -11 -14 8 -16 14 -9 -2 14 13 -4 
11 8 12 -5 1 8 18 7 14 14 14 -6 14 4 -16 4 13 2 2 -4 
-11 -15 -11 4 11 10 3 14 -5 17 17 1 14 18 6 12 10 3 3 -18 
0 18 17 5 8 15 18 13 0 -18 8 -10 10 14 10 -15 -6 13 11 6 
14 18 -7 -13 -4 0 16 7 6 -4 -14 3 0 2 6 -5 5 13 11 6 
9 17 18 9 7 3 5 -4 5 18 3 18 17 16 -12 9 17 15 12 10 
15 13 10 16 -6 5 11 13 0 6 9 9 4 -11 4 -13 -3 8 13 -9 
11 1 5 17 16 8 9 16 -11 12 3 5 14 16 -16 7 2 5 -3 12 
-7 1 -18 17 10 5 10 15 4 -4 8 -1 6 2 12 12 15 2 -1 -13 
134
1
5 18
14 1
0
0
