20 20
6 -14 6 4 11 16 5 -3 14 17 9 -13 6 -14 13 11 9 17 -1 9 
16 8 12 16 17 3 1 9 2 6 5 3 12 15 4 15 11 9 -9 15 
15 9 2 -3 10 17 -9 12 16 -3 17 13 3 -4 17 12 7 9 -3 5 
16 13 13 0 8 16 13 14 -9 1 6 10 15 3 16 -11 4 -16 -4 14 
7 7 5 0 -8 15 5 16 5 3 17 8 15 1 -16 11 -13 6 11 9 
15 4 17 4 10 3 0 12 5 -4 -17 5 5 -2 -2 8 5 12 -3 15 
1 17 6 4 0 9 -9 12 -16 15 14 5 13 0 3 0 5 4 10 2 
15 8 10 6 4 4 -17 13 -8 4 7 13 16 11 17 -7 13 15 -13 16 
6 -10 8 13 9 -8 -15 -15 6 15 5 0 13 -5 4 3 5 13 2 0 
8 1 4 4 13 11 6 5 5 -6 9 1 14 14 15 11 5 15 -3 9 
9 -3 15 5 11 15 14 14 1 9 -6 5 5 6 11 13 4 4 1 8 
0 2 13 5 3 4 -5 13 0 5 15 6 -15 -15 -8 9 13 8 -10 6 
16 -13 15 13 -7 17 11 16 13 7 4 -8 13 -17 4 4 6 10 8 15 
2 10 4 5 0 3 0 13 5 14 15 -16 12 -9 9 0 4 6 17 1 
15 -3 12 5 8 -2 -2 5 5 -17 -4 5 12 0 3 10 4 17 4 15 
9 11 6 -13 11 -16 1 15 8 17 3 5 16 5 15 -8 0 5 7 7 
14 -4 -16 4 -11 16 3 15 10 6 1 -9 14 13 16 8 0 13 13 16 
5 -3 9 7 12 17 -4 3 13 17 -3 16 12 -9 17 10 -3 2 9 15 
15 -9 9 11 15 4 15 12 3 5 6 2 9 1 3 17 16 12 8 16 
9 -1 17 9 11 13 -14 6 -13 9 17 14 -3 5 16 11 4 6 -14 6 
113
1
2 9
17 10
0
0
