20 20
-8 16 -1 -16 -8 24 16 -4 5 4 -6 6 13 11 3 1 20 23 8 10 
25 -7 0 3 6 17 13 16 7 11 -5 20 3 20 19 -27 -21 23 -7 -7 
13 -21 -1 0 28 21 -9 4 -7 16 -13 6 9 19 -7 6 19 18 -10 16 
-22 -2 -8 4 -3 26 -26 -10 -5 -9 -18 -12 12 -11 -23 11 18 4 5 -9 
18 8 16 11 16 7 -1 28 -18 9 20 -1 1 -7 22 -22 13 5 0 -18 
11 24 6 13 3 24 4 28 4 5 17 10 -10 7 11 17 10 -24 -22 -5 
11 22 18 19 22 15 7 9 -13 -23 -23 -27 -7 1 21 12 10 -24 6 19 
17 17 13 -10 18 2 2 20 13 21 15 18 6 7 8 9 -7 -19 15 -12 
9 18 1 6 22 7 -14 7 2 22 1 7 8 2 8 17 18 25 8 -23 
11 2 -19 21 2 20 -2 -7 0 13 19 5 -26 -14 3 7 4 22 20 -9 
-9 20 22 4 7 3 -14 -26 5 19 13 0 -7 -2 20 2 21 -19 2 11 
-23 8 25 18 17 8 2 8 7 1 22 2 7 -14 7 22 6 1 18 9 
-12 15 -19 -7 9 8 7 6 18 15 21 13 20 2 2 18 -10 13 17 17 
19 6 -24 10 12 21 1 -7 -27 -23 -23 -13 9 7 15 22 19 18 22 11 
-5 -22 -24 10 17 11 7 -10 10 17 5 4 28 4 24 3 13 6 24 11 
-18 0 5 13 -22 22 -7 1 -1 20 9 -18 28 -1 7 16 11 16 8 18 
-9 5 4 18 11 -23 -11 12 -12 -18 -9 -5 -10 -26 26 -3 4 -8 -2 -22 
16 -10 18 19 6 -7 19 9 6 -13 16 -7 4 -9 21 28 0 -1 -21 13 
-7 -7 23 -21 -27 19 20 3 20 -5 11 7 16 13 17 6 3 0 -7 25 
10 8 23 20 1 3 11 13 6 -6 4 5 -4 16 24 -8 -16 -1 16 -8 
145
1
10 18
9 1
0
0
