20 20
4 -10 1 -4 9 7 6 0 -6 13 -8 11 4 13 9 8 -12 -4 -13 0 
7 2 1 9 3 -12 8 8 10 -8 1 8 -10 -5 11 1 6 9 10 4 
0 11 7 -11 -3 -13 7 6 -10 13 3 2 3 12 6 13 -8 -9 0 0 
11 10 -4 8 13 6 5 -4 2 12 2 -7 -3 0 6 4 10 -8 -6 -1 
7 -11 -7 3 7 1 4 5 -4 -13 0 -1 -6 5 13 7 5 4 10 10 
6 11 3 12 4 -8 2 -4 7 0 12 13 -5 9 8 4 -6 7 12 5 
-1 3 8 9 -2 11 10 8 9 -13 13 12 4 3 11 1 7 9 12 13 
1 -6 5 6 -8 8 -1 9 3 -2 -9 4 -9 6 -11 1 7 9 -3 -4 
-12 -8 5 8 -5 13 13 -3 12 10 0 -13 -7 4 10 -2 11 -2 13 12 
10 5 2 13 6 6 12 6 -4 -3 -9 7 7 2 5 9 10 9 11 8 
8 11 9 10 9 5 2 7 7 -9 -3 -4 6 12 6 6 13 2 5 10 
12 13 -2 11 -2 10 4 -7 -13 0 10 12 -3 13 13 -5 8 5 -8 -12 
-4 -3 9 7 1 -11 6 -9 4 -9 -2 3 9 -1 8 -8 6 5 -6 1 
13 12 9 7 1 11 3 4 12 13 -13 9 8 10 11 -2 9 8 3 -1 
5 12 7 -6 4 8 9 -5 13 12 0 7 -4 2 -8 4 12 3 11 6 
10 10 4 5 7 13 5 -6 -1 0 -13 -4 5 4 1 7 3 -7 -11 7 
-1 -6 -8 10 4 6 0 -3 -7 2 12 2 -4 5 6 13 8 -4 10 11 
0 0 -9 -8 13 6 12 3 2 3 13 -10 6 7 -13 -3 -11 7 11 0 
4 10 9 6 1 11 -5 -10 8 1 -8 10 8 8 -12 3 9 1 2 7 
0 -13 -4 -12 8 9 13 4 11 -8 13 -6 0 6 7 9 -4 1 -10 4 
48
1
2 6
17 13
0
0
