20 20
10 8 14 9 12 -19 18 1 -15 -8 17 -6 6 15 0 4 9 6 7 12 
5 -12 -9 15 7 16 2 19 14 14 14 18 12 8 8 12 2 11 3 12 
15 2 14 -15 1 17 3 -6 10 12 9 8 1 6 3 -6 12 11 15 18 
11 10 18 14 16 2 15 8 3 8 2 -5 6 16 3 4 -3 2 16 -5 
15 8 15 11 10 -3 -8 3 -15 -1 6 -16 -10 -19 15 13 11 -4 9 -9 
16 3 -13 7 9 16 -2 13 7 10 0 19 7 -18 15 4 -7 17 -13 -9 
-19 -6 13 -18 14 1 4 18 14 11 10 10 4 -3 -5 13 18 15 1 -12 
14 7 14 5 5 15 18 -8 1 15 -12 -7 6 13 13 -17 14 0 17 17 
17 -12 7 13 15 10 -9 6 5 6 -9 -6 -15 13 6 6 11 2 -13 15 
-10 15 2 7 -11 17 -12 15 16 2 5 -4 16 9 8 -5 15 3 12 6 
6 12 3 15 -5 8 9 16 -4 5 2 16 15 -12 17 -11 7 2 15 -10 
15 -13 2 11 6 6 13 -15 -6 -9 6 5 6 -9 10 15 13 7 -12 17 
17 17 0 14 -17 13 13 6 -7 -12 15 1 -8 18 15 5 5 14 7 14 
-12 1 15 18 13 -5 -3 4 10 10 11 14 18 4 1 14 -18 13 -6 -19 
-9 -13 17 -7 4 15 -18 7 19 0 10 7 13 -2 16 9 7 -13 3 16 
-9 9 -4 11 13 15 -19 -10 -16 6 -1 -15 3 -8 -3 10 11 15 8 15 
-5 16 2 -3 4 3 16 6 -5 2 8 3 8 15 2 16 14 18 10 11 
18 15 11 12 -6 3 6 1 8 9 12 10 -6 3 17 1 -15 14 2 15 
12 3 11 2 12 8 8 12 18 14 14 14 19 2 16 7 15 -9 -12 5 
12 7 6 9 4 0 15 6 -6 17 -8 -15 1 18 -19 12 9 14 8 10 
185
1
15 9
4 10
0
0
