20 20
10 -28 22 15 -29 -14 -27 -30 -13 -14 20 -27 8 9 -7 -20 7 10 9 -8 
18 25 -14 -7 13 -29 30 18 23 4 3 18 -12 4 29 29 26 4 -22 8 
25 30 17 -20 12 -5 22 14 -7 16 12 29 19 24 17 -12 -30 26 -5 4 
11 16 9 -24 6 28 9 27 10 21 7 -29 5 6 15 2 -3 13 -23 1 
23 -14 -1 8 1 1 4 24 28 -2 -28 15 26 26 24 1 7 17 -4 1 
8 0 26 27 25 20 24 6 25 30 12 -7 17 0 17 5 27 2 9 15 
13 -14 11 2 -26 22 30 23 29 -17 3 29 -8 21 28 6 13 7 18 -18 
19 30 18 8 27 -12 4 -15 7 -8 -18 30 -16 8 -3 -26 -10 -28 19 25 
4 17 -26 6 2 -28 -20 8 -4 24 0 -2 8 -3 12 29 25 -27 3 18 
19 20 21 30 12 9 7 11 -15 24 15 19 14 24 3 9 -29 10 4 -18 
-18 4 10 -29 9 3 24 14 19 15 24 -15 11 7 9 12 30 21 20 19 
18 3 -27 25 29 12 -3 8 -2 0 24 -4 8 -20 -28 2 6 -26 17 4 
25 19 -28 -10 -26 -3 8 -16 30 -18 -8 7 -15 4 -12 27 8 18 30 19 
-18 18 7 13 6 28 21 -8 29 3 -17 29 23 30 22 -26 2 11 -14 13 
15 9 2 27 5 17 0 17 -7 12 30 25 6 24 20 25 27 26 0 8 
1 -4 17 7 1 24 26 26 15 -28 -2 28 24 4 1 1 8 -1 -14 23 
1 -23 13 -3 2 15 6 5 -29 7 21 10 27 9 28 6 -24 9 16 11 
4 -5 26 -30 -12 17 24 19 29 12 16 -7 14 22 -5 12 -20 17 30 25 
8 -22 4 26 29 29 4 -12 18 3 4 23 18 30 -29 13 -7 -14 25 18 
-8 9 10 7 -20 -7 9 8 -27 20 -14 -13 -30 -27 -14 -29 15 22 -28 10 
48
1
2 13
17 6
0
0
