20 20
0 2 -1 -9 3 0 13 8 5 -14 -14 -6 11 9 7 7 -12 8 12 13 
13 2 9 5 14 -1 10 9 3 6 7 12 9 13 -11 -7 14 -10 3 1 
5 -14 -9 -3 -6 8 1 0 4 11 6 -12 1 11 0 -7 -9 -2 -10 10 
11 6 0 -1 -4 9 3 6 1 9 4 1 4 2 -7 14 5 -2 3 2 
-4 -2 4 9 5 14 2 5 9 4 11 6 1 6 8 1 -14 7 -10 7 
-4 10 8 0 7 -7 4 5 2 1 9 -14 4 -11 2 -5 8 -10 6 8 
13 2 12 4 14 5 13 7 4 7 -14 3 12 -13 10 8 -6 10 -14 -6 
9 14 11 11 -12 7 -14 11 14 9 14 9 6 -2 6 14 12 6 14 13 
-9 13 -5 0 10 10 4 13 -12 -13 3 -8 9 6 -12 11 -8 2 11 0 
7 7 -13 14 -12 -8 1 1 13 -10 -10 10 -7 -9 -6 1 1 2 12 3 
3 12 2 1 1 -6 -9 -7 10 -10 -10 13 1 1 -8 -12 14 -13 7 7 
0 11 2 -8 11 -12 6 9 -8 3 -13 -12 13 4 10 10 0 -5 13 -9 
13 14 6 12 14 6 -2 6 9 14 9 14 11 -14 7 -12 11 11 14 9 
-6 -14 10 -6 8 10 -13 12 3 -14 7 4 7 13 5 14 4 12 2 13 
8 6 -10 8 -5 2 -11 4 -14 9 1 2 5 4 -7 7 0 8 10 -4 
7 -10 7 -14 1 8 6 1 6 11 4 9 5 2 14 5 9 4 -2 -4 
2 3 -2 5 14 -7 2 4 1 4 9 1 6 3 9 -4 -1 0 6 11 
10 -10 -2 -9 -7 0 11 1 -12 6 11 4 0 1 8 -6 -3 -9 -14 5 
1 3 -10 14 -7 -11 13 9 12 7 6 3 9 10 -1 14 5 9 2 13 
13 12 8 -12 7 7 9 11 -6 -14 -14 5 8 13 0 3 -9 -1 2 0 
163
1
11 2
8 17
0
0
