20 20
7 9 16 -5 12 0 27 1 -11 1 24 19 -8 -1 0 3 18 1 10 18 
13 12 6 14 6 -21 -16 8 27 3 5 -5 -24 8 -26 -18 13 27 25 17 
1 20 10 20 27 1 25 11 3 -6 4 26 10 15 11 -15 22 2 -19 23 
-26 1 19 -3 -4 26 23 3 11 25 13 8 15 27 24 -21 -19 -11 -18 2 
-3 14 6 4 -18 4 26 -15 14 -8 19 3 26 -3 16 23 13 20 20 -26 
-24 4 24 21 25 13 -14 -13 9 7 -9 8 23 17 5 5 13 17 -19 -8 
0 27 1 23 1 -19 5 24 26 -8 -8 8 22 19 16 2 18 21 6 20 
11 24 8 25 -14 -8 23 11 23 -7 3 21 -16 15 8 17 16 7 19 26 
18 19 23 16 12 18 1 -7 -12 -18 24 -17 27 2 17 14 26 -25 19 17 
4 -12 19 8 -26 19 21 27 21 23 -16 0 18 0 16 25 15 -10 9 0 
0 9 -10 15 25 16 0 18 0 -16 23 21 27 21 19 -26 8 19 -12 4 
17 19 -25 26 14 17 2 27 -17 24 -18 -12 -7 1 18 12 16 23 19 18 
26 19 7 16 17 8 15 -16 21 3 -7 23 11 23 -8 -14 25 8 24 11 
20 6 21 18 2 16 19 22 8 -8 -8 26 24 5 -19 1 23 1 27 0 
-8 -19 17 13 5 5 17 23 8 -9 7 9 -13 -14 13 25 21 24 4 -24 
-26 20 20 13 23 16 -3 26 3 19 -8 14 -15 26 4 -18 4 6 14 -3 
2 -18 -11 -19 -21 24 27 15 8 13 25 11 3 23 26 -4 -3 19 1 -26 
23 -19 2 22 -15 11 15 10 26 4 -6 3 11 25 1 27 20 10 20 1 
17 25 27 13 -18 -26 8 -24 -5 5 3 27 8 -16 -21 6 14 6 12 13 
18 10 1 18 3 0 -1 -8 19 24 1 -11 1 27 0 12 -5 16 9 7 
160
1
15 7
4 12
0
0
