20 20
-3 3 -2 -4 -2 4 5 0 1 -8 7 8 -3 3 -4 6 8 3 -6 0 
2 2 1 9 9 0 6 3 9 -3 6 -9 7 -6 9 2 1 6 -4 6 
1 8 3 3 1 -9 2 3 9 6 -1 6 -2 1 9 1 9 7 9 -4 
-4 2 6 9 -7 7 6 1 0 9 5 4 -8 -9 4 3 0 3 2 7 
8 9 0 7 -8 9 -1 1 8 -6 0 5 6 5 3 3 3 8 6 4 
4 -2 -7 5 4 2 8 9 -4 -5 8 5 1 3 2 1 3 4 2 8 
-4 -6 6 1 5 5 -9 6 -5 0 2 2 9 0 0 3 6 1 8 -3 
3 -4 4 -6 -5 0 -7 8 6 3 -4 8 4 -7 -1 6 6 6 2 2 
4 -1 -4 4 9 -2 -3 1 5 5 9 6 0 0 -1 1 6 3 3 4 
9 7 9 4 5 -9 7 9 -5 7 9 8 2 -6 2 -4 -9 8 1 3 
3 1 8 -9 -4 2 -6 2 8 9 7 -5 9 7 -9 5 4 9 7 9 
4 3 3 6 1 -1 0 0 6 9 5 5 1 -3 -2 9 4 -4 -1 4 
2 2 6 6 6 -1 -7 4 8 -4 3 6 8 -7 0 -5 -6 4 -4 3 
-3 8 1 6 3 0 0 9 2 2 0 -5 6 -9 5 5 1 6 -6 -4 
8 2 4 3 1 2 3 1 5 8 -5 -4 9 8 2 4 5 -7 -2 4 
4 6 8 3 3 3 5 6 5 0 -6 8 1 -1 9 -8 7 0 9 8 
7 2 3 0 3 4 -9 -8 4 5 9 0 1 6 7 -7 9 6 2 -4 
-4 9 7 9 1 9 1 -2 6 -1 6 9 3 2 -9 1 3 3 8 1 
6 -4 6 1 2 9 -6 7 -9 6 -3 9 3 6 0 9 9 1 2 2 
0 -6 3 8 6 -4 3 -3 8 7 -8 1 0 5 4 -2 -4 -2 3 -3 
33
1
5 18
14 1
0
0
