20 20
-15 -3 5 11 7 6 5 20 27 26 27 12 15 5 16 20 27 -2 23 27 
7 8 23 -26 6 19 -19 28 17 -8 -1 -13 21 29 28 -4 24 3 19 -25 
23 16 4 11 14 4 8 18 16 -22 26 8 20 25 9 -13 26 17 -27 -13 
15 20 4 6 16 19 19 13 -11 11 -24 6 20 -15 -23 29 -24 18 2 3 
22 -18 -18 0 -13 3 28 27 8 7 9 -18 2 1 8 -21 23 7 26 4 
6 1 2 12 23 17 14 28 5 0 9 19 29 -2 17 22 19 20 -4 -20 
-23 1 25 17 17 28 -17 13 26 -20 6 28 17 29 3 21 23 20 20 27 
-19 8 29 18 21 20 28 10 17 8 26 3 9 12 -11 10 -10 25 14 22 
7 24 14 25 4 -2 -9 -22 4 3 15 26 26 13 25 -23 17 8 22 -18 
23 -9 25 -22 3 23 29 26 -22 -14 0 25 12 11 13 6 16 18 10 21 
21 10 18 16 6 13 11 12 25 0 -14 -22 26 29 23 3 -22 25 -9 23 
-18 22 8 17 -23 25 13 26 26 15 3 4 -22 -9 -2 4 25 14 24 7 
22 14 25 -10 10 -11 12 9 3 26 8 17 10 28 20 21 18 29 8 -19 
27 20 20 23 21 3 29 17 28 6 -20 26 13 -17 28 17 17 25 1 -23 
-20 -4 20 19 22 17 -2 29 19 9 0 5 28 14 17 23 12 2 1 6 
4 26 7 23 -21 8 1 2 -18 9 7 8 27 28 3 -13 0 -18 -18 22 
3 2 18 -24 29 -23 -15 20 6 -24 11 -11 13 19 19 16 6 4 20 15 
-13 -27 17 26 -13 9 25 20 8 26 -22 16 18 8 4 14 11 4 16 23 
-25 19 3 24 -4 28 29 21 -13 -1 -8 17 28 -19 19 6 -26 23 8 7 
27 23 -2 27 20 16 5 15 12 27 26 27 20 5 6 7 11 5 -3 -15 
185
1
9 10
10 9
0
0
