20 20
-1 11 -9 10 4 -12 6 8 8 5 12 11 4 5 11 4 0 6 -9 1 
12 -7 12 -5 13 3 13 7 3 4 14 12 -2 -9 -13 11 10 11 4 5 
7 13 13 13 10 6 -8 4 13 -10 -14 14 11 7 1 5 6 2 13 4 
-1 7 2 10 -5 5 9 10 -10 -14 -2 -5 14 8 5 -10 13 -4 9 -14 
-9 0 -10 0 7 10 12 10 -7 13 -14 4 9 14 -6 13 8 8 -2 14 
8 -5 12 4 -5 10 6 0 14 5 -1 5 -11 0 8 -6 12 9 -11 10 
12 5 8 14 3 13 5 11 9 9 7 10 0 7 11 0 -4 -3 5 6 
2 0 12 0 10 -4 6 6 5 13 3 14 6 1 13 -4 14 1 0 -9 
-8 2 -11 6 0 -3 4 8 -9 13 1 1 4 2 -6 13 10 10 12 5 
7 -3 7 0 -12 4 6 1 -9 11 2 2 9 -10 1 11 14 10 6 9 
9 6 10 14 11 1 -10 9 2 2 11 -9 1 6 4 -12 0 7 -3 7 
5 12 10 10 13 -6 2 4 1 1 13 -9 8 4 -3 0 6 -11 2 -8 
-9 0 1 14 -4 13 1 6 14 3 13 5 6 6 -4 10 0 12 0 2 
6 5 -3 -4 0 11 7 0 10 7 9 9 11 5 13 3 14 8 5 12 
10 -11 9 12 -6 8 0 -11 5 -1 5 14 0 6 10 -5 4 12 -5 8 
14 -2 8 8 13 -6 14 9 4 -14 13 -7 10 12 10 7 0 -10 0 -9 
-14 9 -4 13 -10 5 8 14 -5 -2 -14 -10 10 9 5 -5 10 2 7 -1 
4 13 2 6 5 1 7 11 14 -14 -10 13 4 -8 6 10 13 13 13 7 
5 4 11 10 11 -13 -9 -2 12 14 4 3 7 13 3 13 -5 12 -7 12 
1 -9 6 0 4 11 5 4 11 12 5 8 8 6 -12 4 10 -9 11 -1 
65
1
11 17
8 2
0
0
