20 20
17 -23 11 23 -23 -30 18 20 11 8 16 17 21 22 -21 16 5 20 -9 17 
19 8 2 -1 28 15 12 19 -14 -24 4 -20 2 14 3 21 25 8 28 18 
18 4 6 29 6 27 11 11 26 9 24 14 -13 4 15 4 2 28 -4 13 
-12 2 7 27 -2 12 25 20 8 21 6 -23 14 11 23 16 -25 14 0 18 
-15 12 -22 23 15 11 -15 26 22 -12 11 24 20 18 7 30 13 2 1 -28 
-9 25 15 -16 -13 8 -7 17 29 21 9 22 4 14 12 1 30 28 -1 -10 
13 17 10 22 24 29 30 -13 11 -20 10 25 -18 22 27 28 25 -11 -27 -12 
-9 14 30 24 -4 14 2 26 2 28 20 6 19 13 4 5 11 8 14 18 
17 18 -15 15 -5 8 3 15 1 27 11 25 6 -17 24 -5 28 21 2 12 
10 25 19 18 -23 27 16 -29 -29 21 30 16 24 13 28 23 -10 9 30 1 
1 30 9 -10 23 28 13 24 16 30 21 -29 -29 16 27 -23 18 19 25 10 
12 2 21 28 -5 24 -17 6 25 11 27 1 15 3 8 -5 15 -15 18 17 
18 14 8 11 5 4 13 19 6 20 28 2 26 2 14 -4 24 30 14 -9 
-12 -27 -11 25 28 27 22 -18 25 10 -20 11 -13 30 29 24 22 10 17 13 
-10 -1 28 30 1 12 14 4 22 9 21 29 17 -7 8 -13 -16 15 25 -9 
-28 1 2 13 30 7 18 20 24 11 -12 22 26 -15 11 15 23 -22 12 -15 
18 0 14 -25 16 23 11 14 -23 6 21 8 20 25 12 -2 27 7 2 -12 
13 -4 28 2 4 15 4 -13 14 24 9 26 11 11 27 6 29 6 4 18 
18 28 8 25 21 3 14 2 -20 4 -24 -14 19 12 15 28 -1 2 8 19 
17 -9 20 5 16 -21 22 21 17 16 8 11 20 18 -30 -23 23 11 -23 17 
106
1
16 9
3 10
0
0
