20 20
9 6 4 2 6 2 9 -8 7 -7 8 3 11 2 11 4 3 9 3 -6 
8 5 8 9 6 -3 -4 2 -6 1 3 2 6 5 10 -11 10 9 10 7 
-5 9 3 6 10 9 11 1 6 -10 9 4 -7 1 8 9 4 3 5 8 
-1 10 11 -9 -5 9 7 8 5 2 -5 0 10 -5 8 9 -4 8 8 4 
3 4 5 8 -2 0 4 -11 10 5 -8 10 9 7 10 2 10 -6 3 7 
-7 -9 4 7 9 7 -6 -7 -11 4 -1 -10 -6 5 2 7 4 -9 10 8 
-2 11 8 10 4 -11 11 5 9 1 7 8 -11 3 2 9 -9 9 8 -5 
0 -2 8 8 9 1 3 6 9 7 5 10 2 -2 -4 5 5 9 -7 11 
-7 5 -10 -8 1 8 -10 9 6 10 10 11 7 3 -9 1 -5 11 10 -5 
-5 3 -2 11 3 3 6 0 1 1 -4 -8 8 10 7 6 -8 10 -9 7 
7 -9 10 -8 6 7 10 8 -8 -4 1 1 0 6 3 3 11 -2 3 -5 
-5 10 11 -5 1 -9 3 7 11 10 10 6 9 -10 8 1 -8 -10 5 -7 
11 -7 9 5 5 -4 -2 2 10 5 7 9 6 3 1 9 8 8 -2 0 
-5 8 9 -9 9 2 3 -11 8 7 1 9 5 11 -11 4 10 8 11 -2 
8 10 -9 4 7 2 5 -6 -10 -1 4 -11 -7 -6 7 9 7 4 -9 -7 
7 3 -6 10 2 10 7 9 10 -8 5 10 -11 4 0 -2 8 5 4 3 
4 8 8 -4 9 8 -5 10 0 -5 2 5 8 7 9 -5 -9 11 10 -1 
8 5 3 4 9 8 1 -7 4 9 -10 6 1 11 9 10 6 3 9 -5 
7 10 9 10 -11 10 5 6 2 3 1 -6 2 -4 -3 6 9 8 5 8 
-6 3 9 3 4 11 2 11 3 8 -7 7 -8 9 2 6 2 4 6 9 
33
1
5 3
14 16
0
0
