20 20
-1 3 12 3 2 1 2 -16 10 12 0 6 -4 6 11 15 9 4 -1 17 
0 -1 15 -5 3 9 7 7 10 2 5 -13 15 7 -13 -11 8 3 3 3 
14 8 4 17 7 9 14 5 2 -10 1 16 13 8 14 15 4 -17 -9 6 
13 16 -6 -2 2 -13 -9 17 5 11 -1 16 -10 9 15 -9 1 -17 8 8 
15 9 2 14 9 -6 -15 0 7 11 -1 0 12 -16 5 -17 11 6 12 8 
7 4 -9 3 0 9 9 6 13 13 0 -2 3 -6 4 15 -7 -2 5 1 
17 5 4 17 9 -14 6 9 17 3 -12 -11 -7 8 2 12 -9 -14 10 6 
6 -16 13 17 17 13 15 -9 13 9 15 6 -10 -2 6 0 14 4 4 0 
14 6 2 6 1 5 -12 16 -16 16 16 4 16 9 8 14 15 6 6 1 
17 -5 3 12 10 12 1 9 -17 -14 15 -11 4 1 -17 12 12 -6 17 -14 
-14 17 -6 12 12 -17 1 4 -11 15 -14 -17 9 1 12 10 12 3 -5 17 
1 6 6 15 14 8 9 16 4 16 16 -16 16 -12 5 1 6 2 6 14 
0 4 4 14 0 6 -2 -10 6 15 9 13 -9 15 13 17 17 13 -16 6 
6 10 -14 -9 12 2 8 -7 -11 -12 3 17 9 6 -14 9 17 4 5 17 
1 5 -2 -7 15 4 -6 3 -2 0 13 13 6 9 9 0 3 -9 4 7 
8 12 6 11 -17 5 -16 12 0 -1 11 7 0 -15 -6 9 14 2 9 15 
8 8 -17 1 -9 15 9 -10 16 -1 11 5 17 -9 -13 2 -2 -6 16 13 
6 -9 -17 4 15 14 8 13 16 1 -10 2 5 14 9 7 17 4 8 14 
3 3 3 8 -11 -13 7 15 -13 5 2 10 7 7 9 3 -5 15 -1 0 
17 -1 4 9 15 11 6 -4 6 0 12 10 -16 2 1 2 3 12 3 -1 
94
1
1 2
18 17
0
0
