20 20
14 4 10 -5 2 14 1 14 7 9 10 7 12 -4 1 2 9 12 0 12 
13 1 13 5 0 12 8 3 -12 9 10 0 7 -2 14 12 6 2 13 -6 
10 -3 -8 -12 -4 -12 5 10 7 4 -13 -8 6 8 14 1 10 5 -9 9 
9 2 9 10 4 3 8 14 -2 -10 -6 -12 -4 13 14 3 -1 14 12 2 
7 5 14 6 -5 8 1 2 -6 13 8 12 -1 -5 2 -4 2 -8 11 -4 
-8 5 10 4 9 13 11 6 9 4 0 9 -9 10 13 -14 14 14 -3 -2 
-7 7 -4 -3 -9 10 13 8 12 -13 10 12 11 -5 10 8 9 -6 1 -8 
11 6 -6 1 1 7 -3 2 2 4 -2 3 8 4 2 8 -3 12 8 3 
13 0 7 10 13 -14 11 2 3 -12 14 8 -2 -12 8 12 7 8 11 -12 
-4 7 9 8 0 10 13 1 13 14 1 1 -8 -5 0 5 3 13 10 -4 
-4 10 13 3 5 0 -5 -8 1 1 14 13 1 13 10 0 8 9 7 -4 
-12 11 8 7 12 8 -12 -2 8 14 -12 3 2 11 -14 13 10 7 0 13 
3 8 12 -3 8 2 4 8 3 -2 4 2 2 -3 7 1 1 -6 6 11 
-8 1 -6 9 8 10 -5 11 12 10 -13 12 8 13 10 -9 -3 -4 7 -7 
-2 -3 14 14 -14 13 10 -9 9 0 4 9 6 11 13 9 4 10 5 -8 
-4 11 -8 2 -4 2 -5 -1 12 8 13 -6 2 1 8 -5 6 14 5 7 
2 12 14 -1 3 14 13 -4 -12 -6 -10 -2 14 8 3 4 10 9 2 9 
9 -9 5 10 1 14 8 6 -8 -13 4 7 10 5 -12 -4 -12 -8 -3 10 
-6 13 2 6 12 14 -2 7 0 10 9 -12 3 8 12 0 5 13 1 13 
12 0 12 9 2 1 -4 12 7 10 9 7 14 1 14 2 -5 10 4 14 
48
1
16 11
3 8
0
0
