20 20
13 -12 10 -7 15 18 18 19 10 18 7 -5 9 -8 -19 4 15 16 -4 -5 
12 -1 -14 15 11 9 -15 -17 -12 14 -4 17 -14 -9 -15 -2 17 15 3 7 
5 3 6 8 13 -21 16 -12 -15 -9 17 19 21 -2 -7 7 11 3 -3 2 
-14 5 8 8 13 10 9 16 -19 12 3 1 19 20 14 5 15 18 11 17 
1 20 11 1 5 17 -18 4 19 -12 -8 -11 2 -17 20 18 2 16 -17 16 
11 1 -15 1 3 4 0 -21 7 11 10 11 18 17 18 12 20 16 12 17 
-16 17 -1 -16 -4 -20 2 20 -7 -21 15 19 14 6 11 8 4 9 -5 3 
11 12 12 -17 16 15 17 21 -15 -9 -9 -9 2 12 -16 20 -8 5 6 2 
6 5 -4 9 14 -2 21 17 -1 3 -3 16 10 15 10 18 20 -1 -10 4 
8 8 1 9 20 15 -16 6 20 -20 13 5 12 0 21 14 -3 2 20 11 
11 20 2 -3 14 21 0 12 5 13 -20 20 6 -16 15 20 9 1 8 8 
4 -10 -1 20 18 10 15 10 16 -3 3 -1 17 21 -2 14 9 -4 5 6 
2 6 5 -8 20 -16 12 2 -9 -9 -9 -15 21 17 15 16 -17 12 12 11 
3 -5 9 4 8 11 6 14 19 15 -21 -7 20 2 -20 -4 -16 -1 17 -16 
17 12 16 20 12 18 17 18 11 10 11 7 -21 0 4 3 1 -15 1 11 
16 -17 16 2 18 20 -17 2 -11 -8 -12 19 4 -18 17 5 1 11 20 1 
17 11 18 15 5 14 20 19 1 3 12 -19 16 9 10 13 8 8 5 -14 
2 -3 3 11 7 -7 -2 21 19 17 -9 -15 -12 16 -21 13 8 6 3 5 
7 3 15 17 -2 -15 -9 -14 17 -4 14 -12 -17 -15 9 11 15 -14 -1 12 
-5 -4 16 15 4 -19 -8 9 -5 7 18 10 19 18 18 15 -7 10 -12 13 
183
1
4 18
15 1
0
0
