20 20
-9 3 7 5 11 12 9 13 -3 10 11 11 -3 3 12 12 9 -10 -11 13 
-4 0 14 -13 14 -6 3 6 6 10 3 -6 8 -13 6 8 -9 -5 0 6 
-8 8 6 4 4 3 14 2 -4 9 -8 -9 14 4 9 12 -12 14 -14 -2 
6 13 11 -3 1 5 14 7 2 12 8 8 -10 -14 -5 14 9 9 6 -4 
4 2 -7 6 14 11 -6 0 12 4 9 -12 -8 -14 13 -6 10 -13 14 2 
12 4 4 8 14 0 12 12 8 3 7 -2 14 -6 2 2 8 3 8 -7 
1 6 5 13 3 9 10 1 2 4 10 14 -5 -14 3 2 11 7 10 12 
3 1 14 -1 11 -13 12 -4 8 -7 8 0 -3 14 2 14 12 6 14 -14 
9 8 14 7 4 4 10 -6 12 12 2 -6 3 9 5 6 11 12 -6 11 
6 -5 13 4 0 12 4 2 1 11 1 12 10 8 -11 5 -8 5 7 11 
11 7 5 -8 5 -11 8 10 12 1 11 1 2 4 12 0 4 13 -5 6 
11 -6 12 11 6 5 9 3 -6 2 12 12 -6 10 4 4 7 14 8 9 
-14 14 6 12 14 2 14 -3 0 8 -7 8 -4 12 -13 11 -1 14 1 3 
12 10 7 11 2 3 -14 -5 14 10 4 2 1 10 9 3 13 5 6 1 
-7 8 3 8 2 2 -6 14 -2 7 3 8 12 12 0 14 8 4 4 12 
2 14 -13 10 -6 13 -14 -8 -12 9 4 12 0 -6 11 14 6 -7 2 4 
-4 6 9 9 14 -5 -14 -10 8 8 12 2 7 14 5 1 -3 11 13 6 
-2 -14 14 -12 12 9 4 14 -9 -8 9 -4 2 14 3 4 4 6 8 -8 
6 0 -5 -9 8 6 -13 8 -6 3 10 6 6 3 -6 14 -13 14 0 -4 
13 -11 -10 9 12 12 3 -3 11 11 10 -3 13 9 12 11 5 7 3 -9 
77
1
18 14
1 5
0
0
