20 20
-11 20 12 -22 3 10 -16 -20 -2 -20 6 11 24 5 8 12 12 -4 21 -21 
18 25 17 -3 4 17 6 9 25 15 -16 -25 5 3 14 23 11 -16 -18 9 
10 13 -14 -24 26 5 -1 -1 8 -5 26 12 20 -17 -14 -24 9 5 14 -19 
9 -22 25 -5 0 6 -13 15 -25 21 -7 -3 16 11 20 24 -19 26 -6 2 
-9 8 23 -3 18 20 -15 22 16 23 14 -18 -26 5 11 25 11 13 3 16 
22 3 12 17 18 23 24 21 17 6 19 0 -7 13 -14 14 -21 18 4 25 
3 -9 0 -8 11 23 13 23 12 17 24 10 -3 24 -7 16 2 1 8 18 
-1 15 25 -11 3 25 23 17 16 0 -1 -21 18 20 21 9 16 11 4 17 
18 13 26 -23 25 8 11 12 -7 18 12 5 24 -4 1 21 10 -21 8 3 
22 2 21 -15 16 23 -24 17 25 -8 3 3 18 -15 -25 -15 4 0 -22 -17 
-17 -22 0 4 -15 -25 -15 18 3 3 -8 25 17 -24 23 16 -15 21 2 22 
3 8 -21 10 21 1 -4 24 5 12 18 -7 12 11 8 25 -23 26 13 18 
17 4 11 16 9 21 20 18 -21 -1 0 16 17 23 25 3 -11 25 15 -1 
18 8 1 2 16 -7 24 -3 10 24 17 12 23 13 23 11 -8 0 -9 3 
25 4 18 -21 14 -14 13 -7 0 19 6 17 21 24 23 18 17 12 3 22 
16 3 13 11 25 11 5 -26 -18 14 23 16 22 -15 20 18 -3 23 8 -9 
2 -6 26 -19 24 20 11 16 -3 -7 21 -25 15 -13 6 0 -5 25 -22 9 
-19 14 5 9 -24 -14 -17 20 12 26 -5 8 -1 -1 5 26 -24 -14 13 10 
9 -18 -16 11 23 14 3 5 -25 -16 15 25 9 6 17 4 -3 17 25 18 
-21 21 -4 12 12 8 5 24 11 6 -20 -2 -20 -16 10 3 -22 12 20 -11 
100
1
7 6
12 13
0
0
