20 20
28 1 5 11 18 9 -18 16 -24 15 16 -2 -24 28 28 2 -6 20 2 3 
22 -2 -18 -19 -30 -17 20 14 24 15 21 -28 2 -5 24 13 2 29 19 25 
-27 14 27 -24 18 11 -11 27 5 20 30 8 10 5 17 -15 8 21 29 -18 
28 -11 14 3 21 26 14 -24 20 6 -21 11 8 23 2 21 6 -17 -13 25 
22 -13 5 -6 15 29 10 -1 -12 -16 -29 6 27 15 10 3 18 6 -24 23 
30 5 17 19 18 1 10 -23 15 12 -9 3 16 1 1 19 22 -24 19 -17 
28 28 -23 -9 -15 -20 -23 29 -14 -7 28 -29 5 20 20 28 5 -8 4 26 
12 -24 12 11 7 13 -11 -18 14 15 -11 12 0 12 29 22 29 -3 5 6 
24 1 0 2 18 30 -28 23 14 -24 13 -5 11 1 27 14 30 -29 16 -12 
12 1 2 2 -27 2 7 22 7 -5 -19 7 8 2 29 23 20 5 13 -6 
-6 13 5 20 23 29 2 8 7 -19 -5 7 22 7 2 -27 2 2 1 12 
-12 16 -29 30 14 27 1 11 -5 13 -24 14 23 -28 30 18 2 0 1 24 
6 5 -3 29 22 29 12 0 12 -11 15 14 -18 -11 13 7 11 12 -24 12 
26 4 -8 5 28 20 20 5 -29 28 -7 -14 29 -23 -20 -15 -9 -23 28 28 
-17 19 -24 22 19 1 1 16 3 -9 12 15 -23 10 1 18 19 17 5 30 
23 -24 6 18 3 10 15 27 6 -29 -16 -12 -1 10 29 15 -6 5 -13 22 
25 -13 -17 6 21 2 23 8 11 -21 6 20 -24 14 26 21 3 14 -11 28 
-18 29 21 8 -15 17 5 10 8 30 20 5 27 -11 11 18 -24 27 14 -27 
25 19 29 2 13 24 -5 2 -28 21 15 24 14 20 -17 -30 -19 -18 -2 22 
3 2 20 -6 2 28 28 -24 -2 16 15 -24 16 -18 9 18 11 5 1 28 
97
1
11 8
8 11
0
0
