20 20
1 1 13 12 13 13 12 19 15 17 19 -18 13 -3 -16 14 4 19 2 -14 
12 7 3 20 4 0 8 4 20 13 2 10 2 1 -17 10 -17 -19 -16 1 
-20 8 2 -4 0 2 5 20 9 0 19 4 2 -12 3 13 11 3 -16 20 
2 16 12 4 15 16 11 -6 -1 19 16 -10 15 -10 11 5 3 13 5 18 
16 -13 -16 19 -4 -6 16 14 -16 18 -20 11 7 10 -18 7 4 4 -17 -4 
18 -17 12 4 17 12 -7 4 9 12 8 9 2 -6 11 -8 -19 17 18 13 
2 15 16 4 10 -12 6 3 13 -11 5 -9 18 4 12 13 -7 5 5 9 
10 17 4 -6 8 16 8 19 17 20 16 10 15 -12 -17 -6 18 16 2 4 
18 1 0 2 12 -4 11 2 -19 -10 -13 1 -4 12 0 11 0 5 -5 15 
19 3 -16 6 2 8 20 19 4 -2 19 9 -9 4 20 12 4 -17 10 18 
18 10 -17 4 12 20 4 -9 9 19 -2 4 19 20 8 2 6 -16 3 19 
15 -5 5 0 11 0 12 -4 1 -13 -10 -19 2 11 -4 12 2 0 1 18 
4 2 16 18 -6 -17 -12 15 10 16 20 17 19 8 16 8 -6 4 17 10 
9 5 5 -7 13 12 4 18 -9 5 -11 13 3 6 -12 10 4 16 15 2 
13 18 17 -19 -8 11 -6 2 9 8 12 9 4 -7 12 17 4 12 -17 18 
-4 -17 4 4 7 -18 10 7 11 -20 18 -16 14 16 -6 -4 19 -16 -13 16 
18 5 13 3 5 11 -10 15 -10 16 19 -1 -6 11 16 15 4 12 16 2 
20 -16 3 11 13 3 -12 2 4 19 0 9 20 5 2 0 -4 2 8 -20 
1 -16 -19 -17 10 -17 1 2 10 2 13 20 4 8 0 4 20 3 7 12 
-14 2 19 4 14 -16 -3 13 -18 19 17 15 19 12 13 13 12 13 1 1 
67
1
13 1
6 18
0
0
