20 20
17 19 -5 27 13 -6 18 13 -5 22 8 0 14 10 27 12 9 27 15 22 
23 5 5 26 -17 11 5 14 19 15 5 16 3 13 16 -17 25 -2 3 9 
18 11 -20 19 -26 20 21 4 9 2 0 -16 23 3 25 -5 -10 27 23 -27 
26 20 22 9 18 -18 5 2 -5 7 -27 -26 12 -4 -19 3 19 2 -14 6 
10 5 -27 11 19 8 16 16 11 -4 -17 26 5 26 -23 -5 22 18 19 18 
13 20 -18 1 -26 22 -15 -7 -19 20 3 11 4 -11 8 24 18 3 19 24 
8 17 18 -27 -1 17 5 24 2 -10 16 5 9 24 21 20 17 15 20 22 
17 17 14 4 -17 10 15 17 10 17 24 22 10 10 3 13 25 9 22 18 
-20 -14 24 15 23 12 18 16 9 -6 17 -8 14 11 12 0 17 11 13 2 
8 -14 18 3 26 20 0 12 -8 24 0 18 15 26 24 4 2 26 -15 23 
23 -15 26 2 4 24 26 15 18 0 24 -8 12 0 20 26 3 18 -14 8 
2 13 11 17 0 12 11 14 -8 17 -6 9 16 18 12 23 15 24 -14 -20 
18 22 9 25 13 3 10 10 22 24 17 10 17 15 10 -17 4 14 17 17 
22 20 15 17 20 21 24 9 5 16 -10 2 24 5 17 -1 -27 18 17 8 
24 19 3 18 24 8 -11 4 11 3 20 -19 -7 -15 22 -26 1 -18 20 13 
18 19 18 22 -5 -23 26 5 26 -17 -4 11 16 16 8 19 11 -27 5 10 
6 -14 2 19 3 -19 -4 12 -26 -27 7 -5 2 5 -18 18 9 22 20 26 
-27 23 27 -10 -5 25 3 23 -16 0 2 9 4 21 20 -26 19 -20 11 18 
9 3 -2 25 -17 16 13 3 16 5 15 19 14 5 11 -17 26 5 5 23 
22 15 27 9 12 27 10 14 0 8 22 -5 13 18 -6 13 27 -5 19 17 
34
1
19 1
0 18
0
0
