20 20
10 -16 9 20 0 -2 18 -17 12 -5 -21 -13 1 -13 3 16 3 16 5 -16 
1 5 -2 16 -17 -7 9 9 7 20 18 10 17 11 21 13 -11 8 13 12 
14 10 8 -10 8 -19 8 -14 3 4 0 5 11 9 6 19 7 13 5 13 
-1 -15 2 5 11 10 21 19 8 -8 -18 0 2 15 1 -21 3 -17 -7 5 
8 11 2 20 4 17 21 14 4 1 9 11 -7 -20 12 16 13 8 19 1 
5 -21 12 5 4 0 16 -9 -20 -15 -18 15 0 -13 2 14 13 7 18 19 
15 -12 5 2 2 21 -21 2 10 -18 4 2 1 6 10 7 17 3 15 16 
20 21 18 -13 7 13 14 3 18 -3 -18 9 -20 4 -16 -8 20 -4 20 11 
17 14 -12 2 4 12 -19 -3 12 6 -17 0 5 18 -1 4 15 5 15 -21 
13 19 17 -5 20 19 10 12 8 -9 11 -4 5 -13 -4 -19 1 14 12 5 
5 12 14 1 -19 -4 -13 5 -4 11 -9 8 12 10 19 20 -5 17 19 13 
-21 15 5 15 4 -1 18 5 0 -17 6 12 -3 -19 12 4 2 -12 14 17 
11 20 -4 20 -8 -16 4 -20 9 -18 -3 18 3 14 13 7 -13 18 21 20 
16 15 3 17 7 10 6 1 2 4 -18 10 2 -21 21 2 2 5 -12 15 
19 18 7 13 14 2 -13 0 15 -18 -15 -20 -9 16 0 4 5 12 -21 5 
1 19 8 13 16 12 -20 -7 11 9 1 4 14 21 17 4 20 2 11 8 
5 -7 -17 3 -21 1 15 2 0 -18 -8 8 19 21 10 11 5 2 -15 -1 
13 5 13 7 19 6 9 11 5 0 4 3 -14 8 -19 8 -10 8 10 14 
12 13 8 -11 13 21 11 17 10 18 20 7 9 9 -7 -17 16 -2 5 1 
-16 5 16 3 16 3 -13 1 -13 -21 -5 12 -17 18 -2 0 20 9 -16 10 
178
1
11 16
8 3
0
0
