20 20
24 23 -20 -10 -9 -20 9 4 7 15 -15 15 -17 -26 24 3 -3 7 17 9 
-17 13 25 11 11 1 22 -9 8 -23 19 24 16 3 6 15 23 6 -15 -23 
25 -16 14 13 7 6 -1 9 -9 25 26 23 12 3 0 15 -15 12 14 -9 
20 5 -11 11 2 13 22 -19 8 -18 10 15 -21 21 24 11 10 25 -16 16 
16 7 9 20 18 -19 26 15 15 7 6 -14 10 12 19 21 10 9 -2 -1 
-22 -6 20 -16 24 4 -11 13 22 5 1 19 5 10 10 15 1 -17 7 -21 
7 -8 18 11 3 3 18 7 24 8 -8 21 25 17 -9 11 14 5 19 -11 
18 17 21 2 8 11 21 22 26 -25 11 12 5 20 13 12 20 12 10 7 
-23 8 -10 5 -3 11 23 -10 8 14 16 -10 26 17 25 25 3 6 25 1 
-9 10 13 8 15 21 15 18 24 20 11 25 13 4 1 -8 -22 11 24 19 
19 24 11 -22 -8 1 4 13 25 11 20 24 18 15 21 15 8 13 10 -9 
1 25 6 3 25 25 17 26 -10 16 14 8 -10 23 11 -3 5 -10 8 -23 
7 10 12 20 12 13 20 5 12 11 -25 26 22 21 11 8 2 21 17 18 
-11 19 5 14 11 -9 17 25 21 -8 8 24 7 18 3 3 11 18 -8 7 
-21 7 -17 1 15 10 10 5 19 1 5 22 13 -11 4 24 -16 20 -6 -22 
-1 -2 9 10 21 19 12 10 -14 6 7 15 15 26 -19 18 20 9 7 16 
16 -16 25 10 11 24 21 -21 15 10 -18 8 -19 22 13 2 11 -11 5 20 
-9 14 12 -15 15 0 3 12 23 26 25 -9 9 -1 6 7 13 14 -16 25 
-23 -15 6 23 15 6 3 16 24 19 -23 8 -9 22 1 11 11 25 13 -17 
9 17 7 -3 3 24 -26 -17 15 -15 15 7 4 9 -20 -9 -10 -20 23 24 
53
1
19 16
0 3
0
0
