20 20
13 12 2 -12 5 20 -14 -4 21 -23 -21 20 -5 11 -22 13 21 -14 7 -8 
-14 12 15 -19 5 -18 6 -23 8 12 0 18 13 23 24 7 13 9 10 10 
24 16 6 20 15 -11 12 16 -22 1 -10 -10 22 9 0 9 1 23 11 12 
3 -7 8 -17 -12 9 -5 10 6 -20 8 19 20 -18 18 5 1 12 -17 20 
21 9 22 12 -11 -19 -4 2 7 -4 7 -9 -8 6 18 21 20 -2 -8 -14 
18 5 14 9 18 5 5 1 18 13 10 -20 3 18 4 -6 13 -19 21 -2 
15 12 4 21 16 5 1 15 1 11 22 22 23 -15 -12 16 13 9 0 23 
-3 13 5 -24 -7 15 2 18 16 23 3 -10 8 11 1 9 -4 -10 -16 19 
-4 8 14 22 17 4 -23 8 5 24 10 3 21 11 -7 -24 15 2 20 4 
4 13 -23 24 -10 24 17 22 -13 23 23 2 12 8 16 11 14 -8 1 19 
19 1 -8 14 11 16 8 12 2 23 23 -13 22 17 24 -10 24 -23 13 4 
4 20 2 15 -24 -7 11 21 3 10 24 5 8 -23 4 17 22 14 8 -4 
19 -16 -10 -4 9 1 11 8 -10 3 23 16 18 2 15 -7 -24 5 13 -3 
23 0 9 13 16 -12 -15 23 22 22 11 1 15 1 5 16 21 4 12 15 
-2 21 -19 13 -6 4 18 3 -20 10 13 18 1 5 5 18 9 14 5 18 
-14 -8 -2 20 21 18 6 -8 -9 7 -4 7 2 -4 -19 -11 12 22 9 21 
20 -17 12 1 5 18 -18 20 19 8 -20 6 10 -5 9 -12 -17 8 -7 3 
12 11 23 1 9 0 9 22 -10 -10 1 -22 16 12 -11 15 20 6 16 24 
10 10 9 13 7 24 23 13 18 0 12 8 -23 6 -18 5 -19 15 12 -14 
-8 7 -14 21 13 -22 11 -5 20 -21 -23 21 -4 -14 20 5 -12 2 12 13 
78
1
15 9
4 10
0
0
