20 20
20 21 -8 2 1 -27 -5 0 -12 0 29 23 1 20 26 16 16 14 20 -12 
28 15 0 -12 -22 18 27 -13 14 -29 10 26 0 24 -9 -8 18 17 29 -20 
-19 -19 25 -21 28 6 -2 25 -1 23 -18 15 -6 25 -22 -20 -15 29 13 27 
11 -6 2 4 -19 17 28 3 -5 -9 14 5 18 22 5 12 -9 3 -11 29 
2 4 7 5 2 13 17 20 -4 4 0 26 12 16 7 11 17 8 25 -25 
-9 -12 -15 15 5 5 -3 10 20 4 7 14 3 5 16 11 24 2 7 -27 
18 -11 22 27 23 18 9 13 13 29 6 25 21 -3 9 -23 -17 25 18 -2 
-27 9 26 22 -29 19 11 9 -29 -25 -23 8 -26 26 -3 21 4 -23 24 -10 
28 15 0 18 -1 6 -25 13 27 15 27 16 11 13 -15 6 -15 -16 26 14 
29 -27 -16 -17 10 17 29 15 11 3 21 11 12 29 2 0 11 10 20 23 
23 20 10 11 0 2 29 12 11 21 3 11 15 29 17 10 -17 -16 -27 29 
14 26 -16 -15 6 -15 13 11 16 27 15 27 13 -25 6 -1 18 0 15 28 
-10 24 -23 4 21 -3 26 -26 8 -23 -25 -29 9 11 19 -29 22 26 9 -27 
-2 18 25 -17 -23 9 -3 21 25 6 29 13 13 9 18 23 27 22 -11 18 
-27 7 2 24 11 16 5 3 14 7 4 20 10 -3 5 5 15 -15 -12 -9 
-25 25 8 17 11 7 16 12 26 0 4 -4 20 17 13 2 5 7 4 2 
29 -11 3 -9 12 5 22 18 5 14 -9 -5 3 28 17 -19 4 2 -6 11 
27 13 29 -15 -20 -22 25 -6 15 -18 23 -1 25 -2 6 28 -21 25 -19 -19 
-20 29 17 18 -8 -9 24 0 26 10 -29 14 -13 27 18 -22 -12 0 15 28 
-12 20 14 16 16 26 20 1 23 29 0 -12 0 -5 -27 1 2 -8 21 20 
141
1
13 12
6 7
0
0
