20 20
7 16 22 24 19 -12 -10 -24 5 23 -26 -5 19 -7 13 11 24 -25 15 10 
-26 11 18 -11 -26 26 11 25 8 23 16 11 11 6 -22 6 1 2 2 8 
9 2 7 19 7 13 -6 24 -13 -8 -12 9 15 11 19 24 14 11 17 14 
0 1 -6 21 9 24 10 23 8 15 23 15 12 13 7 5 5 17 18 -26 
10 20 -14 4 5 10 5 6 3 16 -11 -15 24 7 24 13 -5 5 15 -15 
7 15 1 10 18 17 -21 7 -23 26 22 -12 4 9 -10 -9 1 20 20 6 
22 -25 23 -7 14 24 3 12 -7 26 23 17 -8 8 25 5 9 -25 20 18 
19 15 21 15 18 -3 18 17 -16 8 3 17 19 -17 26 3 8 17 25 -17 
17 17 13 -17 6 16 -24 -10 14 15 -17 -25 -20 -15 -25 -18 18 12 16 25 
13 16 10 21 13 -21 0 17 18 16 2 17 3 -12 10 11 14 1 3 15 
15 3 1 14 11 10 -12 3 17 2 16 18 17 0 -21 13 21 10 16 13 
25 16 12 18 -18 -25 -15 -20 -25 -17 15 14 -10 -24 16 6 -17 13 17 17 
-17 25 17 8 3 26 -17 19 17 3 8 -16 17 18 -3 18 15 21 15 19 
18 20 -25 9 5 25 8 -8 17 23 26 -7 12 3 24 14 -7 23 -25 22 
6 20 20 1 -9 -10 9 4 -12 22 26 -23 7 -21 17 18 10 1 15 7 
-15 15 5 -5 13 24 7 24 -15 -11 16 3 6 5 10 5 4 -14 20 10 
-26 18 17 5 5 7 13 12 15 23 15 8 23 10 24 9 21 -6 1 0 
14 17 11 14 24 19 11 15 9 -12 -8 -13 24 -6 13 7 19 7 2 9 
8 2 2 1 6 -22 6 11 11 16 23 8 25 11 26 -26 -11 18 11 -26 
10 15 -25 24 11 13 -7 19 -5 -26 23 5 -24 -10 -12 19 24 22 16 7 
60
1
19 6
0 13
0
0
