20 20
6 -5 7 3 -6 2 5 3 -9 10 -2 12 11 11 13 3 0 12 3 5 
0 7 10 -11 3 -1 1 -9 -8 10 -3 2 4 4 13 7 -13 2 -11 -6 
-4 -6 -5 5 -6 -8 5 -1 5 2 12 12 12 0 4 -8 12 7 12 13 
3 4 3 6 1 3 -12 8 5 4 5 -7 1 3 6 -7 2 -10 -4 12 
1 2 0 4 1 11 -3 3 3 4 -10 8 -8 9 4 7 6 -10 1 10 
10 7 -8 4 9 -2 -7 -8 8 10 -12 7 -2 5 13 5 13 -5 11 13 
11 9 -2 9 -8 13 3 7 -11 3 5 7 5 3 9 9 6 3 -2 -4 
11 5 -4 10 1 12 0 -13 13 7 8 -3 6 7 11 3 -2 6 -3 1 
-7 8 0 7 0 5 6 -2 2 -4 2 3 9 11 8 6 3 1 8 4 
6 9 -6 9 5 11 4 -5 5 -5 7 -6 10 11 11 -3 2 -4 -13 0 
0 -13 -4 2 -3 11 11 10 -6 7 -5 5 -5 4 11 5 9 -6 9 6 
4 8 1 3 6 8 11 9 3 2 -4 2 -2 6 5 0 7 0 8 -7 
1 -3 6 -2 3 11 7 6 -3 8 7 13 -13 0 12 1 10 -4 5 11 
-4 -2 3 6 9 9 3 5 7 5 3 -11 7 3 13 -8 9 -2 9 11 
13 11 -5 13 5 13 5 -2 7 -12 10 8 -8 -7 -2 9 4 -8 7 10 
10 1 -10 6 7 4 9 -8 8 -10 4 3 3 -3 11 1 4 0 2 1 
12 -4 -10 2 -7 6 3 1 -7 5 4 5 8 -12 3 1 6 3 4 3 
13 12 7 12 -8 4 0 12 12 12 2 5 -1 5 -8 -6 5 -5 -6 -4 
-6 -11 2 -13 7 13 4 4 2 -3 10 -8 -9 1 -1 3 -11 10 7 0 
5 3 12 0 3 13 11 11 12 -2 10 -9 3 5 2 -6 3 7 -5 6 
54
1
15 14
4 5
0
0
