20 20
8 -8 -3 -10 -9 6 10 -7 1 5 2 -8 5 6 9 8 -9 10 8 6 
4 6 9 4 4 8 7 -3 5 3 3 -9 4 2 -7 1 0 -8 2 -9 
-1 4 1 4 3 9 10 1 -3 5 2 -8 -9 5 2 4 -8 6 1 -4 
1 5 7 3 -5 3 8 1 10 5 9 7 4 0 -4 -6 6 -4 4 0 
3 10 6 5 10 3 9 7 -2 10 10 -4 10 7 -6 2 -2 3 8 9 
4 -9 6 2 -6 7 0 1 -4 -4 1 10 0 1 -6 -6 4 -10 -7 0 
10 4 7 10 6 5 1 -3 9 8 1 -3 3 -2 4 7 5 3 7 1 
7 7 10 -2 -5 2 -7 2 1 4 5 7 5 -3 9 1 7 1 2 0 
7 -5 1 -6 0 3 0 4 3 1 3 3 -7 8 10 10 6 3 -1 3 
9 9 -8 -6 -2 9 1 5 7 8 1 -5 9 8 2 10 1 7 4 3 
3 4 7 1 10 2 8 9 -5 1 8 7 5 1 9 -2 -6 -8 9 9 
3 -1 3 6 10 10 8 -7 3 3 1 3 4 0 3 0 -6 1 -5 7 
0 2 1 7 1 9 -3 5 7 5 4 1 2 -7 2 -5 -2 10 7 7 
1 7 3 5 7 4 -2 3 -3 1 8 9 -3 1 5 6 10 7 4 10 
0 -7 -10 4 -6 -6 1 0 10 1 -4 -4 1 0 7 -6 2 6 -9 4 
9 8 3 -2 2 -6 7 10 -4 10 10 -2 7 9 3 10 5 6 10 3 
0 4 -4 6 -6 -4 0 4 7 9 5 10 1 8 3 -5 3 7 5 1 
-4 1 6 -8 4 2 5 -9 -8 2 5 -3 1 10 9 3 4 1 4 -1 
-9 2 -8 0 1 -7 2 4 -9 3 3 5 -3 7 8 4 4 9 6 4 
6 8 10 -9 8 9 6 5 -8 2 5 1 -7 10 6 -9 -10 -3 -8 8 
106
1
6 12
13 7
0
0
