20 20
-1 11 11 4 0 16 3 0 -11 16 7 15 -4 4 -7 2 11 5 7 1 
12 2 2 16 13 -4 9 7 10 15 5 -1 10 2 15 -12 -9 4 16 5 
-11 9 6 10 14 9 7 4 12 9 2 7 9 -6 2 6 -4 6 3 0 
14 -10 9 -11 16 -16 -9 0 14 11 12 6 -13 -5 2 14 1 4 -6 4 
-16 8 15 12 14 12 14 3 -11 -5 9 11 14 12 -14 10 8 9 15 -12 
13 8 -2 3 8 -6 2 9 10 3 7 -8 8 -7 8 0 -10 -8 10 11 
-11 12 -5 9 -4 -16 14 -15 3 14 1 -16 -10 8 14 -13 -6 -13 -15 0 
14 6 9 0 6 2 -8 14 13 7 5 -3 2 6 9 11 7 11 3 7 
0 2 13 -16 -11 1 -10 -9 -8 16 15 -1 10 11 -6 -14 14 -5 9 13 
4 -15 14 -10 14 -2 15 16 6 11 8 14 -5 4 13 16 13 16 11 9 
9 11 16 13 16 13 4 -5 14 8 11 6 16 15 -2 14 -10 14 -15 4 
13 9 -5 14 -14 -6 11 10 -1 15 16 -8 -9 -10 1 -11 -16 13 2 0 
7 3 11 7 11 9 6 2 -3 5 7 13 14 -8 2 6 0 9 6 14 
0 -15 -13 -6 -13 14 8 -10 -16 1 14 3 -15 14 -16 -4 9 -5 12 -11 
11 10 -8 -10 0 8 -7 8 -8 7 3 10 9 2 -6 8 3 -2 8 13 
-12 15 9 8 10 -14 12 14 11 9 -5 -11 3 14 12 14 12 15 8 -16 
4 -6 4 1 14 2 -5 -13 6 12 11 14 0 -9 -16 16 -11 9 -10 14 
0 3 6 -4 6 2 -6 9 7 2 9 12 4 7 9 14 10 6 9 -11 
5 16 4 -9 -12 15 2 10 -1 5 15 10 7 9 -4 13 16 2 2 12 
1 7 5 11 2 -7 4 -4 15 7 16 -11 0 3 16 0 4 11 11 -1 
49
1
11 18
8 1
0
0
