20 20
14 20 21 16 13 14 10 8 -12 24 24 4 10 20 -13 1 14 12 22 8 
16 19 -22 2 24 6 -5 12 -19 6 5 -4 16 -20 11 -6 -24 13 -17 21 
16 -4 1 14 23 10 10 13 15 4 -2 20 -10 23 5 21 20 16 1 18 
6 -13 1 10 21 9 -24 -1 19 7 10 -10 8 -4 13 0 -10 18 -9 -24 
-23 18 1 4 -17 -13 2 -15 4 21 4 -9 21 13 -9 1 -18 5 15 24 
22 21 18 19 -11 0 14 6 18 -12 14 7 4 -20 6 -7 15 10 9 15 
4 18 -12 -11 10 19 4 -23 13 12 5 6 0 16 6 1 -16 -10 14 11 
-23 23 5 5 24 15 1 15 18 1 -18 -2 22 1 7 24 -20 18 11 14 
11 18 -15 -1 24 8 4 19 7 12 5 1 7 -15 -20 -7 13 14 -20 22 
-4 22 2 -10 14 1 23 -3 -22 0 5 17 -23 10 4 -2 19 10 0 2 
2 0 10 19 -2 4 10 -23 17 5 0 -22 -3 23 1 14 -10 2 22 -4 
22 -20 14 13 -7 -20 -15 7 1 5 12 7 19 4 8 24 -1 -15 18 11 
14 11 18 -20 24 7 1 22 -2 -18 1 18 15 1 15 24 5 5 23 -23 
11 14 -10 -16 1 6 16 0 6 5 12 13 -23 4 19 10 -11 -12 18 4 
15 9 10 15 -7 6 -20 4 7 14 -12 18 6 14 0 -11 19 18 21 22 
24 15 5 -18 1 -9 13 21 -9 4 21 4 -15 2 -13 -17 4 1 18 -23 
-24 -9 18 -10 0 13 -4 8 -10 10 7 19 -1 -24 9 21 10 1 -13 6 
18 1 16 20 21 5 23 -10 20 -2 4 15 13 10 10 23 14 1 -4 16 
21 -17 13 -24 -6 11 -20 16 -4 5 6 -19 12 -5 6 24 2 -22 19 16 
8 22 12 14 1 -13 20 10 4 24 24 -12 8 10 14 13 16 21 20 14 
149
1
15 17
4 2
0
0
