20 20
-4 10 1 9 6 9 2 8 10 7 10 -10 3 -8 4 1 10 9 7 -6 
-10 5 -9 -2 6 3 5 3 4 -4 8 7 2 9 1 10 6 -8 -3 4 
2 7 10 0 9 7 6 -2 8 6 10 5 3 10 -10 6 7 10 4 1 
-4 10 9 -2 2 2 -6 0 -8 8 8 4 7 2 7 10 10 10 1 7 
10 6 2 10 5 4 2 5 5 4 5 8 9 -1 -9 1 10 4 -9 7 
1 7 -10 1 5 2 6 10 9 9 2 5 -1 -5 4 -5 0 -8 2 9 
3 0 3 6 8 -8 0 1 3 1 0 6 5 10 2 4 4 2 2 0 
-4 -8 1 3 6 7 9 6 6 1 3 5 2 3 2 4 -2 7 8 4 
9 3 9 4 9 10 8 -3 -5 9 1 -6 4 8 10 -1 7 6 4 -4 
-3 8 8 2 5 -8 6 -4 -2 1 10 -3 -2 8 -10 6 -6 7 2 8 
8 2 7 -6 6 -10 8 -2 -3 10 1 -2 -4 6 -8 5 2 8 8 -3 
-4 4 6 7 -1 10 8 4 -6 1 9 -5 -3 8 10 9 4 9 3 9 
4 8 7 -2 4 2 3 2 5 3 1 6 6 9 7 6 3 1 -8 -4 
0 2 2 4 4 2 10 5 6 0 1 3 1 0 -8 8 6 3 0 3 
9 2 -8 0 -5 4 -5 -1 5 2 9 9 10 6 2 5 1 -10 7 1 
7 -9 4 10 1 -9 -1 9 8 5 4 5 5 2 4 5 10 2 6 10 
7 1 10 10 10 7 2 7 4 8 8 -8 0 -6 2 2 -2 9 10 -4 
1 4 10 7 6 -10 10 3 5 10 6 8 -2 6 7 9 0 10 7 2 
4 -3 -8 6 10 1 9 2 7 8 -4 4 3 5 3 6 -2 -9 5 -10 
-6 7 9 10 1 4 -8 3 -10 10 7 10 8 2 9 6 9 1 10 -4 
97
1
3 15
16 4
0
0
