20 20
21 13 -6 -17 3 15 7 13 -16 -11 3 22 5 16 4 18 8 -9 -18 16 
22 -17 12 15 10 20 -12 13 17 5 7 11 -7 -7 15 18 0 12 21 18 
20 9 -16 7 3 18 7 13 8 -13 3 11 -4 3 -20 2 5 5 10 -11 
21 5 8 6 5 5 1 3 -21 10 4 11 17 -18 -21 14 21 4 14 6 
-2 -15 13 17 7 21 12 7 20 5 3 9 21 11 17 15 14 1 7 5 
0 21 15 2 11 14 -21 11 14 -1 17 22 14 1 7 20 10 1 22 -4 
21 15 1 2 13 6 22 9 -17 21 6 -18 13 13 -1 -4 3 22 16 17 
-4 19 20 1 9 17 10 17 -11 -13 2 3 6 -16 19 -19 6 20 10 -15 
22 17 0 6 17 3 8 2 22 11 9 10 11 -6 9 12 -15 2 13 12 
2 13 5 -17 -5 8 -12 12 21 11 -13 18 16 9 11 6 -19 1 -8 -5 
-5 -8 1 -19 6 11 9 16 18 -13 11 21 12 -12 8 -5 -17 5 13 2 
12 13 2 -15 12 9 -6 11 10 9 11 22 2 8 3 17 6 0 17 22 
-15 10 20 6 -19 19 -16 6 3 2 -13 -11 17 10 17 9 1 20 19 -4 
17 16 22 3 -4 -1 13 13 -18 6 21 -17 9 22 6 13 2 1 15 21 
-4 22 1 10 20 7 1 14 22 17 -1 14 11 -21 14 11 2 15 21 0 
5 7 1 14 15 17 11 21 9 3 5 20 7 12 21 7 17 13 -15 -2 
6 14 4 21 14 -21 -18 17 11 4 10 -21 3 1 5 5 6 8 5 21 
-11 10 5 5 2 -20 3 -4 11 3 -13 8 13 7 18 3 7 -16 9 20 
18 21 12 0 18 15 -7 -7 11 7 5 17 13 -12 20 10 15 12 -17 22 
16 -18 -9 8 18 4 16 5 22 3 -11 -16 13 7 15 3 -17 -6 13 21 
159
1
9 14
10 5
0
0
