20 20
12 28 13 6 13 12 2 28 28 -2 5 25 13 7 -16 0 21 6 5 4 
12 8 9 7 14 -7 8 12 -29 23 24 -14 -28 8 18 -7 18 17 14 6 
13 29 7 21 9 19 13 24 11 25 27 0 8 1 -17 7 2 -27 20 17 
18 12 11 -6 -9 3 20 6 14 -4 24 -19 12 -25 4 17 -1 15 -22 2 
29 5 -12 -25 10 -7 -20 7 9 -8 0 0 24 3 20 11 4 -23 11 8 
-22 12 16 -28 6 29 29 5 15 -20 28 2 22 8 -11 -18 3 13 -10 21 
17 28 22 14 15 -8 24 8 22 -5 -7 12 14 24 11 17 16 22 -25 17 
18 -24 16 -13 28 9 -3 28 -25 -26 20 20 18 -18 14 -29 15 19 20 -26 
-23 2 -19 8 20 3 -22 4 19 -22 -11 -23 11 0 28 -25 11 -9 13 13 
2 12 12 27 9 8 25 -13 25 0 8 -17 22 28 4 21 25 14 10 1 
1 10 14 25 21 4 28 22 -17 8 0 25 -13 25 8 9 27 12 12 2 
13 13 -9 11 -25 28 0 11 -23 -11 -22 19 4 -22 3 20 8 -19 2 -23 
-26 20 19 15 -29 14 -18 18 20 20 -26 -25 28 -3 9 28 -13 16 -24 18 
17 -25 22 16 17 11 24 14 12 -7 -5 22 8 24 -8 15 14 22 28 17 
21 -10 13 3 -18 -11 8 22 2 28 -20 15 5 29 29 6 -28 16 12 -22 
8 11 -23 4 11 20 3 24 0 0 -8 9 7 -20 -7 10 -25 -12 5 29 
2 -22 15 -1 17 4 -25 12 -19 24 -4 14 6 20 3 -9 -6 11 12 18 
17 20 -27 2 7 -17 1 8 0 27 25 11 24 13 19 9 21 7 29 13 
6 14 17 18 -7 18 8 -28 -14 24 23 -29 12 8 -7 14 7 9 8 12 
4 5 6 21 0 -16 7 13 25 5 -2 28 28 2 12 13 6 13 28 12 
76
1
11 3
8 16
0
0
