20 20
-10 -19 4 10 5 -2 -17 13 -10 12 16 7 -11 6 20 5 14 -19 3 13 
-16 12 -19 -17 -7 12 1 20 4 19 -5 6 -7 16 -13 18 13 -5 11 18 
9 12 -11 9 18 -17 3 11 -2 -3 14 3 13 -10 20 -4 -19 5 -12 1 
14 10 9 1 -17 9 10 -7 11 5 10 9 0 -4 -1 10 -15 12 -14 5 
-4 8 -20 -17 8 -13 20 -2 2 10 1 -8 15 6 17 18 20 11 18 19 
12 10 17 -3 19 2 -7 12 0 16 18 -3 15 1 16 13 -9 14 -5 10 
18 15 -17 -15 17 5 -11 8 -2 3 3 5 1 5 11 4 -11 20 0 2 
7 7 -2 7 18 8 16 15 13 -1 3 13 11 5 -16 20 13 -1 -13 9 
-18 5 7 1 4 14 10 8 10 10 3 15 17 9 13 17 7 17 -17 16 
-19 13 3 -3 1 4 -5 5 20 1 15 3 1 14 0 11 -15 15 -15 5 
5 -15 15 -15 11 0 14 1 3 15 1 20 5 -5 4 1 -3 3 13 -19 
16 -17 17 7 17 13 9 17 15 3 10 10 8 10 14 4 1 7 5 -18 
9 -13 -1 13 20 -16 5 11 13 3 -1 13 15 16 8 18 7 -2 7 7 
2 0 20 -11 4 11 5 1 5 3 3 -2 8 -11 5 17 -15 -17 15 18 
10 -5 14 -9 13 16 1 15 -3 18 16 0 12 -7 2 19 -3 17 10 12 
19 18 11 20 18 17 6 15 -8 1 10 2 -2 20 -13 8 -17 -20 8 -4 
5 -14 12 -15 10 -1 -4 0 9 10 5 11 -7 10 9 -17 1 9 10 14 
1 -12 5 -19 -4 20 -10 13 3 14 -3 -2 11 3 -17 18 9 -11 12 9 
18 11 -5 13 18 -13 16 -7 6 -5 19 4 20 1 12 -7 -17 -19 12 -16 
13 3 -19 14 5 20 6 -11 7 16 12 -10 13 -17 -2 5 10 4 -19 -10 
68
1
5 4
14 15
0
0
