20 20
1 -4 -13 -4 5 -8 9 2 -6 12 15 8 16 12 -6 15 4 7 12 7 
16 0 -14 -4 10 15 13 -16 16 14 15 14 16 9 -12 -5 4 3 15 9 
-5 7 16 2 13 9 9 -4 9 6 0 10 10 -15 10 2 12 1 -8 5 
9 7 12 10 -11 1 0 7 -15 -3 11 13 -13 6 -12 -5 14 11 -5 5 
13 10 3 14 13 -11 15 5 -16 -2 -14 13 1 14 -15 13 9 8 16 1 
-12 13 10 6 8 1 15 -9 1 -14 9 3 7 -6 12 -7 16 -3 10 15 
4 8 6 9 -4 -10 5 2 8 4 -14 1 7 6 -9 -13 11 12 13 5 
12 3 2 3 8 8 11 16 12 -8 -10 3 2 2 6 14 6 4 11 14 
11 6 11 -11 5 14 11 4 7 -13 5 -16 14 16 6 9 3 12 13 -9 
-8 16 2 13 14 0 -4 15 6 16 0 13 8 -14 8 2 10 0 13 7 
7 13 0 10 2 8 -14 8 13 0 16 6 15 -4 0 14 13 2 16 -8 
-9 13 12 3 9 6 16 14 -16 5 -13 7 4 11 14 5 -11 11 6 11 
14 11 4 6 14 6 2 2 3 -10 -8 12 16 11 8 8 3 2 3 12 
5 13 12 11 -13 -9 6 7 1 -14 4 8 2 5 -10 -4 9 6 8 4 
15 10 -3 16 -7 12 -6 7 3 9 -14 1 -9 15 1 8 6 10 13 -12 
1 16 8 9 13 -15 14 1 13 -14 -2 -16 5 15 -11 13 14 3 10 13 
5 -5 11 14 -5 -12 6 -13 13 11 -3 -15 7 0 1 -11 10 12 7 9 
5 -8 1 12 2 10 -15 10 10 0 6 9 -4 9 9 13 2 16 7 -5 
9 15 3 4 -5 -12 9 16 14 15 14 16 -16 13 15 10 -4 -14 0 16 
7 12 7 4 15 -6 12 16 8 15 12 -6 2 9 -8 5 -4 -13 -4 1 
52
1
17 4
2 15
0
0
