20 20
1 13 0 2 10 -1 4 -5 7 7 5 7 -3 1 5 4 1 2 2 -13 
-6 10 -13 13 8 7 6 3 6 8 12 6 -7 12 -7 8 -8 8 12 5 
8 6 -5 -2 7 7 13 -1 9 -1 11 9 5 -11 5 8 3 13 -6 9 
-4 -7 10 9 5 11 5 2 10 11 13 3 11 3 1 0 0 -6 5 6 
4 7 3 0 -12 -11 4 12 6 2 0 5 6 13 11 4 3 4 11 9 
-5 2 3 -11 1 10 5 10 -12 4 8 4 10 1 3 1 5 3 6 -6 
5 -1 5 6 -13 8 12 5 -5 5 3 -5 -8 6 8 6 9 7 9 12 
-11 2 -3 11 -1 11 7 13 6 13 -6 5 -12 12 3 -10 10 10 -7 2 
-5 6 0 6 10 13 11 -2 9 11 13 4 -8 10 10 12 10 -9 10 4 
3 4 5 6 6 9 3 9 7 -3 4 -1 -11 -12 -2 -13 2 4 8 13 
13 8 4 2 -13 -2 -12 -11 -1 4 -3 7 9 3 9 6 6 5 4 3 
4 10 -9 10 12 10 10 -8 4 13 11 9 -2 11 13 10 6 0 6 -5 
2 -7 10 10 -10 3 12 -12 5 -6 13 6 13 7 11 -1 11 -3 2 -11 
12 9 7 9 6 8 6 -8 -5 3 5 -5 5 12 8 -13 6 5 -1 5 
-6 6 3 5 1 3 1 10 4 8 4 -12 10 5 10 1 -11 3 2 -5 
9 11 4 3 4 11 13 6 5 0 2 6 12 4 -11 -12 0 3 7 4 
6 5 -6 0 0 1 3 11 3 13 11 10 2 5 11 5 9 10 -7 -4 
9 -6 13 3 8 5 -11 5 9 11 -1 9 -1 13 7 7 -2 -5 6 8 
5 12 8 -8 8 -7 12 -7 6 12 8 6 3 6 7 8 13 -13 10 -6 
-13 2 2 1 4 5 1 -3 7 5 7 7 -5 4 -1 10 2 0 13 1 
118
1
10 13
9 6
0
0
