20 20
1 -11 5 2 10 -1 -11 -8 10 3 12 10 -6 3 2 2 2 4 9 5 
4 12 11 1 12 3 6 11 1 -12 1 10 13 13 -2 12 9 11 8 12 
-4 9 11 7 10 -3 -1 -3 2 7 1 -6 10 4 13 5 9 -10 10 4 
-1 1 -11 4 9 2 8 7 2 2 3 -2 11 3 12 -10 4 2 11 -11 
8 6 8 -1 11 9 6 -9 13 8 11 -10 1 13 5 9 6 13 9 6 
-2 9 1 1 10 2 1 -12 12 6 10 11 2 5 5 12 6 5 7 2 
3 8 3 12 10 4 -13 4 12 7 11 5 -2 -13 4 6 5 2 5 6 
-4 4 13 8 -7 2 6 11 -1 -1 10 8 1 -6 0 9 1 12 6 -6 
5 6 10 7 -1 6 -3 -6 12 -10 -7 5 -6 -9 -6 -8 -10 -3 7 12 
1 13 7 12 6 4 13 2 10 12 1 10 2 2 0 1 8 13 6 8 
8 6 13 8 1 0 2 2 10 1 12 10 2 13 4 6 12 7 13 1 
12 7 -3 -10 -8 -6 -9 -6 5 -7 -10 12 -6 -3 6 -1 7 10 6 5 
-6 6 12 1 9 0 -6 1 8 10 -1 -1 11 6 2 -7 8 13 4 -4 
6 5 2 5 6 4 -13 -2 5 11 7 12 4 -13 4 10 12 3 8 3 
2 7 5 6 12 5 5 2 11 10 6 12 -12 1 2 10 1 1 9 -2 
6 9 13 6 9 5 13 1 -10 11 8 13 -9 6 9 11 -1 8 6 8 
-11 11 2 4 -10 12 3 11 -2 3 2 2 7 8 2 9 4 -11 1 -1 
4 10 -10 9 5 13 4 10 -6 1 7 2 -3 -1 -3 10 7 11 9 -4 
12 8 11 9 12 -2 13 13 10 1 -12 1 11 6 3 12 1 11 12 4 
5 9 4 2 2 2 3 -6 10 12 3 10 -8 -11 -1 10 2 5 -11 1 
96
1
17 11
2 8
0
0
