20 20
15 14 23 12 17 1 20 7 22 23 9 9 9 -2 21 17 8 11 12 11 
22 10 3 17 10 -12 -9 13 -5 13 1 0 9 3 -7 18 9 20 -1 17 
11 2 11 5 23 4 18 7 2 21 -17 9 -23 12 6 21 19 13 8 11 
-17 14 -15 12 -8 -19 -10 22 12 14 9 9 3 22 9 18 20 19 10 6 
10 -21 10 1 7 6 -18 8 15 21 -3 1 22 10 18 -8 9 10 -4 -13 
3 17 19 -4 0 16 9 15 15 12 15 19 3 4 0 5 -7 13 5 13 
15 2 5 -4 21 -10 -19 9 -15 -21 -5 18 13 23 15 -1 11 0 1 14 
4 -13 9 16 6 14 18 5 15 8 16 -10 14 5 17 -15 21 -1 7 22 
19 5 20 -1 21 -8 4 0 16 0 11 -7 17 14 13 11 20 0 -3 6 
10 1 14 17 1 2 4 1 11 8 9 7 15 14 19 3 8 -8 2 23 
23 2 -8 8 3 19 14 15 7 9 8 11 1 4 2 1 17 14 1 10 
6 -3 0 20 11 13 14 17 -7 11 0 16 0 4 -8 21 -1 20 5 19 
22 7 -1 21 -15 17 5 14 -10 16 8 15 5 18 14 6 16 9 -13 4 
14 1 0 11 -1 15 23 13 18 -5 -21 -15 9 -19 -10 21 -4 5 2 15 
13 5 13 -7 5 0 4 3 19 15 12 15 15 9 16 0 -4 19 17 3 
-13 -4 10 9 -8 18 10 22 1 -3 21 15 8 -18 6 7 1 10 -21 10 
6 10 19 20 18 9 22 3 9 9 14 12 22 -10 -19 -8 12 -15 14 -17 
11 8 13 19 21 6 12 -23 9 -17 21 2 7 18 4 23 5 11 2 11 
17 -1 20 9 18 -7 3 9 0 1 13 -5 13 -9 -12 10 17 3 10 22 
11 12 11 8 17 21 -2 9 9 9 23 22 7 20 1 17 12 23 14 15 
120
1
12 10
7 9
0
0
