20 20
7 6 9 -13 -9 6 11 3 9 4 20 3 1 19 19 19 15 9 4 6 
16 14 -20 -11 20 16 15 -9 7 17 16 11 10 9 -3 14 2 1 14 17 
8 8 6 -11 2 13 6 14 17 19 6 5 9 16 -19 20 4 2 -5 19 
-20 1 12 -9 6 8 12 -19 16 20 11 3 9 -19 19 13 18 16 2 16 
14 19 -17 -15 -17 8 12 -19 18 4 7 11 -11 -13 12 14 10 -19 10 3 
11 10 15 5 -7 20 13 -8 -5 8 -2 19 3 8 12 20 -19 -15 -5 20 
-20 17 18 1 -14 2 10 -5 16 12 7 9 -15 3 0 12 5 -2 19 -4 
6 2 7 15 -13 -6 16 4 0 18 -16 16 4 -19 15 16 5 2 0 3 
20 8 1 9 13 17 2 -2 -7 9 11 1 14 10 20 4 16 -2 7 20 
-18 3 4 -7 14 -11 8 5 3 10 -18 3 -19 20 10 6 3 4 -6 13 
13 -6 4 3 6 10 20 -19 3 -18 10 3 5 8 -11 14 -7 4 3 -18 
20 7 -2 16 4 20 10 14 1 11 9 -7 -2 2 17 13 9 1 8 20 
3 0 2 5 16 15 -19 4 16 -16 18 0 4 16 -6 -13 15 7 2 6 
-4 19 -2 5 12 0 3 -15 9 7 12 16 -5 10 2 -14 1 18 17 -20 
20 -5 -15 -19 20 12 8 3 19 -2 8 -5 -8 13 20 -7 5 15 10 11 
3 10 -19 10 14 12 -13 -11 11 7 4 18 -19 12 8 -17 -15 -17 19 14 
16 2 16 18 13 19 -19 9 3 11 20 16 -19 12 8 6 -9 12 1 -20 
19 -5 2 4 20 -19 16 9 5 6 19 17 14 6 13 2 -11 6 8 8 
17 14 1 2 14 -3 9 10 11 16 17 7 -9 15 16 20 -11 -20 14 16 
6 4 9 15 19 19 19 1 3 20 4 9 3 11 6 -9 -13 9 6 7 
65
1
17 10
2 9
0
0
