20 20
17 6 6 -14 14 13 10 7 11 0 4 9 18 15 14 10 16 9 15 15 
9 10 15 16 15 17 17 2 14 1 6 9 3 3 4 9 7 6 13 -11 
5 0 11 10 15 4 10 16 17 -5 -1 11 -4 -17 1 -17 14 14 6 13 
-7 12 11 -8 16 17 -5 16 0 -7 -13 8 16 2 9 -17 13 -9 -12 -17 
3 12 6 2 15 1 -7 10 10 -15 17 12 16 0 -16 14 -1 2 -11 -14 
11 14 6 5 0 13 0 10 15 15 4 12 18 11 14 11 15 2 17 -18 
8 -7 0 13 14 8 8 17 18 6 0 12 -5 -17 5 -5 17 5 17 1 
12 6 17 -7 3 1 16 1 11 18 -7 10 13 1 -18 18 7 -13 -12 12 
10 10 0 -9 6 6 3 -5 -1 3 16 10 10 13 -11 3 15 -17 12 9 
14 0 13 16 18 15 15 17 16 -2 1 5 4 -3 17 -1 2 17 0 -17 
-17 0 17 2 -1 17 -3 4 5 1 -2 16 17 15 15 18 16 13 0 14 
9 12 -17 15 3 -11 13 10 10 16 3 -1 -5 3 6 6 -9 0 10 10 
12 -12 -13 7 18 -18 1 13 10 -7 18 11 1 16 1 3 -7 17 6 12 
1 17 5 17 -5 5 -17 -5 12 0 6 18 17 8 8 14 13 0 -7 8 
-18 17 2 15 11 14 11 18 12 4 15 15 10 0 13 0 5 6 14 11 
-14 -11 2 -1 14 -16 0 16 12 17 -15 10 10 -7 1 15 2 6 12 3 
-17 -12 -9 13 -17 9 2 16 8 -13 -7 0 16 -5 17 16 -8 11 12 -7 
13 6 14 14 -17 1 -17 -4 11 -1 -5 17 16 10 4 15 10 11 0 5 
-11 13 6 7 9 4 3 3 9 6 1 14 2 17 17 15 16 15 10 9 
15 15 9 16 10 14 15 18 9 4 0 11 7 10 13 14 -14 6 6 17 
180
1
6 1
13 18
0
0
