20 20
-2 14 13 16 17 -6 -1 4 8 10 8 -1 6 4 1 13 10 5 9 7 
15 15 -17 14 -11 -3 -9 -6 9 1 -2 -9 11 17 14 17 4 8 4 2 
-11 -5 11 7 11 10 14 3 14 13 8 13 15 5 1 -3 10 12 9 7 
10 -11 -10 6 9 8 7 15 6 -14 17 6 10 11 -5 15 2 10 -12 5 
17 -17 -10 13 4 1 14 14 -6 11 2 8 3 12 11 2 6 13 3 5 
1 1 10 -7 -16 6 11 -12 9 13 12 -13 -2 16 7 4 1 -15 7 -3 
9 12 8 4 10 9 14 15 2 13 -16 17 -2 14 9 5 16 -10 1 12 
-17 6 17 4 11 9 9 11 12 5 7 3 -2 5 11 -12 2 -4 13 -15 
12 13 7 -8 15 -3 -15 10 -5 15 17 3 1 5 15 7 13 9 12 3 
-4 1 5 7 12 3 6 6 -4 2 1 4 -11 4 9 5 15 17 12 -17 
-17 12 17 15 5 9 4 -11 4 1 2 -4 6 6 3 12 7 5 1 -4 
3 12 9 13 7 15 5 1 3 17 15 -5 10 -15 -3 15 -8 7 13 12 
-15 13 -4 2 -12 11 5 -2 3 7 5 12 11 9 9 11 4 17 6 -17 
12 1 -10 16 5 9 14 -2 17 -16 13 2 15 14 9 10 4 8 12 9 
-3 7 -15 1 4 7 16 -2 -13 12 13 9 -12 11 6 -16 -7 10 1 1 
5 3 13 6 2 11 12 3 8 2 11 -6 14 14 1 4 13 -10 -17 17 
5 -12 10 2 15 -5 11 10 6 17 -14 6 15 7 8 9 6 -10 -11 10 
7 9 12 10 -3 1 5 15 13 8 13 14 3 14 10 11 7 11 -5 -11 
2 4 8 4 17 14 17 11 -9 -2 1 9 -6 -9 -3 -11 14 -17 15 15 
7 9 5 10 13 1 4 6 -1 8 10 8 4 -1 -6 17 16 13 14 -2 
93
1
18 14
1 5
0
0
