20 20
12 10 11 10 3 1 -9 5 5 13 7 11 13 0 -5 7 -11 9 4 4 
-6 13 4 2 9 10 -9 6 -11 3 7 13 12 0 6 13 -10 1 8 10 
12 -8 11 7 6 8 -7 13 7 1 4 8 3 12 -11 5 2 11 12 13 
-11 -1 5 -4 11 1 3 4 -9 -10 11 0 -2 -12 -4 -7 3 10 7 -3 
12 -3 -9 2 12 -6 10 10 13 2 11 8 9 1 11 2 0 6 7 -2 
1 -4 11 12 8 3 -8 -8 4 5 5 10 -6 4 6 10 0 1 1 11 
-1 12 1 1 8 13 5 2 11 0 8 8 1 5 2 -3 -9 3 12 -12 
8 -11 -7 6 5 0 9 3 5 1 -3 12 7 13 8 -10 4 13 10 -11 
4 -11 -9 10 -12 8 7 5 0 -4 2 13 6 8 1 6 -5 7 13 3 
3 8 -6 13 -5 2 7 -5 -4 -1 0 12 6 8 0 13 4 5 1 11 
11 1 5 4 13 0 8 6 12 0 -1 -4 -5 7 2 -5 13 -6 8 3 
3 13 7 -5 6 1 8 6 13 2 -4 0 5 7 8 -12 10 -9 -11 4 
-11 10 13 4 -10 8 13 7 12 -3 1 5 3 9 0 5 6 -7 -11 8 
-12 12 3 -9 -3 2 5 1 8 8 0 11 2 5 13 8 1 1 12 -1 
11 1 1 0 10 6 4 -6 10 5 5 4 -8 -8 3 8 12 11 -4 1 
-2 7 6 0 2 11 1 9 8 11 2 13 10 10 -6 12 2 -9 -3 12 
-3 7 10 3 -7 -4 -12 -2 0 11 -10 -9 4 3 1 11 -4 5 -1 -11 
13 12 11 2 5 -11 12 3 8 4 1 7 13 -7 8 6 7 11 -8 12 
10 8 1 -10 13 6 0 12 13 7 3 -11 6 -9 10 9 2 4 13 -6 
4 4 9 -11 7 -5 0 13 11 7 13 5 5 -9 1 3 10 11 10 12 
76
1
10 15
9 4
0
0
