20 20
5 9 1 -1 11 -5 1 7 7 7 7 6 9 7 -1 -3 -5 1 0 11 
1 4 5 10 -9 -6 -9 3 -11 4 3 -4 2 1 10 5 3 0 1 1 
8 6 6 7 9 5 8 -2 4 -9 4 6 -2 11 4 10 4 3 2 -6 
5 -9 9 11 11 -7 7 7 4 8 6 4 2 3 3 8 11 9 -9 4 
-3 7 -2 5 4 10 -10 8 2 5 8 -5 10 10 4 2 -5 9 8 1 
3 1 -8 4 4 11 0 5 0 3 1 -3 -5 5 3 8 -10 1 -7 1 
2 -5 10 9 2 -2 11 10 1 2 6 0 9 11 6 8 9 5 3 3 
9 11 1 6 7 5 5 -9 3 10 3 7 9 7 3 11 2 7 5 11 
4 7 4 -6 -11 1 7 11 3 2 7 3 9 7 -7 -4 5 11 9 3 
11 11 -8 7 4 -3 5 4 8 6 9 1 -8 3 4 2 1 11 5 1 
1 5 11 1 2 4 3 -8 1 9 6 8 4 5 -3 4 7 -8 11 11 
3 9 11 5 -4 -7 7 9 3 7 2 3 11 7 1 -11 -6 4 7 4 
11 5 7 2 11 3 7 9 7 3 10 3 -9 5 5 7 6 1 11 9 
3 3 5 9 8 6 11 9 0 6 2 1 10 11 -2 2 9 10 -5 2 
1 -7 1 -10 8 3 5 -5 -3 1 3 0 5 0 11 4 4 -8 1 3 
1 8 9 -5 2 4 10 10 -5 8 5 2 8 -10 10 4 5 -2 7 -3 
4 -9 9 11 8 3 3 2 4 6 8 4 7 7 -7 11 11 9 -9 5 
-6 2 3 4 10 4 11 -2 6 4 -9 4 -2 8 5 9 7 6 6 8 
1 1 0 3 5 10 1 2 -4 3 4 -11 3 -9 -6 -9 10 5 4 1 
11 0 1 -5 -3 -1 7 9 6 7 7 7 7 1 -5 11 -1 1 9 5 
116
1
2 7
17 12
0
0
