20 20
14 -3 8 -5 1 16 14 4 -1 16 14 9 3 1 14 14 9 16 13 12 
0 13 8 12 7 4 0 13 2 15 6 6 -11 5 7 13 -12 1 16 -10 
10 16 7 0 6 -5 12 4 12 0 -4 11 10 2 -5 0 2 2 1 11 
-4 8 1 -2 14 15 7 -5 7 -8 14 6 15 13 5 -11 16 9 14 9 
0 2 5 8 6 -1 -5 -7 11 11 10 5 11 16 8 7 3 9 12 11 
-3 -10 -14 0 5 -6 1 6 -5 -2 2 7 5 -4 -14 14 13 11 9 1 
3 4 -15 14 15 1 14 16 10 5 5 -10 1 9 8 12 8 -2 12 14 
4 13 3 6 2 2 8 10 5 5 8 12 -4 14 6 -4 16 1 1 2 
9 -6 6 16 8 -9 1 -7 14 3 14 5 -14 2 3 7 12 -12 15 15 
16 11 -16 -14 14 0 3 -2 -6 -10 2 12 3 0 10 16 11 14 16 12 
12 16 14 11 16 10 0 3 12 2 -10 -6 -2 3 0 14 -14 -16 11 16 
15 15 -12 12 7 3 2 -14 5 14 3 14 -7 1 -9 8 16 6 -6 9 
2 1 1 16 -4 6 14 -4 12 8 5 5 10 8 2 2 6 3 13 4 
14 12 -2 8 12 8 9 1 -10 5 5 10 16 14 1 15 14 -15 4 3 
1 9 11 13 14 -14 -4 5 7 2 -2 -5 6 1 -6 5 0 -14 -10 -3 
11 12 9 3 7 8 16 11 5 10 11 11 -7 -5 -1 6 8 5 2 0 
9 14 9 16 -11 5 13 15 6 14 -8 7 -5 7 15 14 -2 1 8 -4 
11 1 2 2 0 -5 2 10 11 -4 0 12 4 12 -5 6 0 7 16 10 
-10 16 1 -12 13 7 5 -11 6 6 15 2 13 0 4 7 12 8 13 0 
12 13 16 9 14 14 1 3 9 14 16 -1 4 14 16 1 -5 8 -3 14 
55
1
18 10
1 9
0
0
