20 20
22 1 1 9 6 -16 13 22 13 17 -6 13 22 21 5 15 22 18 2 -17 
13 15 -7 8 22 15 4 -2 -7 19 -3 7 3 10 -18 22 16 -2 22 4 
22 -1 17 5 6 18 12 13 5 2 -11 21 8 -19 -18 -6 -16 17 21 7 
18 16 0 -18 -19 15 -9 4 21 -5 13 10 -22 3 3 4 0 -3 12 5 
8 20 20 5 14 20 9 17 6 8 5 9 15 7 12 16 -22 11 0 10 
7 20 22 3 9 9 3 12 3 -21 10 5 20 4 10 -13 6 15 16 13 
4 9 12 -11 2 19 22 11 9 14 7 10 -14 -18 15 6 12 -5 5 7 
-14 2 3 -15 -2 5 20 14 18 17 -20 -8 21 -10 8 -15 6 11 7 20 
-3 0 15 14 2 12 1 -3 1 18 -20 1 3 1 3 -14 2 1 1 14 
10 7 21 -1 -13 5 14 -8 -16 -15 11 11 1 13 7 -18 17 0 2 1 
1 2 0 17 -18 7 13 1 11 11 -15 -16 -8 14 5 -13 -1 21 7 10 
14 1 1 2 -14 3 1 3 1 -20 18 1 -3 1 12 2 14 15 0 -3 
20 7 11 6 -15 8 -10 21 -8 -20 17 18 14 20 5 -2 -15 3 2 -14 
7 5 -5 12 6 15 -18 -14 10 7 14 9 11 22 19 2 -11 12 9 4 
13 16 15 6 -13 10 4 20 5 10 -21 3 12 3 9 9 3 22 20 7 
10 0 11 -22 16 12 7 15 9 5 8 6 17 9 20 14 5 20 20 8 
5 12 -3 0 4 3 3 -22 10 13 -5 21 4 -9 15 -19 -18 0 16 18 
7 21 17 -16 -6 -18 -19 8 21 -11 2 5 13 12 18 6 5 17 -1 22 
4 22 -2 16 22 -18 10 3 7 -3 19 -7 -2 4 15 22 8 -7 15 13 
-17 2 18 22 15 5 21 22 13 -6 17 13 22 13 -16 6 9 1 1 22 
112
1
10 19
9 0
0
0
