20 20
9 6 7 0 7 -7 6 8 7 10 2 5 -9 7 3 7 -2 -5 12 -3 
0 -12 4 12 3 -2 2 10 4 0 9 2 -2 -11 4 5 -1 11 7 1 
-2 3 8 12 9 6 10 9 -10 7 2 1 -11 -3 -10 6 -1 -1 10 1 
4 2 -2 -7 -6 1 9 8 -9 7 11 1 7 11 1 11 1 11 -11 5 
1 9 11 11 12 -10 8 4 8 2 -3 9 5 12 -1 -11 -12 6 -11 0 
8 12 9 9 11 -1 12 4 -2 1 1 -5 6 4 8 6 10 11 6 5 
10 11 12 -4 7 2 -10 8 9 12 7 3 12 12 0 0 -6 7 -8 2 
-1 -2 -12 -4 -1 8 2 3 11 6 7 12 5 6 10 6 -4 -7 -9 7 
-1 0 12 4 10 5 -12 12 4 7 11 5 -4 4 6 4 12 8 11 4 
11 11 1 4 1 5 6 7 -3 11 6 3 -6 7 -2 6 -11 0 3 7 
7 3 0 -11 6 -2 7 -6 3 6 11 -3 7 6 5 1 4 1 11 11 
4 11 8 12 4 6 4 -4 5 11 7 4 12 -12 5 10 4 12 0 -1 
7 -9 -7 -4 6 10 6 5 12 7 6 11 3 2 8 -1 -4 -12 -2 -1 
2 -8 7 -6 0 0 12 12 3 7 12 9 8 -10 2 7 -4 12 11 10 
5 6 11 10 6 8 4 6 -5 1 1 -2 4 12 -1 11 9 9 12 8 
0 -11 6 -12 -11 -1 12 5 9 -3 2 8 4 8 -10 12 11 11 9 1 
5 -11 11 1 11 1 11 7 1 11 7 -9 8 9 1 -6 -7 -2 2 4 
1 10 -1 -1 6 -10 -3 -11 1 2 7 -10 9 10 6 9 12 8 3 -2 
1 7 11 -1 5 4 -11 -2 2 9 0 4 10 2 -2 3 12 4 -12 0 
-3 12 -5 -2 7 3 7 -9 5 2 10 7 8 6 -7 7 0 7 6 9 
114
1
6 7
13 12
0
0
