20 20
0 4 -20 21 1 2 -22 -7 23 1 16 7 11 8 1 17 15 -5 -19 5 
11 22 14 -4 -15 23 8 9 -12 21 -12 -14 -5 -5 5 -22 5 10 -4 -23 
17 0 6 -5 5 9 14 18 21 8 18 14 12 -6 14 3 23 4 6 10 
7 -2 17 21 14 22 2 -23 15 19 10 -14 11 20 -21 -11 12 15 20 -21 
22 -11 -12 13 10 4 7 9 1 14 13 17 22 18 8 -11 22 7 20 -3 
-20 0 22 19 5 9 6 14 2 -20 22 6 5 -12 9 9 5 -2 -15 22 
4 6 23 17 -13 6 14 -8 5 8 11 -15 3 -15 3 19 18 -21 17 7 
-16 16 3 1 19 -23 -20 0 15 -15 -6 3 1 21 12 10 -20 -4 0 17 
-22 12 15 0 17 11 18 15 18 -13 2 5 18 14 15 -18 11 -15 -1 6 
4 -18 8 4 15 17 5 11 3 -9 -1 -17 14 4 13 8 10 1 -11 15 
15 -11 1 10 8 13 4 14 -17 -1 -9 3 11 5 17 15 4 8 -18 4 
6 -1 -15 11 -18 15 14 18 5 2 -13 18 15 18 11 17 0 15 12 -22 
17 0 -4 -20 10 12 21 1 3 -6 -15 15 0 -20 -23 19 1 3 16 -16 
7 17 -21 18 19 3 -15 3 -15 11 8 5 -8 14 6 -13 17 23 6 4 
22 -15 -2 5 9 9 -12 5 6 22 -20 2 14 6 9 5 19 22 0 -20 
-3 20 7 22 -11 8 18 22 17 13 14 1 9 7 4 10 13 -12 -11 22 
-21 20 15 12 -11 -21 20 11 -14 10 19 15 -23 2 22 14 21 17 -2 7 
10 6 4 23 3 14 -6 12 14 18 8 21 18 14 9 5 -5 6 0 17 
-23 -4 10 5 -22 5 -5 -5 -14 -12 21 -12 9 8 23 -15 -4 14 22 11 
5 -19 -5 15 17 1 8 11 7 16 1 23 -7 -22 2 1 21 -20 4 0 
89
1
0 19
19 0
0
0
