20 20
14 -11 10 5 14 5 12 12 12 4 6 13 -15 15 7 11 7 -4 6 4 
13 -8 1 15 -6 3 2 4 8 7 6 4 16 3 -8 -8 1 12 4 -13 
12 1 12 15 16 -16 12 8 14 15 -16 15 16 5 6 6 0 14 6 -10 
7 5 15 16 12 -14 12 7 -6 3 1 9 12 7 13 7 8 15 1 -15 
11 13 16 1 10 13 8 7 4 -1 16 1 1 12 7 3 10 0 8 15 
5 -2 11 7 10 11 11 13 -10 5 12 -6 8 8 1 9 14 16 -16 5 
0 2 -16 12 13 3 10 4 -13 -6 -8 2 4 12 1 -13 7 -16 1 -14 
5 13 15 -13 -4 2 2 10 1 7 13 12 15 -4 1 -9 14 2 13 -3 
8 2 6 9 12 1 -13 9 -12 7 4 -6 13 8 14 3 15 7 2 2 
11 9 3 16 10 11 10 9 2 5 4 12 -13 2 -3 -15 -12 1 -14 -8 
-8 -14 1 -12 -15 -3 2 -13 12 4 5 2 9 10 11 10 16 3 9 11 
2 2 7 15 3 14 8 13 -6 4 7 -12 9 -13 1 12 9 6 2 8 
-3 13 2 14 -9 1 -4 15 12 13 7 1 10 2 2 -4 -13 15 13 5 
-14 1 -16 7 -13 1 12 4 2 -8 -6 -13 4 10 3 13 12 -16 2 0 
5 -16 16 14 9 1 8 8 -6 12 5 -10 13 11 11 10 7 11 -2 5 
15 8 0 10 3 7 12 1 1 16 -1 4 7 8 13 10 1 16 13 11 
-15 1 15 8 7 13 7 12 9 1 3 -6 7 12 -14 12 16 15 5 7 
-10 6 14 0 6 6 5 16 15 -16 15 14 8 12 -16 16 15 12 1 12 
-13 4 12 1 -8 -8 3 16 4 6 7 8 4 2 3 -6 15 1 -8 13 
4 6 -4 7 11 7 15 -15 13 6 4 12 12 12 5 14 5 10 -11 14 
98
1
18 1
1 18
0
0
