20 20
17 25 -13 19 -13 9 26 1 5 22 22 7 1 16 16 17 16 -16 11 25 
-22 6 17 24 11 19 23 -25 10 4 9 24 5 -11 14 3 20 1 15 26 
11 21 6 3 6 26 12 -19 22 -7 21 17 9 9 18 -23 2 10 -21 22 
-1 -9 25 4 15 25 23 16 4 24 17 6 24 15 18 4 6 9 -5 12 
-5 22 23 -4 17 9 8 -1 17 -23 19 -9 5 -20 6 21 4 23 7 12 
25 2 17 -5 4 22 21 1 10 12 15 24 -13 4 2 10 19 4 11 9 
12 3 21 2 5 14 12 20 -25 9 -2 15 24 24 1 24 21 24 25 -24 
15 3 -8 18 4 23 -1 26 15 -5 15 -26 -19 6 26 21 -20 -22 -18 -6 
25 11 5 20 -14 2 0 26 23 -9 2 22 4 19 2 15 -3 24 15 8 
7 16 -10 -1 26 -19 21 14 17 15 14 18 -23 19 6 -7 -16 5 9 24 
24 9 5 -16 -7 6 19 -23 18 14 15 17 14 21 -19 26 -1 -10 16 7 
8 15 24 -3 15 2 19 4 22 2 -9 23 26 0 2 -14 20 5 11 25 
-6 -18 -22 -20 21 26 6 -19 -26 15 -5 15 26 -1 23 4 18 -8 3 15 
-24 25 24 21 24 1 24 24 15 -2 9 -25 20 12 14 5 2 21 3 12 
9 11 4 19 10 2 4 -13 24 15 12 10 1 21 22 4 -5 17 2 25 
12 7 23 4 21 6 -20 5 -9 19 -23 17 -1 8 9 17 -4 23 22 -5 
12 -5 9 6 4 18 15 24 6 17 24 4 16 23 25 15 4 25 -9 -1 
22 -21 10 2 -23 18 9 9 17 21 -7 22 -19 12 26 6 3 6 21 11 
26 15 1 20 3 14 -11 5 24 9 4 10 -25 23 19 11 24 17 6 -22 
25 11 -16 16 17 16 16 1 7 22 22 5 1 26 9 -13 19 -13 25 17 
117
1
16 9
3 10
0
0
