20 20
11 -4 7 1 5 -2 9 8 -1 8 7 -10 2 11 11 -12 -12 13 10 13 
7 11 -6 4 -13 9 12 12 -5 10 7 9 4 5 13 3 4 9 12 8 
3 0 4 4 8 -5 15 8 4 9 8 -8 3 11 7 5 9 15 6 9 
-5 12 -4 0 -7 14 11 13 6 4 -7 -8 7 14 4 -5 6 -2 -4 3 
-12 -12 4 -4 9 -2 10 -2 -15 11 10 1 -1 -9 9 11 8 15 -8 14 
15 -6 13 -8 -15 5 12 -3 -2 3 5 -12 13 2 6 11 9 14 1 9 
-10 13 4 9 7 6 4 6 -11 1 14 7 10 -10 -8 6 13 2 -3 7 
7 13 15 2 6 -11 -9 2 8 13 11 -7 3 8 -11 8 0 3 0 15 
-4 9 -8 0 13 3 12 2 2 13 4 10 3 -4 15 15 -15 7 11 7 
7 3 -10 -4 2 15 3 2 -12 1 -5 -3 13 15 -11 0 12 -1 5 3 
3 5 -1 12 0 -11 15 13 -3 -5 1 -12 2 3 15 2 -4 -10 3 7 
7 11 7 -15 15 15 -4 3 10 4 13 2 2 12 3 13 0 -8 9 -4 
15 0 3 0 8 -11 8 3 -7 11 13 8 2 -9 -11 6 2 15 13 7 
7 -3 2 13 6 -8 -10 10 7 14 1 -11 6 4 6 7 9 4 13 -10 
9 1 14 9 11 6 2 13 -12 5 3 -2 -3 12 5 -15 -8 13 -6 15 
14 -8 15 8 11 9 -9 -1 1 10 11 -15 -2 10 -2 9 -4 4 -12 -12 
3 -4 -2 6 -5 4 14 7 -8 -7 4 6 13 11 14 -7 0 -4 12 -5 
9 6 15 9 5 7 11 3 -8 8 9 4 8 15 -5 8 4 4 0 3 
8 12 9 4 3 13 5 4 9 7 10 -5 12 12 9 -13 4 -6 11 7 
13 10 13 -12 -12 11 11 2 -10 7 8 -1 8 9 -2 5 1 7 -4 11 
36
1
3 2
16 17
0
0
