20 20
12 4 3 1 9 6 7 10 3 1 3 11 3 1 13 3 0 -11 11 6 
4 8 7 5 4 4 4 9 13 11 8 -2 3 -3 5 -6 8 10 -2 3 
2 11 7 8 11 -12 3 5 -7 0 10 10 -1 7 0 -7 -9 0 6 1 
7 3 4 12 10 -2 4 7 6 -5 1 13 10 9 5 10 4 -13 12 11 
4 9 -1 -5 4 2 11 12 13 13 -1 13 -2 5 13 -7 -13 10 8 6 
8 4 3 5 9 13 -10 10 -2 10 1 10 -1 11 10 -9 12 3 8 -7 
-8 2 -7 13 -10 8 9 11 -13 5 -2 10 5 4 1 -3 -3 9 2 -9 
3 7 11 5 -13 6 7 0 3 -1 -9 4 2 8 -1 13 -10 7 0 13 
-11 -13 13 6 9 11 8 2 1 -6 2 2 8 -1 1 -12 7 0 9 6 
0 12 1 3 9 -2 13 1 8 8 13 7 11 8 5 13 13 9 8 6 
6 8 9 13 13 5 8 11 7 13 8 8 1 13 -2 9 3 1 12 0 
6 9 0 7 -12 1 -1 8 2 2 -6 1 2 8 11 9 6 13 -13 -11 
13 0 7 -10 13 -1 8 2 4 -9 -1 3 0 7 6 -13 5 11 7 3 
-9 2 9 -3 -3 1 4 5 10 -2 5 -13 11 9 8 -10 13 -7 2 -8 
-7 8 3 12 -9 10 11 -1 10 1 10 -2 10 -10 13 9 5 3 4 8 
6 8 10 -13 -7 13 5 -2 13 -1 13 13 12 11 2 4 -5 -1 9 4 
11 12 -13 4 10 5 9 10 13 1 -5 6 7 4 -2 10 12 4 3 7 
1 6 0 -9 -7 0 7 -1 10 10 0 -7 5 3 -12 11 8 7 11 2 
3 -2 10 8 -6 5 -3 3 -2 8 11 13 9 4 4 4 5 7 8 4 
6 11 -11 0 3 13 1 3 11 3 1 3 10 7 6 9 1 3 4 12 
93
1
10 17
9 2
0
0
