20 20
11 9 10 4 3 -10 8 13 6 10 -9 7 10 13 4 -9 -8 1 2 5 
3 6 8 8 2 9 11 8 -1 -6 11 7 6 10 -2 13 -5 2 -6 2 
0 -12 8 -5 10 9 6 10 -12 2 3 10 -11 0 5 -6 10 6 4 10 
11 12 4 -10 0 10 -3 13 7 6 -8 4 -10 12 1 8 3 -4 4 7 
4 8 -1 1 -8 12 2 2 -1 -1 11 11 1 13 5 -13 -5 -7 4 -11 
-3 4 6 -13 6 7 3 5 0 13 -1 12 6 7 5 8 -7 10 8 9 
1 5 8 -3 6 -11 6 10 -2 -10 -1 13 4 4 1 8 -9 10 4 0 
7 9 0 8 2 7 1 3 8 -5 5 9 3 13 10 12 -13 -1 -2 5 
13 10 -13 10 5 5 13 11 3 0 1 2 7 5 10 3 2 4 10 8 
-7 9 -10 -12 -12 -1 3 1 5 5 6 11 7 11 3 1 -1 2 -13 -4 
-4 -13 2 -1 1 3 11 7 11 6 5 5 1 3 -1 -12 -12 -10 9 -7 
8 10 4 2 3 10 5 7 2 1 0 3 11 13 5 5 10 -13 10 13 
5 -2 -1 -13 12 10 13 3 9 5 -5 8 3 1 7 2 8 0 9 7 
0 4 10 -9 8 1 4 4 13 -1 -10 -2 10 6 -11 6 -3 8 5 1 
9 8 10 -7 8 5 7 6 12 -1 13 0 5 3 7 6 -13 6 4 -3 
-11 4 -7 -5 -13 5 13 1 11 11 -1 -1 2 2 12 -8 1 -1 8 4 
7 4 -4 3 8 1 12 -10 4 -8 6 7 13 -3 10 0 -10 4 12 11 
10 4 6 10 -6 5 0 -11 10 3 2 -12 10 6 9 10 -5 8 -12 0 
2 -6 2 -5 13 -2 10 6 7 11 -6 -1 8 11 9 2 8 8 6 3 
5 2 1 -8 -9 4 13 10 7 -9 10 6 13 8 -10 3 4 10 9 11 
158
1
4 11
15 8
0
0
