20 20
9 15 14 -11 1 14 -3 15 3 6 8 2 11 4 -16 5 3 10 9 8 
9 15 -12 11 -3 10 12 12 9 16 6 6 9 -10 -15 4 16 -8 7 -10 
-7 5 11 -17 -11 14 3 14 3 6 0 4 9 14 -6 17 4 -12 10 -1 
11 0 12 17 -1 4 -2 -14 0 5 2 17 -3 15 17 10 14 4 -7 2 
7 4 14 -15 14 14 5 -3 -14 3 3 15 10 9 2 6 16 7 1 -9 
2 13 3 6 11 4 15 12 -9 -14 -10 17 14 10 -2 7 1 -5 -10 -5 
12 5 -14 2 0 3 10 -4 1 6 14 -10 -13 -6 16 10 -11 6 1 6 
17 2 14 3 -12 15 12 11 0 -4 7 4 -15 6 13 11 6 7 17 3 
7 12 1 8 13 16 -6 16 11 9 16 13 14 13 14 15 -1 -2 6 -10 
7 -11 -1 3 4 17 7 -2 0 10 6 6 16 13 10 8 0 12 -11 14 
14 -11 12 0 8 10 13 16 6 6 10 0 -2 7 17 4 3 -1 -11 7 
-10 6 -2 -1 15 14 13 14 13 16 9 11 16 -6 16 13 8 1 12 7 
3 17 7 6 11 13 6 -15 4 7 -4 0 11 12 15 -12 3 14 2 17 
6 1 6 -11 10 16 -6 -13 -10 14 6 1 -4 10 3 0 2 -14 5 12 
-5 -10 -5 1 7 -2 10 14 17 -10 -14 -9 12 15 4 11 6 3 13 2 
-9 1 7 16 6 2 9 10 15 3 3 -14 -3 5 14 14 -15 14 4 7 
2 -7 4 14 10 17 15 -3 17 2 5 0 -14 -2 4 -1 17 12 0 11 
-1 10 -12 4 17 -6 14 9 4 0 6 3 14 3 14 -11 -17 11 5 -7 
-10 7 -8 16 4 -15 -10 9 6 6 16 9 12 12 10 -3 11 -12 15 9 
8 9 10 3 5 -16 4 11 2 8 6 3 15 -3 14 1 -11 14 15 9 
97
1
0 6
19 13
0
0
