20 20
18 1 -23 27 -18 -15 1 24 13 2 -12 14 10 -26 22 26 1 4 4 14 
17 5 4 2 15 25 -11 3 11 8 -19 3 -1 -24 3 22 11 17 24 26 
7 26 15 27 2 16 11 22 19 -1 14 28 6 8 13 26 25 15 -21 21 
16 11 25 8 9 17 8 5 -2 16 19 19 13 7 9 12 5 -2 -13 21 
-23 2 18 9 3 19 18 -3 -4 22 26 -18 10 8 -3 4 -6 27 -14 13 
-9 -10 12 15 -7 -6 23 17 -1 1 8 28 19 -14 4 4 24 -23 6 12 
11 14 21 5 -11 27 -1 15 20 15 20 24 9 -27 -13 -14 9 5 -11 -24 
25 11 -27 6 -13 9 2 27 -20 27 27 12 13 4 -17 -8 18 -25 15 10 
3 27 -22 10 20 14 23 -11 24 1 -16 18 0 26 -21 -22 21 -2 27 19 
6 13 3 6 -16 10 23 -17 -20 13 -28 22 27 -14 21 -2 -27 3 14 28 
28 14 3 -27 -2 21 -14 27 22 -28 13 -20 -17 23 10 -16 6 3 13 6 
19 27 -2 21 -22 -21 26 0 18 -16 1 24 -11 23 14 20 10 -22 27 3 
10 15 -25 18 -8 -17 4 13 12 27 27 -20 27 2 9 -13 6 -27 11 25 
-24 -11 5 9 -14 -13 -27 9 24 20 15 20 15 -1 27 -11 5 21 14 11 
12 6 -23 24 4 4 -14 19 28 8 1 -1 17 23 -6 -7 15 12 -10 -9 
13 -14 27 -6 4 -3 8 10 -18 26 22 -4 -3 18 19 3 9 18 2 -23 
21 -13 -2 5 12 9 7 13 19 19 16 -2 5 8 17 9 8 25 11 16 
21 -21 15 25 26 13 8 6 28 14 -1 19 22 11 16 2 27 15 26 7 
26 24 17 11 22 3 -24 -1 3 -19 8 11 3 -11 25 15 2 4 5 17 
14 4 4 1 26 22 -26 10 14 -12 2 13 24 1 -15 -18 27 -23 1 18 
87
1
17 4
2 15
0
0
