20 20
25 2 23 15 -20 -27 -6 -20 -21 -15 22 27 13 -3 -4 17 20 15 3 -4 
-11 0 17 15 12 -12 5 24 0 26 5 -12 22 26 1 25 4 2 11 -13 
24 -3 12 -1 5 23 1 -7 27 17 -7 -25 13 -17 -1 6 23 17 16 -19 
29 29 6 -14 14 7 21 -5 12 11 1 11 9 15 -25 3 20 2 12 12 
-13 -22 -24 16 9 9 -20 -12 -19 14 25 13 19 28 23 12 6 5 -20 11 
20 13 20 8 9 17 23 20 16 10 28 25 13 -5 -4 -29 7 7 4 6 
18 0 12 -28 18 5 -28 5 21 -8 11 -22 3 12 -8 25 9 27 5 17 
20 26 12 15 16 -6 29 15 10 3 1 13 21 -17 20 2 11 8 23 24 
-26 2 1 9 6 6 9 -25 -23 -2 14 18 25 11 20 28 13 12 7 9 
14 14 5 10 -12 24 2 2 -1 -28 14 26 23 3 28 25 -16 19 15 15 
15 15 19 -16 25 28 3 23 26 14 -28 -1 2 2 24 -12 10 5 14 14 
9 7 12 13 28 20 11 25 18 14 -2 -23 -25 9 6 6 9 1 2 -26 
24 23 8 11 2 20 -17 21 13 1 3 10 15 29 -6 16 15 12 26 20 
17 5 27 9 25 -8 12 3 -22 11 -8 21 5 -28 5 18 -28 12 0 18 
6 4 7 7 -29 -4 -5 13 25 28 10 16 20 23 17 9 8 20 13 20 
11 -20 5 6 12 23 28 19 13 25 14 -19 -12 -20 9 9 16 -24 -22 -13 
12 12 2 20 3 -25 15 9 11 1 11 12 -5 21 7 14 -14 6 29 29 
-19 16 17 23 6 -1 -17 13 -25 -7 17 27 -7 1 23 5 -1 12 -3 24 
-13 11 2 4 25 1 26 22 -12 5 26 0 24 5 -12 12 15 17 0 -11 
-4 3 15 20 17 -4 -3 13 27 22 -15 -21 -20 -6 -27 -20 15 23 2 25 
90
1
12 16
7 3
0
0
