20 20
-10 8 0 -5 -12 5 9 5 3 0 -7 12 2 8 -12 4 2 10 10 10 
-1 9 11 10 -2 -10 -4 11 9 1 11 -7 6 2 -5 1 8 12 3 -11 
6 1 3 1 11 -10 -7 11 6 10 -8 11 11 2 7 7 4 -2 12 10 
-1 8 9 -3 10 7 1 -12 -10 9 0 8 10 -5 -11 6 1 -1 4 -4 
8 -2 -1 -7 6 2 7 4 5 7 11 10 10 12 4 6 9 5 6 4 
0 1 2 10 1 -7 2 -1 2 -9 4 6 9 6 4 9 8 5 -2 5 
3 -7 5 2 10 9 8 12 -9 6 4 8 6 1 3 3 5 8 12 2 
9 2 8 5 6 8 12 10 4 10 6 0 3 3 5 9 9 7 -3 12 
8 6 6 4 7 -5 5 11 5 -9 -5 2 4 6 6 -10 -10 -12 10 6 
-8 11 7 5 0 6 7 5 -7 11 -7 6 3 3 7 -8 12 6 9 5 
5 9 6 12 -8 7 3 3 6 -7 11 -7 5 7 6 0 5 7 11 -8 
6 10 -12 -10 -10 6 6 4 2 -5 -9 5 11 5 -5 7 4 6 6 8 
12 -3 7 9 9 5 3 3 0 6 10 4 10 12 8 6 5 8 2 9 
2 12 8 5 3 3 1 6 8 4 6 -9 12 8 9 10 2 5 -7 3 
5 -2 5 8 9 4 6 9 6 4 -9 2 -1 2 -7 1 10 2 1 0 
4 6 5 9 6 4 12 10 10 11 7 5 4 7 2 6 -7 -1 -2 8 
-4 4 -1 1 6 -11 -5 10 8 0 9 -10 -12 1 7 10 -3 9 8 -1 
10 12 -2 4 7 7 2 11 11 -8 10 6 11 -7 -10 11 1 3 1 6 
-11 3 12 8 1 -5 2 6 -7 11 1 9 11 -4 -10 -2 10 11 9 -1 
10 10 10 2 4 -12 8 2 12 -7 0 3 5 9 5 -12 -5 0 8 -10 
139
1
1 13
18 6
0
0
