20 20
12 25 -8 14 27 27 16 10 18 24 6 4 18 1 27 15 13 -20 20 12 
24 11 16 20 -9 21 0 18 26 20 2 4 10 -18 9 3 1 22 13 21 
22 22 17 16 24 -2 -19 -9 7 21 8 4 24 -19 27 22 7 26 0 10 
12 18 7 25 -9 25 21 21 24 10 4 0 21 19 13 -18 -22 -22 -1 -17 
14 13 4 16 27 -9 18 0 10 -6 24 -14 -14 -5 17 12 12 25 14 27 
-22 24 26 8 -11 7 -6 23 -17 15 26 6 21 27 25 -24 19 16 18 19 
3 -25 15 10 -3 22 24 -8 -22 6 27 3 6 15 16 12 17 -20 -15 10 
4 -24 -21 27 26 26 3 -17 -19 27 3 14 12 4 20 1 5 4 24 0 
-11 -13 13 2 27 20 14 16 0 -24 3 2 21 9 -11 23 -3 12 8 14 
2 23 10 -25 16 -20 12 16 21 27 27 3 14 14 20 11 5 21 21 14 
14 21 21 5 11 20 14 14 3 27 27 21 16 12 -20 16 -25 10 23 2 
14 8 12 -3 23 -11 9 21 2 3 -24 0 16 14 20 27 2 13 -13 -11 
0 24 4 5 1 20 4 12 14 3 27 -19 -17 3 26 26 27 -21 -24 4 
10 -15 -20 17 12 16 15 6 3 27 6 -22 -8 24 22 -3 10 15 -25 3 
19 18 16 19 -24 25 27 21 6 26 15 -17 23 -6 7 -11 8 26 24 -22 
27 14 25 12 12 17 -5 -14 -14 24 -6 10 0 18 -9 27 16 4 13 14 
-17 -1 -22 -22 -18 13 19 21 0 4 10 24 21 21 25 -9 25 7 18 12 
10 0 26 7 22 27 -19 24 4 8 21 7 -9 -19 -2 24 16 17 22 22 
21 13 22 1 3 9 -18 10 4 2 20 26 18 0 21 -9 20 16 11 24 
12 20 -20 13 15 27 1 18 4 6 24 18 10 16 27 27 14 -8 25 12 
40
1
0 3
19 16
0
0
