20 20
3 -16 -17 15 13 7 17 -14 0 2 17 8 7 7 3 10 17 6 11 18 
17 10 1 2 18 15 1 3 -1 0 13 5 14 7 1 15 2 3 1 -15 
-14 4 15 11 -10 2 1 12 -8 6 6 13 11 -6 5 10 1 3 -13 6 
17 -18 -9 -16 -7 18 2 11 -16 2 16 18 5 3 -16 9 13 13 14 1 
-12 5 18 7 6 6 -5 5 9 8 3 -15 16 14 13 18 12 2 7 8 
2 16 4 -18 17 -8 17 8 4 -8 6 1 14 13 13 7 -1 18 7 18 
18 11 12 6 2 18 -15 17 17 12 6 4 -1 12 15 9 11 5 -13 4 
12 -18 5 -4 -9 -2 -7 13 5 -17 4 -8 15 -5 12 8 2 14 18 16 
18 -15 -13 5 6 -2 18 7 -7 17 13 2 10 5 17 2 11 2 -12 10 
2 -5 4 18 4 -7 17 14 12 15 13 13 1 17 10 7 -16 -2 8 -14 
-14 8 -2 -16 7 10 17 1 13 13 15 12 14 17 -7 4 18 4 -5 2 
10 -12 2 11 2 17 5 10 2 13 17 -7 7 18 -2 6 5 -13 -15 18 
16 18 14 2 8 12 -5 15 -8 4 -17 5 13 -7 -2 -9 -4 5 -18 12 
4 -13 5 11 9 15 12 -1 4 6 12 17 17 -15 18 2 6 12 11 18 
18 7 18 -1 7 13 13 14 1 6 -8 4 8 17 -8 17 -18 4 16 2 
8 7 2 12 18 13 14 16 -15 3 8 9 5 -5 6 6 7 18 5 -12 
1 14 13 13 9 -16 3 5 18 16 2 -16 11 2 18 -7 -16 -9 -18 17 
6 -13 3 1 10 5 -6 11 13 6 6 -8 12 1 2 -10 11 15 4 -14 
-15 1 3 2 15 1 7 14 5 13 0 -1 3 1 15 18 2 1 10 17 
18 11 6 17 10 3 7 7 8 17 2 0 -14 17 7 13 15 -17 -16 3 
154
1
15 17
4 2
0
0
