20 20
1 3 0 7 0 11 7 6 7 1 -17 18 -16 16 7 -11 3 10 8 -9 
8 -8 10 8 13 7 0 8 -11 13 -13 -11 10 -19 0 18 10 -20 0 9 
-6 18 2 17 20 2 16 5 -11 -6 -19 14 7 3 -10 13 12 -17 -16 9 
3 -11 -8 -18 5 14 11 13 -13 8 11 20 2 7 0 16 8 -12 -3 7 
1 2 4 18 -13 3 -11 6 -1 -9 5 6 5 15 11 15 6 13 -16 8 
0 6 12 12 -4 4 -6 8 3 -10 17 15 9 14 15 5 18 1 19 2 
13 16 4 -4 1 3 4 19 6 16 3 6 -12 11 3 10 -16 -11 11 14 
2 8 9 15 19 -11 -2 14 8 -15 16 19 13 10 20 18 14 -10 -4 -6 
-9 -7 -16 14 20 11 -2 1 11 3 -17 10 1 18 14 12 6 18 13 13 
19 17 15 20 -10 -8 15 2 2 12 6 12 15 9 -8 -11 16 10 15 18 
18 15 10 16 -11 -8 9 15 12 6 12 2 2 15 -8 -10 20 15 17 19 
13 13 18 6 12 14 18 1 10 -17 3 11 1 -2 11 20 14 -16 -7 -9 
-6 -4 -10 14 18 20 10 13 19 16 -15 8 14 -2 -11 19 15 9 8 2 
14 11 -11 -16 10 3 11 -12 6 3 16 6 19 4 3 1 -4 4 16 13 
2 19 1 18 5 15 14 9 15 17 -10 3 8 -6 4 -4 12 12 6 0 
8 -16 13 6 15 11 15 5 6 5 -9 -1 6 -11 3 -13 18 4 2 1 
7 -3 -12 8 16 0 7 2 20 11 8 -13 13 11 14 5 -18 -8 -11 3 
9 -16 -17 12 13 -10 3 7 14 -19 -6 -11 5 16 2 20 17 2 18 -6 
9 0 -20 10 18 0 -19 10 -11 -13 13 -11 8 0 7 13 8 10 -8 8 
-9 8 10 3 -11 7 16 -16 18 -17 1 7 6 7 11 0 7 0 3 1 
53
1
16 10
3 9
0
0
