20 20
-4 5 -11 -10 -8 14 -10 13 -15 -20 1 4 14 12 18 -18 6 18 -14 17 
20 5 2 18 -6 14 10 6 7 -16 -13 12 -1 -7 12 3 12 17 6 -11 
6 10 6 4 16 16 -10 -6 19 12 13 7 -16 3 8 2 4 8 -15 3 
11 2 10 -4 16 9 0 14 11 2 15 8 -14 10 14 11 18 -9 -6 -14 
-2 0 0 -13 9 11 7 15 15 -16 18 8 5 13 1 6 -20 8 2 13 
9 -8 4 14 11 16 17 -6 -1 -5 8 13 14 15 -16 6 2 7 3 10 
6 15 13 -18 -15 17 -2 -2 12 18 12 15 14 -15 15 -18 20 -17 19 8 
4 -14 -13 7 -11 16 0 12 -12 2 -5 15 17 19 7 5 -14 10 10 1 
10 -18 18 12 8 13 11 5 14 19 14 1 7 -6 13 18 8 6 2 4 
4 4 -7 12 10 -8 2 0 8 -2 10 3 -12 18 -16 2 -14 3 -13 -1 
-1 -13 3 -14 2 -16 18 -12 3 10 -2 8 0 2 -8 10 12 -7 4 4 
4 2 6 8 18 13 -6 7 1 14 19 14 5 11 13 8 12 18 -18 10 
1 10 10 -14 5 7 19 17 15 -5 2 -12 12 0 16 -11 7 -13 -14 4 
8 19 -17 20 -18 15 -15 14 15 12 18 12 -2 -2 17 -15 -18 13 15 6 
10 3 7 2 6 -16 15 14 13 8 -5 -1 -6 17 16 11 14 4 -8 9 
13 2 8 -20 6 1 13 5 8 18 -16 15 15 7 11 9 -13 0 0 -2 
-14 -6 -9 18 11 14 10 -14 8 15 2 11 14 0 9 16 -4 10 2 11 
3 -15 8 4 2 8 3 -16 7 13 12 19 -6 -10 16 16 4 6 10 6 
-11 6 17 12 3 12 -7 -1 12 -13 -16 7 6 10 14 -6 18 2 5 20 
17 -14 18 6 -18 18 12 14 4 1 -20 -15 13 -10 14 -8 -10 -11 5 -4 
46
1
0 9
19 10
0
0
