20 20
16 21 13 20 -10 -1 -5 -23 9 3 11 20 -10 10 -19 11 8 11 27 9 
-11 21 1 -27 20 9 14 -24 -9 14 23 17 25 5 14 -11 14 19 -5 5 
6 17 15 26 22 3 4 27 -9 -8 0 14 5 -24 -16 -26 4 25 11 24 
1 25 6 24 17 -10 3 -16 10 -17 -2 16 3 -14 14 10 5 6 19 20 
-1 17 27 -7 26 24 12 -21 16 18 23 27 19 19 14 28 -24 14 -26 10 
-21 13 -25 16 -9 21 22 8 25 2 -7 20 -8 23 -17 -17 22 20 -9 8 
-20 24 -3 24 -18 7 14 10 9 -3 28 23 3 -12 1 -19 -7 11 1 -7 
-26 -14 19 10 21 1 22 -27 21 -5 1 9 25 -24 23 -28 17 28 9 -12 
8 -15 20 -24 -21 15 11 3 4 -5 24 5 0 9 -8 10 23 20 -20 23 
26 9 -17 -24 3 -13 12 19 16 4 2 0 8 16 24 21 24 -2 -16 11 
11 -16 -2 24 21 24 16 8 0 2 4 16 19 12 -13 3 -24 -17 9 26 
23 -20 20 23 10 -8 9 0 5 24 -5 4 3 11 15 -21 -24 20 -15 8 
-12 9 28 17 -28 23 -24 25 9 1 -5 21 -27 22 1 21 10 19 -14 -26 
-7 1 11 -7 -19 1 -12 3 23 28 -3 9 10 14 7 -18 24 -3 24 -20 
8 -9 20 22 -17 -17 23 -8 20 -7 2 25 8 22 21 -9 16 -25 13 -21 
10 -26 14 -24 28 14 19 19 27 23 18 16 -21 12 24 26 -7 27 17 -1 
20 19 6 5 10 14 -14 3 16 -2 -17 10 -16 3 -10 17 24 6 25 1 
24 11 25 4 -26 -16 -24 5 14 0 -8 -9 27 4 3 22 26 15 17 6 
5 -5 19 14 -11 14 5 25 17 23 14 -9 -24 14 9 20 -27 1 21 -11 
9 27 11 8 11 -19 10 -10 20 11 3 9 -23 -5 -1 -10 20 13 21 16 
96
1
17 1
2 18
0
0
