20 20
4 5 7 -1 -15 7 -1 15 -7 -4 -8 13 -6 8 3 2 6 4 1 7 
16 -8 -14 -2 6 6 15 -12 4 14 3 12 4 -9 7 13 9 13 -3 13 
11 8 11 -10 -10 1 -15 4 6 -7 -3 -16 11 2 11 1 9 -6 1 15 
-7 2 -11 6 6 13 3 13 7 -11 13 8 -11 1 13 16 -2 4 16 -5 
3 1 15 15 1 8 12 1 1 -14 8 -1 2 -15 5 11 4 6 1 0 
15 16 4 0 8 -1 12 4 12 5 7 4 -8 -10 15 5 4 10 -14 -10 
-2 5 -12 11 0 10 1 16 -5 -8 12 1 -2 14 13 2 6 9 -8 -15 
-2 2 9 2 12 1 8 8 14 0 8 16 1 16 6 15 15 8 -7 -5 
-13 10 14 2 7 -15 6 12 10 0 -14 10 14 6 5 1 14 15 -2 5 
15 1 2 16 8 16 -14 9 15 -6 13 12 10 9 5 7 5 15 13 10 
10 13 15 5 7 5 9 10 12 13 -6 15 9 -14 16 8 16 2 1 15 
5 -2 15 14 1 5 6 14 10 -14 0 10 12 6 -15 7 2 14 10 -13 
-5 -7 8 15 15 6 16 1 16 8 0 14 8 8 1 12 2 9 2 -2 
-15 -8 9 6 2 13 14 -2 1 12 -8 -5 16 1 10 0 11 -12 5 -2 
-10 -14 10 4 5 15 -10 -8 4 7 5 12 4 12 -1 8 0 4 16 15 
0 1 6 4 11 5 -15 2 -1 8 -14 1 1 12 8 1 15 15 1 3 
-5 16 4 -2 16 13 1 -11 8 13 -11 7 13 3 13 6 6 -11 2 -7 
15 1 -6 9 1 11 2 11 -16 -3 -7 6 4 -15 1 -10 -10 11 8 11 
13 -3 13 9 13 7 -9 4 12 3 14 4 -12 15 6 6 -2 -14 -8 16 
7 1 4 6 2 3 8 -6 13 -8 -4 -7 15 -1 7 -15 -1 7 5 4 
171
1
16 18
3 1
0
0
