20 20
23 4 -7 -2 12 7 4 2 3 23 -13 5 -27 29 9 27 25 2 7 20 
-7 11 29 -25 5 22 2 -18 21 26 22 14 12 5 29 -21 15 13 12 -17 
-11 24 -1 6 23 22 24 11 -26 -2 -25 24 23 -16 23 10 6 -3 20 23 
5 13 -14 -26 14 -9 -8 -20 26 1 -22 29 18 3 21 13 22 23 -1 -4 
-27 25 -17 21 11 23 19 14 20 21 17 -20 15 -10 24 -15 23 10 -18 10 
-24 10 1 27 24 -2 -18 17 8 4 15 -21 18 -25 3 -12 4 -25 14 9 
6 5 -14 2 15 -19 6 -28 25 4 23 26 17 -11 9 12 15 8 -16 12 
5 23 -13 12 10 26 13 10 14 15 0 -11 12 8 6 10 11 13 26 8 
19 1 21 27 27 -19 -29 25 6 24 -21 8 2 21 5 20 1 -7 16 24 
8 28 25 2 15 -5 3 28 12 22 -6 26 24 1 -17 -24 -16 29 -10 -22 
-22 -10 29 -16 -24 -17 1 24 26 -6 22 12 28 3 -5 15 2 25 28 8 
24 16 -7 1 20 5 21 2 8 -21 24 6 25 -29 -19 27 27 21 1 19 
8 26 13 11 10 6 8 12 -11 0 15 14 10 13 26 10 12 -13 23 5 
12 -16 8 15 12 9 -11 17 26 23 4 25 -28 6 -19 15 2 -14 5 6 
9 14 -25 4 -12 3 -25 18 -21 15 4 8 17 -18 -2 24 27 1 10 -24 
10 -18 10 23 -15 24 -10 15 -20 17 21 20 14 19 23 11 21 -17 25 -27 
-4 -1 23 22 13 21 3 18 29 -22 1 26 -20 -8 -9 14 -26 -14 13 5 
23 20 -3 6 10 23 -16 23 24 -25 -2 -26 11 24 22 23 6 -1 24 -11 
-17 12 13 15 -21 29 5 12 14 22 26 21 -18 2 22 5 -25 29 11 -7 
20 7 2 25 27 9 29 -27 5 -13 23 3 2 4 7 12 -2 -7 4 23 
51
1
19 3
0 16
0
0
