20 20
22 17 -6 7 -21 -13 -12 -19 19 16 -9 -5 -8 23 10 22 13 8 -12 19 
-20 18 -21 23 6 4 -4 2 9 9 19 -22 23 16 -13 5 -15 13 16 2 
-20 14 20 20 18 1 17 -22 23 19 -5 2 18 14 13 13 8 14 2 9 
9 23 23 14 22 -13 7 5 -16 -14 11 11 20 3 12 -19 10 10 13 11 
11 7 -13 11 16 -23 16 10 17 -2 -5 16 18 -2 22 -22 12 21 18 4 
-13 8 5 23 16 -10 10 5 -6 8 6 14 -8 20 1 11 15 -9 23 19 
19 5 12 3 -11 -12 -4 8 -10 6 23 16 20 8 15 15 12 14 22 4 
19 21 5 -21 11 3 0 16 -20 2 23 -8 2 -7 15 -12 12 19 18 -3 
1 8 -9 2 19 5 -19 19 -20 -2 10 3 13 17 2 -6 1 9 2 1 
16 20 9 21 0 22 20 -14 -6 17 5 -2 18 8 -6 17 2 6 20 -6 
-6 20 6 2 17 -6 8 18 -2 5 17 -6 -14 20 22 0 21 9 20 16 
1 2 9 1 -6 2 17 13 3 10 -2 -20 19 -19 5 19 2 -9 8 1 
-3 18 19 12 -12 15 -7 2 -8 23 2 -20 16 0 3 11 -21 5 21 19 
4 22 14 12 15 15 8 20 16 23 6 -10 8 -4 -12 -11 3 12 5 19 
19 23 -9 15 11 1 20 -8 14 6 8 -6 5 10 -10 16 23 5 8 -13 
4 18 21 12 -22 22 -2 18 16 -5 -2 17 10 16 -23 16 11 -13 7 11 
11 13 10 10 -19 12 3 20 11 11 -14 -16 5 7 -13 22 14 23 23 9 
9 2 14 8 13 13 14 18 2 -5 19 23 -22 17 1 18 20 20 14 -20 
2 16 13 -15 5 -13 16 23 -22 19 9 9 2 -4 4 6 23 -21 18 -20 
19 -12 8 13 22 10 23 -8 -5 -9 16 19 -19 -12 -13 -21 7 -6 17 22 
80
1
16 18
3 1
0
0
