20 20
20 -14 24 -1 -4 14 15 14 17 8 20 -14 21 4 16 21 -12 -5 -12 6 
1 -19 2 17 -22 -5 -13 2 1 21 15 -22 23 19 13 21 22 12 5 -11 
10 25 0 24 26 -11 -14 -7 27 7 15 6 -2 8 24 0 14 24 10 27 
18 24 25 20 8 7 27 1 19 22 6 26 12 -16 4 -23 -1 25 -7 -14 
21 13 -15 2 26 21 24 24 25 23 3 2 4 21 1 -13 7 -15 0 -16 
6 3 -16 15 4 12 14 5 10 -8 -23 14 -12 23 10 24 -21 5 5 4 
-14 16 0 4 -7 6 -25 6 27 27 -6 -6 18 -22 9 7 23 -17 27 -4 
18 -23 19 -9 -8 7 -11 -16 27 -20 24 22 20 10 24 2 9 24 14 2 
18 -20 22 17 12 13 0 -11 2 -23 -27 24 3 24 -22 -11 8 -5 -22 -1 
6 -13 25 16 13 -6 10 24 14 -1 23 0 16 24 13 20 3 12 -20 -5 
-5 -20 12 3 20 13 24 16 0 23 -1 14 24 10 -6 13 16 25 -13 6 
-1 -22 -5 8 -11 -22 24 3 24 -27 -23 2 -11 0 13 12 17 22 -20 18 
2 14 24 9 2 24 10 20 22 24 -20 27 -16 -11 7 -8 -9 19 -23 18 
-4 27 -17 23 7 9 -22 18 -6 -6 27 27 6 -25 6 -7 4 0 16 -14 
4 5 5 -21 24 10 23 -12 14 -23 -8 10 5 14 12 4 15 -16 3 6 
-16 0 -15 7 -13 1 21 4 2 3 23 25 24 24 21 26 2 -15 13 21 
-14 -7 25 -1 -23 4 -16 12 26 6 22 19 1 27 7 8 20 25 24 18 
27 10 24 14 0 24 8 -2 6 15 7 27 -7 -14 -11 26 24 0 25 10 
-11 5 12 22 21 13 19 23 -22 15 21 1 2 -13 -5 -22 17 2 -19 1 
6 -12 -5 -12 21 16 4 21 -14 20 8 17 14 15 14 -4 -1 24 -14 20 
81
1
4 19
15 0
0
0
