20 20
4 11 6 19 -3 12 -8 17 18 14 0 11 15 11 19 1 4 4 15 13 
-6 9 13 -16 0 16 12 7 5 1 18 2 6 1 8 15 1 4 9 -4 
7 -10 7 18 -18 16 18 11 11 1 6 12 14 16 11 4 -8 14 -7 5 
5 1 8 6 12 16 1 4 5 -8 -8 -19 3 10 15 11 -18 11 3 -9 
2 7 10 11 15 11 10 14 10 5 -10 -11 8 -18 14 9 9 4 19 8 
11 18 5 17 7 3 7 -13 5 -6 14 -1 14 -12 9 6 6 10 15 5 
7 -17 3 16 -4 3 18 6 18 -14 17 17 19 12 15 17 -1 17 16 -1 
5 17 11 8 7 7 18 6 16 3 8 3 6 11 12 6 3 19 7 -12 
-14 2 7 -9 1 17 -14 6 3 5 15 -2 -9 -18 13 -9 -19 2 -5 -18 
4 16 -17 5 13 10 16 11 -18 5 8 7 -6 -11 -12 19 17 0 14 3 
3 14 0 17 19 -12 -11 -6 7 8 5 -18 11 16 10 13 5 -17 16 4 
-18 -5 2 -19 -9 13 -18 -9 -2 15 5 3 6 -14 17 1 -9 7 2 -14 
-12 7 19 3 6 12 11 6 3 8 3 16 6 18 7 7 8 11 17 5 
-1 16 17 -1 17 15 12 19 17 17 -14 18 6 18 3 -4 16 3 -17 7 
5 15 10 6 6 9 -12 14 -1 14 -6 5 -13 7 3 7 17 5 18 11 
8 19 4 9 9 14 -18 8 -11 -10 5 10 14 10 11 15 11 10 7 2 
-9 3 11 -18 11 15 10 3 -19 -8 -8 5 4 1 16 12 6 8 1 5 
5 -7 14 -8 4 11 16 14 12 6 1 11 11 18 16 -18 18 7 -10 7 
-4 9 4 1 15 8 1 6 2 18 1 5 7 12 16 0 -16 13 9 -6 
13 15 4 4 1 19 11 15 11 0 14 18 17 -8 12 -3 19 6 11 4 
160
1
6 13
13 6
0
0
