20 20
12 -15 11 1 -14 -20 6 -20 14 9 16 16 22 18 -4 -5 -7 13 0 2 
15 13 19 9 21 3 17 7 16 10 11 16 7 6 13 -8 -18 14 6 6 
-17 18 7 3 -3 16 -6 14 22 -18 0 -11 2 19 20 11 12 17 19 17 
20 18 22 10 15 -9 22 -3 7 18 21 15 -20 10 13 -12 -20 19 22 4 
17 5 11 3 12 8 8 13 14 2 8 6 2 -12 20 -13 3 -10 3 21 
-15 -11 17 21 3 8 -12 14 8 -4 11 3 22 0 8 18 -12 -1 4 20 
18 7 -8 15 4 10 22 5 -9 8 2 6 12 12 -19 15 2 6 16 16 
-22 -4 -9 -22 15 17 1 4 -19 15 6 15 -5 6 -21 -5 -21 7 4 -22 
22 14 14 20 -14 -22 10 2 1 18 22 -5 21 -2 -22 7 1 16 -12 17 
4 4 12 -6 22 0 20 22 19 -12 7 16 11 8 -22 3 8 10 14 -19 
-19 14 10 8 3 -22 8 11 16 7 -12 19 22 20 0 22 -6 12 4 4 
17 -12 16 1 7 -22 -2 21 -5 22 18 1 2 10 -22 -14 20 14 14 22 
-22 4 7 -21 -5 -21 6 -5 15 6 15 -19 4 1 17 15 -22 -9 -4 -22 
16 16 6 2 15 -19 12 12 6 2 8 -9 5 22 10 4 15 -8 7 18 
20 4 -1 -12 18 8 0 22 3 11 -4 8 14 -12 8 3 21 17 -11 -15 
21 3 -10 3 -13 20 -12 2 6 8 2 14 13 8 8 12 3 11 5 17 
4 22 19 -20 -12 13 10 -20 15 21 18 7 -3 22 -9 15 10 22 18 20 
17 19 17 12 11 20 19 2 -11 0 -18 22 14 -6 16 -3 3 7 18 -17 
6 6 14 -18 -8 13 6 7 16 11 10 16 7 17 3 21 9 19 13 15 
2 0 13 -7 -5 -4 18 22 16 16 9 14 -20 6 -20 -14 1 11 -15 12 
124
1
11 17
8 2
0
0
