20 20
18 -11 5 6 10 4 -10 3 1 3 2 12 12 15 9 4 11 7 -3 7 
-19 -6 14 16 -19 5 11 -14 11 -1 17 8 5 17 -19 9 -4 17 6 17 
-6 15 14 3 10 -8 14 15 9 9 -15 -11 7 14 -16 6 -12 15 -13 12 
-8 4 7 -15 -1 6 9 7 2 18 -18 -4 6 -7 -6 5 7 16 -3 12 
-5 15 2 -6 6 6 15 15 11 19 16 11 -19 12 18 9 14 -6 0 9 
16 -3 -1 -3 19 0 14 16 4 9 9 17 19 9 5 0 10 17 16 16 
19 11 -2 -15 14 17 16 11 -5 -16 16 18 6 7 18 10 12 -16 6 2 
11 3 12 18 15 11 3 -1 4 -16 8 9 -13 15 -16 -5 1 -2 7 13 
18 13 6 19 -1 -8 -7 -15 -12 7 12 18 6 9 -3 -5 3 13 2 7 
3 13 13 18 -9 -9 11 14 16 -10 -15 -17 -10 3 1 -16 3 -16 -17 4 
4 -17 -16 3 -16 1 3 -10 -17 -15 -10 16 14 11 -9 -9 18 13 13 3 
7 2 13 3 -5 -3 9 6 18 12 7 -12 -15 -7 -8 -1 19 6 13 18 
13 7 -2 1 -5 -16 15 -13 9 8 -16 4 -1 3 11 15 18 12 3 11 
2 6 -16 12 10 18 7 6 18 16 -16 -5 11 16 17 14 -15 -2 11 19 
16 16 17 10 0 5 9 19 17 9 9 4 16 14 0 19 -3 -1 -3 16 
9 0 -6 14 9 18 12 -19 11 16 19 11 15 15 6 6 -6 2 15 -5 
12 -3 16 7 5 -6 -7 6 -4 -18 18 2 7 9 6 -1 -15 7 4 -8 
12 -13 15 -12 6 -16 14 7 -11 -15 9 9 15 14 -8 10 3 14 15 -6 
17 6 17 -4 9 -19 17 5 8 17 -1 11 -14 11 5 -19 16 14 -6 -19 
7 -3 7 11 4 9 15 12 12 2 3 1 3 -10 4 10 6 5 -11 18 
123
1
13 16
6 3
0
0
