20 20
25 10 0 7 0 0 29 -25 20 28 25 6 12 20 17 15 8 2 26 25 
-24 5 23 10 11 12 19 -19 7 -5 2 21 15 28 -17 24 -4 -27 25 -5 
-22 -12 18 30 0 15 -2 4 19 19 -14 0 1 -20 24 18 2 -29 17 -29 
-21 6 15 9 25 20 27 17 -2 -5 23 25 22 25 4 11 26 -29 -8 20 
17 24 10 8 20 18 18 24 17 28 13 -16 -27 -22 1 13 29 -29 -30 6 
26 10 -7 22 20 27 2 -9 -29 1 27 13 10 -22 -3 30 7 3 20 27 
24 24 -26 12 -13 26 13 12 30 -30 23 -13 23 4 -27 -22 30 -3 8 28 
-26 16 22 -5 24 5 15 26 8 9 -25 1 6 6 12 25 17 27 17 6 
28 16 3 7 4 20 -4 -17 29 22 25 -18 0 13 25 23 9 28 12 13 
-14 -22 2 7 -1 -17 26 -9 29 17 11 -24 9 -26 -24 22 -24 20 10 4 
4 10 20 -24 22 -24 -26 9 -24 11 17 29 -9 26 -17 -1 7 2 -22 -14 
13 12 28 9 23 25 13 0 -18 25 22 29 -17 -4 20 4 7 3 16 28 
6 17 27 17 25 12 6 6 1 -25 9 8 26 15 5 24 -5 22 16 -26 
28 8 -3 30 -22 -27 4 23 -13 23 -30 30 12 13 26 -13 12 -26 24 24 
27 20 3 7 30 -3 -22 10 13 27 1 -29 -9 2 27 20 22 -7 10 26 
6 -30 -29 29 13 1 -22 -27 -16 13 28 17 24 18 18 20 8 10 24 17 
20 -8 -29 26 11 4 25 22 25 23 -5 -2 17 27 20 25 9 15 6 -21 
-29 17 -29 2 18 24 -20 1 0 -14 19 19 4 -2 15 0 30 18 -12 -22 
-5 25 -27 -4 24 -17 28 15 21 2 -5 7 -19 19 12 11 10 23 5 -24 
25 26 2 8 15 17 20 12 6 25 28 20 -25 29 0 0 7 0 10 25 
97
1
10 6
9 13
0
0
