20 20
0 25 18 7 20 4 1 -2 4 -11 -5 18 10 12 9 -8 -2 14 -20 24 
11 -25 15 -7 18 24 5 16 16 -4 3 19 2 -9 -22 21 17 -5 0 11 
-14 13 9 -1 21 7 15 19 -16 7 -1 10 3 4 13 8 5 22 8 16 
0 24 10 21 25 8 11 11 24 15 23 17 -4 -4 14 21 1 6 -13 18 
3 -20 16 -18 -6 -3 -7 2 16 18 8 11 17 8 10 -18 -18 -2 12 11 
19 20 13 18 12 13 2 9 -14 -12 17 8 -7 17 4 -8 -8 5 13 15 
-7 25 -12 14 -24 16 24 12 -18 19 15 0 1 -7 21 13 -23 8 23 21 
24 1 7 12 25 7 17 18 6 5 7 20 8 23 6 16 1 19 15 3 
-4 -16 3 23 24 -2 -5 -12 3 15 21 4 22 6 -9 13 16 10 9 22 
20 12 -20 17 20 16 2 5 -18 1 20 -19 -1 3 21 14 0 16 11 -11 
-11 11 16 0 14 21 3 -1 -19 20 1 -18 5 2 16 20 17 -20 12 20 
22 9 10 16 13 -9 6 22 4 21 15 3 -12 -5 -2 24 23 3 -16 -4 
3 15 19 1 16 6 23 8 20 7 5 6 18 17 7 25 12 7 1 24 
21 23 8 -23 13 21 -7 1 0 15 19 -18 12 24 16 -24 14 -12 25 -7 
15 13 5 -8 -8 4 17 -7 8 17 -12 -14 9 2 13 12 18 13 20 19 
11 12 -2 -18 -18 10 8 17 11 8 18 16 2 -7 -3 -6 -18 16 -20 3 
18 -13 6 1 21 14 -4 -4 17 23 15 24 11 11 8 25 21 10 24 0 
16 8 22 5 8 13 4 3 10 -1 7 -16 19 15 7 21 -1 9 13 -14 
11 0 -5 17 21 -22 -9 2 19 3 -4 16 16 5 24 18 -7 15 -25 11 
24 -20 14 -2 -8 9 12 10 18 -5 -11 4 -2 1 4 20 7 18 25 0 
100
1
19 1
0 18
0
0
