20 20
5 -17 16 11 12 16 11 14 -9 -1 10 12 3 3 -12 2 -1 4 -13 -12 
7 12 -6 2 19 18 5 9 -2 15 12 6 1 19 -12 3 -14 14 -3 -19 
7 18 13 13 -19 12 14 -13 11 18 3 5 4 6 9 6 3 -5 13 10 
-12 10 6 -15 18 -9 12 3 -7 11 8 7 17 0 -14 3 6 6 -2 1 
16 12 3 1 6 5 18 9 15 -10 11 -2 6 -10 17 15 -2 7 4 18 
2 -14 9 -15 15 0 10 6 6 14 12 -7 -7 -2 17 3 19 -6 15 -18 
15 2 9 12 7 11 -17 2 -6 17 11 12 1 3 16 13 18 13 18 -7 
10 -4 2 4 10 13 16 0 9 1 11 -8 -15 19 10 -11 18 1 11 -7 
-11 4 6 2 10 -14 6 -4 3 -16 14 11 3 -3 -13 5 18 -18 3 14 
16 2 4 18 19 5 18 -7 13 12 0 13 3 5 19 15 5 18 16 6 
6 16 18 5 15 19 5 3 13 0 12 13 -7 18 5 19 18 4 2 16 
14 3 -18 18 5 -13 -3 3 11 14 -16 3 -4 6 -14 10 2 6 4 -11 
-7 11 1 18 -11 10 19 -15 -8 11 1 9 0 16 13 10 4 2 -4 10 
-7 18 13 18 13 16 3 1 12 11 17 -6 2 -17 11 7 12 9 2 15 
-18 15 -6 19 3 17 -2 -7 -7 12 14 6 6 10 0 15 -15 9 -14 2 
18 4 7 -2 15 17 -10 6 -2 11 -10 15 9 18 5 6 1 3 12 16 
1 -2 6 6 3 -14 0 17 7 8 11 -7 3 12 -9 18 -15 6 10 -12 
10 13 -5 3 6 9 6 4 5 3 18 11 -13 14 12 -19 13 13 18 7 
-19 -3 14 -14 3 -12 19 1 6 12 15 -2 9 5 18 19 2 -6 12 7 
-12 -13 4 -1 2 -12 3 3 12 10 -1 -9 14 11 16 12 11 16 -17 5 
39
1
5 2
14 17
0
0
