20 20
10 12 5 11 18 10 13 12 4 12 -20 5 9 13 19 7 -12 5 4 15 
21 18 19 5 7 21 7 -5 23 6 10 0 10 6 0 10 19 -23 19 -25 
7 7 12 4 12 19 4 20 25 -5 17 -19 -24 -21 13 -14 3 22 18 -11 
15 -18 6 24 1 -4 23 4 10 10 5 7 5 3 12 15 20 6 14 23 
-23 20 -22 14 17 3 23 15 9 17 18 14 3 -21 23 16 3 -17 20 6 
-5 8 -3 19 -18 16 7 13 -1 9 -8 8 16 -14 -22 23 11 -24 3 -18 
20 -7 8 16 -21 18 4 2 -13 7 -1 12 15 18 -4 15 20 -13 8 18 
-11 4 18 -22 -19 9 6 -4 20 13 4 7 19 14 -5 3 1 15 11 18 
-11 24 2 0 10 7 12 20 3 17 23 3 -7 3 14 24 20 -15 -9 -10 
11 16 -19 10 7 -21 1 -5 11 7 8 22 -23 19 -6 -4 -4 -12 -19 -3 
-3 -19 -12 -4 -4 -6 19 -23 22 8 7 11 -5 1 -21 7 10 -19 16 11 
-10 -9 -15 20 24 14 3 -7 3 23 17 3 20 12 7 10 0 2 24 -11 
18 11 15 1 3 -5 14 19 7 4 13 20 -4 6 9 -19 -22 18 4 -11 
18 8 -13 20 15 -4 18 15 12 -1 7 -13 2 4 18 -21 16 8 -7 20 
-18 3 -24 11 23 -22 -14 16 8 -8 9 -1 13 7 16 -18 19 -3 8 -5 
6 20 -17 3 16 23 -21 3 14 18 17 9 15 23 3 17 14 -22 20 -23 
23 14 6 20 15 12 3 5 7 5 10 10 4 23 -4 1 24 6 -18 15 
-11 18 22 3 -14 13 -21 -24 -19 17 -5 25 20 4 19 12 4 12 7 7 
-25 19 -23 19 10 0 6 10 0 10 6 23 -5 7 21 7 5 19 18 21 
15 4 5 -12 7 19 13 9 5 -20 12 4 12 13 10 18 11 5 12 10 
35
1
1 0
18 19
0
0
