20 20
-1 14 7 6 8 6 10 13 15 3 -5 8 14 9 6 5 11 3 13 3 
-12 10 5 14 13 4 -15 -5 9 10 -3 9 10 1 1 5 -15 -2 7 4 
10 13 -14 -2 5 5 -10 -12 4 -5 0 0 -8 -7 -1 -12 -13 2 15 2 
-14 -4 5 7 10 9 0 -14 13 -2 5 9 -7 7 -3 7 1 1 14 -11 
13 -2 12 4 7 4 -1 10 2 15 8 11 13 -1 5 11 -8 3 -15 -12 
11 15 10 1 8 6 13 10 8 14 12 2 -15 11 7 13 3 3 -3 7 
8 10 13 -15 -14 6 -12 1 -7 11 -1 4 -13 8 -1 -5 10 15 3 13 
11 7 8 -13 7 5 9 7 7 11 15 -10 -14 1 7 13 1 2 3 8 
-7 -14 14 12 -11 -6 1 -8 10 10 3 14 5 4 10 15 15 -13 -4 5 
15 11 10 1 11 -2 6 6 14 11 5 -13 -5 4 13 4 4 2 -13 8 
8 -13 2 4 4 13 4 -5 -13 5 11 14 6 6 -2 11 1 10 11 15 
5 -4 -13 15 15 10 4 5 14 3 10 10 -8 1 -6 -11 12 14 -14 -7 
8 3 2 1 13 7 1 -14 -10 15 11 7 7 9 5 7 -13 8 7 11 
13 3 15 10 -5 -1 8 -13 4 -1 11 -7 1 -12 6 -14 -15 13 10 8 
7 -3 3 3 13 7 11 -15 2 12 14 8 10 13 6 8 1 10 15 11 
-12 -15 3 -8 11 5 -1 13 11 8 15 2 10 -1 4 7 4 12 -2 13 
-11 14 1 1 7 -3 7 -7 9 5 -2 13 -14 0 9 10 7 5 -4 -14 
2 15 2 -13 -12 -1 -7 -8 0 0 -5 4 -12 -10 5 5 -2 -14 13 10 
4 7 -2 -15 5 1 1 10 9 -3 10 9 -5 -15 4 13 14 5 10 -12 
3 13 3 11 5 6 9 14 8 -5 3 15 13 10 6 8 6 7 14 -1 
155
1
6 17
13 2
0
0
