20 20
20 15 -16 13 -19 7 22 -15 11 2 22 12 14 9 4 12 10 -1 8 9 
11 -8 5 -19 6 23 16 10 -1 6 -2 9 20 7 6 12 -17 -18 6 11 
9 12 2 21 21 0 -9 6 20 4 13 -3 11 -17 -3 9 15 21 7 8 
5 0 1 -18 -14 7 18 -17 -8 3 -2 2 13 -17 -5 12 -22 2 2 19 
7 3 10 8 -21 14 -23 21 22 18 9 21 14 10 16 22 -6 2 5 2 
-12 -8 23 5 16 12 13 10 12 17 -1 -3 13 23 11 19 10 19 -16 -7 
3 -16 1 11 2 2 -14 16 12 23 16 -19 6 12 -5 16 12 2 -10 2 
14 12 20 6 10 9 16 20 17 -7 20 11 6 19 -15 8 19 19 16 -4 
8 -17 15 17 19 16 21 -17 -1 -12 -5 3 -12 12 3 19 5 7 -7 5 
17 -1 -10 0 14 20 20 9 14 1 13 9 -11 11 15 1 -1 6 3 21 
21 3 6 -1 1 15 11 -11 9 13 1 14 9 20 20 14 0 -10 -1 17 
5 -7 7 5 19 3 12 -12 3 -5 -12 -1 -17 21 16 19 17 15 -17 8 
-4 16 19 19 8 -15 19 6 11 20 -7 17 20 16 9 10 6 20 12 14 
2 -10 2 12 16 -5 12 6 -19 16 23 12 16 -14 2 2 11 1 -16 3 
-7 -16 19 10 19 11 23 13 -3 -1 17 12 10 13 12 16 5 23 -8 -12 
2 5 2 -6 22 16 10 14 21 9 18 22 21 -23 14 -21 8 10 3 7 
19 2 2 -22 12 -5 -17 13 2 -2 3 -8 -17 18 7 -14 -18 1 0 5 
8 7 21 15 9 -3 -17 11 -3 13 4 20 6 -9 0 21 21 2 12 9 
11 6 -18 -17 12 6 7 20 9 -2 6 -1 10 16 23 6 -19 5 -8 11 
9 8 -1 10 12 4 9 14 12 22 2 11 -15 22 7 -19 13 -16 15 20 
75
1
7 19
12 0
0
0
