20 20
5 4 18 -9 18 27 11 -10 17 16 10 10 7 -8 22 6 23 -29 15 -13 
8 -9 -3 26 23 8 18 -18 26 3 -2 15 6 26 -2 -22 8 -21 -9 21 
-25 19 12 19 29 7 26 0 12 1 21 26 29 23 -17 20 5 11 -16 22 
-24 28 1 29 -23 5 25 21 3 22 6 4 -13 28 16 -2 17 28 6 29 
27 3 -26 24 4 13 -12 27 15 10 19 17 29 23 23 9 15 20 0 19 
-20 -2 24 29 -15 -23 19 27 -23 16 11 16 2 21 7 28 18 26 2 -28 
18 -28 -4 21 -3 -9 0 11 13 -10 4 12 -15 4 22 -2 26 9 15 16 
17 30 30 29 -29 5 -5 -20 9 19 8 11 30 30 1 2 7 15 25 16 
-19 -10 29 9 -29 23 28 13 21 16 15 -12 26 -17 -24 29 26 22 24 2 
30 30 27 28 25 30 14 23 24 13 -20 24 6 2 23 -29 17 -3 9 14 
14 9 -3 17 -29 23 2 6 24 -20 13 24 23 14 30 25 28 27 30 30 
2 24 22 26 29 -24 -17 26 -12 15 16 21 13 28 23 -29 9 29 -10 -19 
16 25 15 7 2 1 30 30 11 8 19 9 -20 -5 5 -29 29 30 30 17 
16 15 9 26 -2 22 4 -15 12 4 -10 13 11 0 -9 -3 21 -4 -28 18 
-28 2 26 18 28 7 21 2 16 11 16 -23 27 19 -23 -15 29 24 -2 -20 
19 0 20 15 9 23 23 29 17 19 10 15 27 -12 13 4 24 -26 3 27 
29 6 28 17 -2 16 28 -13 4 6 22 3 21 25 5 -23 29 1 28 -24 
22 -16 11 5 20 -17 23 29 26 21 1 12 0 26 7 29 19 12 19 -25 
21 -9 -21 8 -22 -2 26 6 15 -2 3 26 -18 18 8 23 26 -3 -9 8 
-13 15 -29 23 6 22 -8 7 10 10 16 17 -10 11 27 18 -9 18 4 5 
171
1
13 0
6 19
0
0
