20 20
-1 -16 15 24 14 19 10 2 1 -21 18 -12 25 -3 17 8 22 1 10 24 
26 12 -1 23 -2 6 30 -20 7 25 -14 26 30 20 28 20 13 9 -4 27 
11 7 14 4 30 20 16 -28 0 0 -6 10 26 10 -28 -11 25 3 25 28 
5 18 -17 -27 14 -2 -23 12 22 28 27 25 19 18 13 -25 6 22 -19 20 
10 23 -28 15 14 12 15 -9 1 -23 23 0 14 22 26 17 20 17 22 25 
5 22 20 14 11 13 5 6 -19 15 30 -30 8 1 10 23 24 -12 5 6 
2 12 9 30 -24 15 16 25 5 8 -28 6 4 16 15 10 -15 5 4 14 
10 -16 21 16 12 21 -15 15 21 15 -16 25 -7 23 10 2 -14 25 27 -14 
29 7 3 14 -18 18 3 -21 29 23 10 1 -9 29 4 23 7 29 -2 5 
6 19 26 28 -3 28 19 26 -4 22 -16 8 23 8 29 -27 24 21 15 25 
25 15 21 24 -27 29 8 23 8 -16 22 -4 26 19 28 -3 28 26 19 6 
5 -2 29 7 23 4 29 -9 1 10 23 29 -21 3 18 -18 14 3 7 29 
-14 27 25 -14 2 10 23 -7 25 -16 15 21 15 -15 21 12 16 21 -16 10 
14 4 5 -15 10 15 16 4 6 -28 8 5 25 16 15 -24 30 9 12 2 
6 5 -12 24 23 10 1 8 -30 30 15 -19 6 5 13 11 14 20 22 5 
25 22 17 20 17 26 22 14 0 23 -23 1 -9 15 12 14 15 -28 23 10 
20 -19 22 6 -25 13 18 19 25 27 28 22 12 -23 -2 14 -27 -17 18 5 
28 25 3 25 -11 -28 10 26 10 -6 0 0 -28 16 20 30 4 14 7 11 
27 -4 9 13 20 28 20 30 26 -14 25 7 -20 30 6 -2 23 -1 12 26 
24 10 1 22 8 17 -3 25 -12 18 -21 1 2 10 19 14 24 15 -16 -1 
96
1
16 12
3 7
0
0
