20 20
-4 -7 12 5 13 10 2 2 -12 9 10 7 5 -2 4 7 9 2 11 5 
12 7 8 2 11 12 9 4 10 9 1 10 -10 12 6 2 7 6 4 3 
2 11 12 9 -4 7 -13 2 2 1 -7 8 7 -10 4 -10 2 10 2 10 
2 10 4 4 8 9 8 -11 9 11 9 12 11 -5 -11 3 5 6 1 6 
0 11 -4 7 11 -1 9 9 -6 9 10 4 4 11 6 8 5 7 1 12 
9 -10 0 8 13 2 13 1 9 7 12 13 11 13 5 6 7 -2 11 9 
2 -6 0 8 11 -1 6 2 11 -6 1 10 -9 2 -7 8 0 13 0 10 
4 13 5 -6 9 5 2 -6 12 9 -10 7 -7 -11 7 4 9 5 12 8 
7 12 0 1 -2 0 -9 -4 9 7 12 4 -7 3 -6 10 9 5 -7 -7 
-8 10 12 4 8 -12 -13 2 10 -12 1 13 -2 -5 6 8 10 7 7 0 
0 7 7 10 8 6 -5 -2 13 1 -12 10 2 -13 -12 8 4 12 10 -8 
-7 -7 5 9 10 -6 3 -7 4 12 7 9 -4 -9 0 -2 1 0 12 7 
8 12 5 9 4 7 -11 -7 7 -10 9 12 -6 2 5 9 -6 5 13 4 
10 0 13 0 8 -7 2 -9 10 1 -6 11 2 6 -1 11 8 0 -6 2 
9 11 -2 7 6 5 13 11 13 12 7 9 1 13 2 13 8 0 -10 9 
12 1 7 5 8 6 11 4 4 10 9 -6 9 9 -1 11 7 -4 11 0 
6 1 6 5 3 -11 -5 11 12 9 11 9 -11 8 9 8 4 4 10 2 
10 2 10 2 -10 4 -10 7 8 -7 1 2 2 -13 7 -4 9 12 11 2 
3 4 6 7 2 6 12 -10 10 1 9 10 4 9 12 11 2 8 7 12 
5 11 2 9 7 4 -2 5 7 10 9 -12 2 2 10 13 5 12 -7 -4 
149
1
7 2
12 17
0
0
