20 20
28 16 16 26 2 26 -4 28 28 5 8 11 12 5 5 20 -25 -28 -13 -17 
16 -23 12 8 8 23 -15 25 22 -20 2 9 21 12 16 -26 3 -18 10 1 
24 -6 10 -13 -8 9 11 22 5 8 -28 -25 -24 27 3 7 10 -14 -18 -5 
17 20 -18 19 3 19 -19 17 -1 12 6 -19 23 -18 19 2 24 5 9 12 
22 0 22 28 9 -12 19 4 26 14 25 14 4 -6 27 -26 21 12 14 2 
17 10 15 7 12 18 1 3 15 7 27 10 -28 23 17 26 28 17 11 24 
15 -25 3 3 -14 18 -5 2 5 1 -15 9 6 3 -2 8 6 5 2 -2 
9 20 2 3 -14 -12 17 13 -24 8 1 26 20 18 24 -7 27 8 27 11 
13 -19 -3 5 15 -26 -23 17 25 2 2 -19 -9 3 -18 19 -24 24 25 8 
13 -9 -6 19 18 20 11 -23 17 -22 9 23 -11 10 10 28 28 -21 21 17 
17 21 -21 28 28 10 10 -11 23 9 -22 17 -23 11 20 18 19 -6 -9 13 
8 25 24 -24 19 -18 3 -9 -19 2 2 25 17 -23 -26 15 5 -3 -19 13 
11 27 8 27 -7 24 18 20 26 1 8 -24 13 17 -12 -14 3 2 20 9 
-2 2 5 6 8 -2 3 6 9 -15 1 5 2 -5 18 -14 3 3 -25 15 
24 11 17 28 26 17 23 -28 10 27 7 15 3 1 18 12 7 15 10 17 
2 14 12 21 -26 27 -6 4 14 25 14 26 4 19 -12 9 28 22 0 22 
12 9 5 24 2 19 -18 23 -19 6 12 -1 17 -19 19 3 19 -18 20 17 
-5 -18 -14 10 7 3 27 -24 -25 -28 8 5 22 11 9 -8 -13 10 -6 24 
1 10 -18 3 -26 16 12 21 9 2 -20 22 25 -15 23 8 8 12 -23 16 
-17 -13 -28 -25 20 5 5 12 11 8 5 28 28 -4 26 2 26 16 16 28 
198
1
8 18
11 1
0
0
