20 20
16 10 10 15 0 0 3 18 2 19 18 2 16 -3 1 -18 16 -1 -4 18 
11 10 13 19 15 12 -5 -2 13 12 11 0 1 2 16 -2 -11 17 3 2 
9 -14 -19 15 -15 17 10 4 6 4 3 0 19 7 15 17 7 4 2 8 
-4 8 19 10 15 11 13 9 3 4 -19 3 13 15 11 10 8 -9 13 14 
14 4 0 3 7 3 11 9 4 16 10 -16 19 19 5 15 1 8 11 3 
14 -13 16 18 1 -15 -12 -9 2 11 12 4 18 18 16 15 15 16 9 8 
17 19 4 19 -6 16 15 2 11 6 8 12 17 10 1 14 1 -4 15 -12 
-13 -18 12 10 4 5 7 -9 14 11 -15 15 3 9 4 -13 18 -15 7 0 
-15 11 3 10 13 -18 16 15 3 7 1 15 -10 16 17 6 7 -5 19 9 
19 3 18 1 14 7 7 17 -15 7 19 4 11 3 8 7 9 -18 -19 9 
9 -19 -18 9 7 8 3 11 4 19 7 -15 17 7 7 14 1 18 3 19 
9 19 -5 7 6 17 16 -10 15 1 7 3 15 16 -18 13 10 3 11 -15 
0 7 -15 18 -13 4 9 3 15 -15 11 14 -9 7 5 4 10 12 -18 -13 
-12 15 -4 1 14 1 10 17 12 8 6 11 2 15 16 -6 19 4 19 17 
8 9 16 15 15 16 18 18 4 12 11 2 -9 -12 -15 1 18 16 -13 14 
3 11 8 1 15 5 19 19 -16 10 16 4 9 11 3 7 3 0 4 14 
14 13 -9 8 10 11 15 13 3 -19 4 3 9 13 11 15 10 19 8 -4 
8 2 4 7 17 15 7 19 0 3 4 6 4 10 17 -15 15 -19 -14 9 
2 3 17 -11 -2 16 2 1 0 11 12 13 -2 -5 12 15 19 13 10 11 
18 -4 -1 16 -18 1 -3 16 2 18 19 2 18 3 0 0 15 10 10 16 
74
1
15 12
4 7
0
0
