20 20
22 8 3 7 11 7 24 4 -17 25 16 -22 18 -12 10 9 14 -14 17 9 
5 0 -19 26 6 22 9 21 18 22 3 -13 2 16 5 25 16 13 -26 -8 
21 4 -25 18 17 21 24 22 23 19 19 -22 25 -24 4 23 -22 -13 -22 11 
21 1 16 23 1 2 6 23 16 4 2 17 1 -26 19 19 0 20 15 -6 
18 6 14 -19 22 21 23 2 20 8 3 22 18 15 14 17 9 23 -22 17 
5 -16 24 8 -14 10 -14 20 0 -15 -11 22 13 -8 22 12 -20 21 6 3 
17 7 -11 6 -20 -10 17 -6 22 1 25 18 25 1 14 9 -22 -12 -21 23 
22 13 6 8 -6 13 -23 -21 18 16 -12 -25 15 9 7 19 2 16 25 -6 
6 0 13 12 -15 10 18 4 5 -2 -25 11 1 1 11 14 -9 21 12 -6 
10 14 3 25 13 25 -4 2 -9 23 -2 12 18 1 4 6 24 0 16 10 
10 16 0 24 6 4 1 18 12 -2 23 -9 2 -4 25 13 25 3 14 10 
-6 12 21 -9 14 11 1 1 11 -25 -2 5 4 18 10 -15 12 13 0 6 
-6 25 16 2 19 7 9 15 -25 -12 16 18 -21 -23 13 -6 8 6 13 22 
23 -21 -12 -22 9 14 1 25 18 25 1 22 -6 17 -10 -20 6 -11 7 17 
3 6 21 -20 12 22 -8 13 22 -11 -15 0 20 -14 10 -14 8 24 -16 5 
17 -22 23 9 17 14 15 18 22 3 8 20 2 23 21 22 -19 14 6 18 
-6 15 20 0 19 19 -26 1 17 2 4 16 23 6 2 1 23 16 1 21 
11 -22 -13 -22 23 4 -24 25 -22 19 19 23 22 24 21 17 18 -25 4 21 
-8 -26 13 16 25 5 16 2 -13 3 22 18 21 9 22 6 26 -19 0 5 
9 17 -14 14 9 10 -12 18 -22 16 25 -17 4 24 7 11 7 3 8 22 
97
1
4 2
15 17
0
0
