20 20
1 20 9 12 -9 -23 0 -1 5 15 10 10 18 25 10 16 9 10 23 -15 
11 -14 22 -5 -5 23 26 11 26 9 11 25 6 1 -22 -7 -10 -10 11 -26 
-16 27 13 -5 15 -18 12 11 24 24 -5 5 2 2 0 6 8 22 -5 21 
13 -15 25 16 16 18 11 -11 -24 -1 6 12 1 -5 -15 24 13 14 20 17 
-20 7 6 11 -22 3 0 26 18 6 15 -20 10 14 -9 26 15 10 20 0 
-19 -27 -21 14 -12 23 -7 17 18 0 -27 14 3 10 -20 3 -27 13 14 -6 
17 8 9 -4 13 -27 -16 -21 6 18 13 2 7 8 26 0 6 -8 0 11 
-6 12 11 -14 2 -2 6 0 17 16 -13 25 22 1 19 0 -20 24 12 16 
-10 -12 -17 7 6 24 9 5 -25 4 -3 19 -22 -7 6 -18 24 1 9 10 
3 -2 9 24 1 23 19 15 -13 18 14 23 -12 9 5 20 0 -13 -2 26 
26 -2 -13 0 20 5 9 -12 23 14 18 -13 15 19 23 1 24 9 -2 3 
10 9 1 24 -18 6 -7 -22 19 -3 4 -25 5 9 24 6 7 -17 -12 -10 
16 12 24 -20 0 19 1 22 25 -13 16 17 0 6 -2 2 -14 11 12 -6 
11 0 -8 6 0 26 8 7 2 13 18 6 -21 -16 -27 13 -4 9 8 17 
-6 14 13 -27 3 -20 10 3 14 -27 0 18 17 -7 23 -12 14 -21 -27 -19 
0 20 10 15 26 -9 14 10 -20 15 6 18 26 0 3 -22 11 6 7 -20 
17 20 14 13 24 -15 -5 1 12 6 -1 -24 -11 11 18 16 16 25 -15 13 
21 -5 22 8 6 0 2 2 5 -5 24 24 11 12 -18 15 -5 13 27 -16 
-26 11 -10 -10 -7 -22 1 6 25 11 9 26 11 26 23 -5 -5 22 -14 11 
-15 23 10 9 16 10 25 18 10 10 15 5 -1 0 -23 -9 12 9 20 1 
46
1
7 2
12 17
0
0
