20 20
-2 19 -15 20 13 21 0 10 -21 16 14 5 0 15 23 -2 17 17 17 -19 
19 12 20 6 19 1 20 15 3 13 13 20 -6 20 -20 2 4 16 -15 -3 
23 26 1 -6 13 12 -17 -9 22 23 23 9 6 -23 7 18 -21 -6 12 9 
14 0 0 24 24 -26 23 16 12 8 9 2 2 19 -12 -8 17 25 8 21 
8 -5 5 21 7 -15 6 -8 -10 17 9 3 19 -16 -24 0 18 20 24 23 
13 11 11 9 5 -11 1 21 14 -15 15 9 1 25 20 -22 16 -11 24 -25 
16 -3 13 -21 5 -26 9 16 13 -12 -20 18 6 24 -1 -18 -13 4 -10 26 
20 21 25 4 18 6 -25 14 21 6 -9 14 15 25 -11 23 -16 14 13 0 
22 8 16 15 -18 16 19 -13 0 -4 12 10 12 17 4 23 14 11 9 10 
-13 7 26 16 26 20 -23 3 18 24 10 -19 -21 -21 0 -1 -3 15 17 -8 
-8 17 15 -3 -1 0 -21 -21 -19 10 24 18 3 -23 20 26 16 26 7 -13 
10 9 11 14 23 4 17 12 10 12 -4 0 -13 19 16 -18 15 16 8 22 
0 13 14 -16 23 -11 25 15 14 -9 6 21 14 -25 6 18 4 25 21 20 
26 -10 4 -13 -18 -1 24 6 18 -20 -12 13 16 9 -26 5 -21 13 -3 16 
-25 24 -11 16 -22 20 25 1 9 15 -15 14 21 1 -11 5 9 11 11 13 
23 24 20 18 0 -24 -16 19 3 9 17 -10 -8 6 -15 7 21 5 -5 8 
21 8 25 17 -8 -12 19 2 2 9 8 12 16 23 -26 24 24 0 0 14 
9 12 -6 -21 18 7 -23 6 9 23 23 22 -9 -17 12 13 -6 1 26 23 
-3 -15 16 4 2 -20 20 -6 20 13 13 3 15 20 1 19 6 20 12 19 
-19 17 17 17 -2 23 15 0 5 14 16 -21 10 0 21 13 20 -15 19 -2 
127
1
14 8
5 11
0
0
