20 20
-8 -15 1 12 14 -7 5 17 3 12 -9 -8 -2 0 14 0 7 12 5 4 
0 0 -2 1 4 3 -3 12 7 16 17 12 11 -3 -5 2 3 -7 -14 16 
3 13 1 9 9 -9 12 -4 8 -8 8 15 13 7 16 3 -14 -5 1 4 
11 15 7 11 -8 -9 14 -15 4 -14 11 12 1 -14 12 -12 14 -7 11 -3 
12 12 2 -14 -16 1 13 -12 0 7 15 9 -14 0 -13 15 16 3 -15 5 
3 9 -13 4 5 4 8 -12 16 16 14 12 1 8 10 -2 -9 3 14 -12 
16 8 4 -16 13 6 6 2 2 16 15 5 6 16 1 -15 17 3 4 -12 
13 2 -17 6 5 9 -17 1 4 -13 1 1 -7 5 13 6 16 15 5 -11 
10 11 11 0 7 12 15 0 4 1 -9 10 2 2 14 -9 -16 2 4 17 
1 -7 -2 11 -2 17 -3 14 11 0 13 1 14 2 2 10 7 -10 11 -2 
-2 11 -10 7 10 2 2 14 1 13 0 11 14 -3 17 -2 11 -2 -7 1 
17 4 2 -16 -9 14 2 2 10 -9 1 4 0 15 12 7 0 11 11 10 
-11 5 15 16 6 13 5 -7 1 1 -13 4 1 -17 9 5 6 -17 2 13 
-12 4 3 17 -15 1 16 6 5 15 16 2 2 6 6 13 -16 4 8 16 
-12 14 3 -9 -2 10 8 1 12 14 16 16 -12 8 4 5 4 -13 9 3 
5 -15 3 16 15 -13 0 -14 9 15 7 0 -12 13 1 -16 -14 2 12 12 
-3 11 -7 14 -12 12 -14 1 12 11 -14 4 -15 14 -9 -8 11 7 15 11 
4 1 -5 -14 3 16 7 13 15 8 -8 8 -4 12 -9 9 9 1 13 3 
16 -14 -7 3 2 -5 -3 11 12 17 16 7 12 -3 3 4 1 -2 0 0 
4 5 12 7 0 14 0 -2 -8 -9 12 3 17 5 -7 14 12 1 -15 -8 
192
1
10 13
9 6
0
0
