20 20
5 3 24 20 13 14 18 14 8 -15 20 -22 19 -23 3 26 8 -9 5 23 
-19 -11 22 16 -2 9 23 0 -4 1 10 6 0 -20 13 -25 13 -2 13 2 
14 3 13 11 -4 11 27 24 14 13 2 23 5 2 14 22 20 -2 11 18 
-24 13 23 6 19 -17 -4 24 22 3 -12 22 8 7 2 3 17 16 23 24 
19 -1 15 2 -27 19 8 14 12 12 -22 10 -5 15 13 4 22 -15 6 23 
-18 21 19 23 17 -2 1 17 13 24 -15 21 -8 15 6 17 -24 6 -3 -25 
-14 -10 23 -4 -8 17 18 11 -2 -11 2 15 11 5 26 20 14 25 20 -9 
24 22 18 5 5 20 26 -20 -20 -20 7 20 -4 14 1 -23 27 13 6 21 
27 17 23 3 -21 22 7 25 2 24 17 15 23 23 -3 10 23 2 2 15 
22 4 4 19 -19 14 11 2 12 12 0 24 18 16 23 -15 16 5 9 12 
12 9 5 16 -15 23 16 18 24 0 12 12 2 11 14 -19 19 4 4 22 
15 2 2 23 10 -3 23 23 15 17 24 2 25 7 22 -21 3 23 17 27 
21 6 13 27 -23 1 14 -4 20 7 -20 -20 -20 26 20 5 5 18 22 24 
-9 20 25 14 20 26 5 11 15 2 -11 -2 11 18 17 -8 -4 23 -10 -14 
-25 -3 6 -24 17 6 15 -8 21 -15 24 13 17 1 -2 17 23 19 21 -18 
23 6 -15 22 4 13 15 -5 10 -22 12 12 14 8 19 -27 2 15 -1 19 
24 23 16 17 3 2 7 8 22 -12 3 22 24 -4 -17 19 6 23 13 -24 
18 11 -2 20 22 14 2 5 23 2 13 14 24 27 11 -4 11 13 3 14 
2 13 -2 13 -25 13 -20 0 6 10 1 -4 0 23 9 -2 16 22 -11 -19 
23 5 -9 8 26 3 -23 19 -22 20 -15 8 14 18 14 13 20 24 3 5 
76
1
16 5
3 14
0
0
