20 20
9 12 5 11 3 3 -8 10 1 6 1 9 4 11 5 -13 13 -11 12 -9 
6 3 5 9 -3 2 -9 9 -12 -7 -11 4 -9 4 0 -2 7 -4 9 2 
4 7 4 4 13 -11 13 2 4 12 9 9 -3 -12 5 13 10 -7 0 3 
6 9 5 5 7 8 -10 -13 7 12 -4 7 13 8 8 11 13 -11 2 2 
12 2 13 2 8 -2 1 12 0 2 3 1 4 -12 2 1 9 3 -9 -8 
8 2 12 7 -7 0 -10 -12 -4 -5 9 7 8 1 2 -2 11 7 5 -2 
-10 9 2 3 -8 -6 13 13 7 11 8 7 0 -10 3 12 6 5 1 12 
9 9 2 -7 2 7 -6 7 6 2 -4 2 -12 11 4 -11 -6 -12 -1 5 
8 2 5 5 -3 10 10 5 9 4 4 -2 -12 -11 2 6 5 -12 -13 13 
4 2 12 2 9 7 2 2 -9 10 12 12 13 -9 11 13 1 5 2 7 
7 2 5 1 13 11 -9 13 12 12 10 -9 2 2 7 9 2 12 2 4 
13 -13 -12 5 6 2 -11 -12 -2 4 4 9 5 10 10 -3 5 5 2 8 
5 -1 -12 -6 -11 4 11 -12 2 -4 2 6 7 -6 7 2 -7 2 9 9 
12 1 5 6 12 3 -10 0 7 8 11 7 13 13 -6 -8 3 2 9 -10 
-2 5 7 11 -2 2 1 8 7 9 -5 -4 -12 -10 0 -7 7 12 2 8 
-8 -9 3 9 1 2 -12 4 1 3 2 0 12 1 -2 8 2 13 2 12 
2 2 -11 13 11 8 8 13 7 -4 12 7 -13 -10 8 7 5 5 9 6 
3 0 -7 10 13 5 -12 -3 9 9 12 4 2 13 -11 13 4 4 7 4 
2 9 -4 7 -2 0 4 -9 4 -11 -7 -12 9 -9 2 -3 9 5 3 6 
-9 12 -11 13 -13 5 11 4 9 1 6 1 10 -8 3 3 11 5 12 9 
56
1
10 7
9 12
0
0
