20 20
9 3 -11 -13 -10 6 7 -7 18 6 10 19 11 9 3 12 3 18 -3 -5 
4 16 2 16 9 -14 0 11 13 -19 19 4 -15 1 12 -2 20 9 9 11 
10 -3 14 20 7 15 8 5 18 4 -16 5 2 -6 -2 -10 16 18 7 8 
5 15 0 1 7 3 -14 8 3 -11 12 1 14 19 -4 0 17 20 -8 18 
3 2 20 21 0 15 -20 13 -18 4 -1 6 1 10 8 13 6 17 11 12 
2 10 9 21 21 4 18 2 -12 -9 21 20 8 -20 17 0 7 -10 1 -20 
17 5 20 -14 5 4 -9 14 19 19 -15 2 9 3 -19 9 -10 15 20 14 
14 17 -3 17 1 17 -17 11 18 2 -14 7 -4 9 -6 2 14 14 14 18 
-12 4 13 -18 0 20 6 19 -11 14 17 3 2 14 21 12 13 -10 -11 -15 
7 12 -14 8 10 9 18 11 -3 13 -17 20 6 -21 5 10 6 2 5 17 
17 5 2 6 10 5 -21 6 20 -17 13 -3 11 18 9 10 8 -14 12 7 
-15 -11 -10 13 12 21 14 2 3 17 14 -11 19 6 20 0 -18 13 4 -12 
18 14 14 14 2 -6 9 -4 7 -14 2 18 11 -17 17 1 17 -3 17 14 
14 20 15 -10 9 -19 3 9 2 -15 19 19 14 -9 4 5 -14 20 5 17 
-20 1 -10 7 0 17 -20 8 20 21 -9 -12 2 18 4 21 21 9 10 2 
12 11 17 6 13 8 10 1 6 -1 4 -18 13 -20 15 0 21 20 2 3 
18 -8 20 17 0 -4 19 14 1 12 -11 3 8 -14 3 7 1 0 15 5 
8 7 18 16 -10 -2 -6 2 5 -16 4 18 5 8 15 7 20 14 -3 10 
11 9 9 20 -2 12 1 -15 4 19 -19 13 11 0 -14 9 16 2 16 4 
-5 -3 18 3 12 3 9 11 19 10 6 18 -7 7 6 -10 -13 -11 3 9 
112
1
17 8
2 11
0
0
