20 20
5 -1 -10 -13 -8 8 6 -6 3 -2 4 0 11 10 10 13 13 5 9 13 
2 8 -6 8 13 -2 9 13 10 12 3 3 5 6 13 -4 -10 -7 6 4 
-11 10 7 9 7 -6 -13 2 6 2 5 -6 10 6 2 3 11 12 2 3 
2 1 -11 12 -3 -11 7 7 -8 9 1 -3 -8 2 -13 11 0 8 1 1 
-2 2 7 -6 -2 8 3 -5 -13 -3 1 3 7 -5 8 -12 -12 9 -5 6 
5 5 1 -1 2 -13 -7 5 9 12 9 9 6 3 -13 13 -3 10 6 4 
7 -11 7 -2 1 9 9 1 2 2 5 2 3 -10 13 -5 -13 13 5 7 
9 12 2 0 9 11 7 9 8 13 3 5 5 8 -12 12 6 9 1 -4 
11 -13 4 13 13 8 1 11 3 6 7 13 4 7 11 8 1 7 13 7 
4 9 3 -5 11 2 6 6 9 9 4 6 7 12 -8 -7 13 3 12 6 
6 12 3 13 -7 -8 12 7 6 4 9 9 6 6 2 11 -5 3 9 4 
7 13 7 1 8 11 7 4 13 7 6 3 11 1 8 13 13 4 -13 11 
-4 1 9 6 12 -12 8 5 5 3 13 8 9 7 11 9 0 2 12 9 
7 5 13 -13 -5 13 -10 3 2 5 2 2 1 9 9 1 -2 7 -11 7 
4 6 10 -3 13 -13 3 6 9 9 12 9 5 -7 -13 2 -1 1 5 5 
6 -5 9 -12 -12 8 -5 7 3 1 -3 -13 -5 3 8 -2 -6 7 2 -2 
1 1 8 0 11 -13 2 -8 -3 1 9 -8 7 7 -11 -3 12 -11 1 2 
3 2 12 11 3 2 6 10 -6 5 2 6 2 -13 -6 7 9 7 10 -11 
4 6 -7 -10 -4 13 6 5 3 3 12 10 13 9 -2 13 8 -6 8 2 
13 9 5 13 13 10 10 11 0 4 -2 3 -6 6 8 -8 -13 -10 -1 5 
61
1
15 8
4 11
0
0
