20 20
-13 -9 14 1 8 4 10 12 8 17 5 17 -6 10 -5 2 18 -12 -4 -10 
13 8 17 11 7 15 7 13 15 -2 4 -17 8 5 10 13 11 3 12 1 
5 21 15 -3 -12 -2 -18 16 -21 2 -16 11 16 17 0 -1 19 5 10 6 
21 15 -3 7 21 11 4 -16 20 5 19 2 20 6 7 9 10 -6 10 -19 
-7 -20 8 6 19 8 18 5 16 8 4 9 2 5 7 0 10 -1 5 -7 
-6 13 2 9 21 16 18 21 -7 6 7 2 16 17 10 14 20 6 6 0 
13 13 17 9 3 5 -1 16 9 11 -18 -19 -17 4 12 12 13 3 20 8 
16 -17 15 -17 -3 19 -18 -12 -5 11 11 19 -8 -5 20 16 -15 9 15 3 
-17 14 14 16 4 10 3 -11 8 11 12 8 -19 -19 14 10 21 11 6 5 
14 8 11 2 1 6 -6 9 1 -5 2 -20 -12 9 -21 19 4 -17 0 -19 
-19 0 -17 4 19 -21 9 -12 -20 2 -5 1 9 -6 6 1 2 11 8 14 
5 6 11 21 10 14 -19 -19 8 12 11 8 -11 3 10 4 16 14 14 -17 
3 15 9 -15 16 20 -5 -8 19 11 11 -5 -12 -18 19 -3 -17 15 -17 16 
8 20 3 13 12 12 4 -17 -19 -18 11 9 16 -1 5 3 9 17 13 13 
0 6 6 20 14 10 17 16 2 7 6 -7 21 18 16 21 9 2 13 -6 
-7 5 -1 10 0 7 5 2 9 4 8 16 5 18 8 19 6 8 -20 -7 
-19 10 -6 10 9 7 6 20 2 19 5 20 -16 4 11 21 7 -3 15 21 
6 10 5 19 -1 0 17 16 11 -16 2 -21 16 -18 -2 -12 -3 15 21 5 
1 12 3 11 13 10 5 8 -17 4 -2 15 13 7 15 7 11 17 8 13 
-10 -4 -12 18 2 -5 10 -6 17 5 17 8 12 10 4 8 1 14 -9 -13 
80
1
15 0
4 19
0
0
