20 20
-23 15 2 -20 26 26 20 5 21 8 2 -20 -8 12 26 7 19 -17 18 4 
9 15 20 -26 7 -13 17 -6 2 -24 6 -15 3 7 -9 4 15 4 22 6 
-3 -24 1 5 21 24 20 -26 -9 2 17 -26 15 24 6 11 2 11 6 24 
16 24 22 15 24 10 -4 -13 -2 5 15 3 -26 0 7 15 2 1 5 1 
7 22 9 26 -3 12 11 7 9 24 23 -4 -1 -3 -8 -12 -19 18 -3 6 
-22 19 12 -23 3 24 -6 16 2 2 10 2 15 10 8 3 11 -21 -7 -26 
8 3 -9 25 -2 -11 0 26 -26 -4 17 5 -23 12 -4 23 21 20 25 1 
19 10 2 -18 -25 3 11 25 -5 -17 11 19 7 18 11 22 -20 -3 7 21 
-20 -13 0 12 12 5 12 10 25 10 26 3 23 13 -12 9 -11 -16 3 18 
25 7 5 13 -4 5 9 3 20 15 11 5 16 26 0 10 21 -20 -17 -15 
-15 -17 -20 21 10 0 26 16 5 11 15 20 3 9 5 -4 13 5 7 25 
18 3 -16 -11 9 -12 13 23 3 26 10 25 10 12 5 12 12 0 -13 -20 
21 7 -3 -20 22 11 18 7 19 11 -17 -5 25 11 3 -25 -18 2 10 19 
1 25 20 21 23 -4 12 -23 5 17 -4 -26 26 0 -11 -2 25 -9 3 8 
-26 -7 -21 11 3 8 10 15 2 10 2 2 16 -6 24 3 -23 12 19 -22 
6 -3 18 -19 -12 -8 -3 -1 -4 23 24 9 7 11 12 -3 26 9 22 7 
1 5 1 2 15 7 0 -26 3 15 5 -2 -13 -4 10 24 15 22 24 16 
24 6 11 2 11 6 24 15 -26 17 2 -9 -26 20 24 21 5 1 -24 -3 
6 22 4 15 4 -9 7 3 -15 6 -24 2 -6 17 -13 7 -26 20 15 9 
4 18 -17 19 7 26 12 -8 -20 2 8 21 5 20 26 26 -20 2 15 -23 
70
1
3 5
16 14
0
0
