20 20
10 11 17 6 12 7 8 8 8 15 13 2 16 7 14 17 17 9 11 6 
13 16 -4 5 2 2 1 6 15 14 12 2 12 6 6 12 9 -3 2 15 
-9 2 9 8 3 7 11 -16 -6 17 1 16 14 1 -16 8 9 3 4 10 
0 5 10 3 10 8 -12 -11 0 -4 7 14 -7 7 -7 -5 -15 -12 2 3 
3 -9 -8 6 -16 11 4 5 1 6 2 14 -11 14 -5 14 -8 11 14 -2 
-5 12 -10 -17 -13 -3 3 9 0 16 9 11 6 -16 3 9 -10 -3 4 -6 
0 2 16 7 -3 17 15 14 12 15 -2 -12 5 -16 2 -12 6 13 14 4 
16 17 7 9 -2 6 11 -8 14 6 4 13 4 5 0 10 8 17 1 2 
2 1 -12 3 14 11 4 7 13 17 5 3 -8 -8 12 9 12 -2 16 -6 
4 -10 15 17 12 -6 12 11 8 17 9 -16 8 -14 -11 2 5 3 13 -4 
-4 13 3 5 2 -11 -14 8 -16 9 17 8 11 12 -6 12 17 15 -10 4 
-6 16 -2 12 9 12 -8 -8 3 5 17 13 7 4 11 14 3 -12 1 2 
2 1 17 8 10 0 5 4 13 4 6 14 -8 11 6 -2 9 7 17 16 
4 14 13 6 -12 2 -16 5 -12 -2 15 12 14 15 17 -3 7 16 2 0 
-6 4 -3 -10 9 3 -16 6 11 9 16 0 9 3 -3 -13 -17 -10 12 -5 
-2 14 11 -8 14 -5 14 -11 14 2 6 1 5 4 11 -16 6 -8 -9 3 
3 2 -12 -15 -5 -7 7 -7 14 7 -4 0 -11 -12 8 10 3 10 5 0 
10 4 3 9 8 -16 1 14 16 1 17 -6 -16 11 7 3 8 9 2 -9 
15 2 -3 9 12 6 6 12 2 12 14 15 6 1 2 2 5 -4 16 13 
6 11 9 17 17 14 7 16 2 13 15 8 8 8 7 12 6 17 11 10 
44
1
14 7
5 12
0
0
