20 20
12 10 8 -12 9 3 13 -5 1 5 -2 16 3 0 -7 4 0 13 15 -9 
16 12 12 14 -2 13 -7 15 12 16 -2 -5 13 6 1 1 11 7 7 5 
2 -12 15 -8 12 8 12 10 2 10 15 3 8 4 14 16 9 7 -3 16 
-4 8 4 5 -7 0 -15 3 2 -6 -12 15 6 -6 14 -14 8 8 -6 -7 
0 -15 9 1 3 12 -7 4 10 -4 8 6 16 7 -16 -10 13 13 15 6 
-14 11 6 -15 15 2 10 3 16 -3 7 7 -5 6 2 15 7 -1 2 10 
0 -16 8 0 5 -9 7 7 0 4 -10 3 10 14 14 7 -8 9 -10 9 
4 7 1 15 8 -9 15 12 -12 -7 6 11 13 -12 12 11 -16 7 11 15 
5 3 2 9 15 5 -11 12 6 -16 4 2 -5 3 4 -15 -6 5 15 9 
5 0 14 -7 10 4 3 4 10 -1 -9 5 8 13 8 -8 9 8 7 6 
6 7 8 9 -8 8 13 8 5 -9 -1 10 4 3 4 10 -7 14 0 5 
9 15 5 -6 -15 4 3 -5 2 4 -16 6 12 -11 5 15 9 2 3 5 
15 11 7 -16 11 12 -12 13 11 6 -7 -12 12 15 -9 8 15 1 7 4 
9 -10 9 -8 7 14 14 10 3 -10 4 0 7 7 -9 5 0 8 -16 0 
10 2 -1 7 15 2 6 -5 7 7 -3 16 3 10 2 15 -15 6 11 -14 
6 15 13 13 -10 -16 7 16 6 8 -4 10 4 -7 12 3 1 9 -15 0 
-7 -6 8 8 -14 14 -6 6 15 -12 -6 2 3 -15 0 -7 5 4 8 -4 
16 -3 7 9 16 14 4 8 3 15 10 2 10 12 8 12 -8 15 -12 2 
5 7 7 11 1 1 6 13 -5 -2 16 12 15 -7 13 -2 14 12 12 16 
-9 15 13 0 4 -7 0 3 16 -2 5 1 -5 13 3 9 -12 8 10 12 
186
1
15 8
4 11
0
0
