20 20
-14 12 3 8 11 14 3 4 6 -7 10 9 3 -12 7 1 11 9 -11 7 
-5 -8 14 6 -13 3 -6 5 0 -14 5 -4 9 1 -3 4 3 -8 5 7 
2 2 -14 3 8 8 3 8 10 11 14 2 5 1 14 11 3 -10 3 6 
11 13 -2 13 -2 9 10 7 -3 -1 6 -13 2 12 7 7 10 13 7 5 
12 7 12 -5 -11 9 0 9 -5 8 -13 4 14 2 1 5 0 11 11 7 
3 6 11 9 4 -2 3 7 13 3 12 14 9 -13 12 4 12 12 5 1 
2 12 14 12 5 7 9 11 11 13 0 -7 8 -2 7 6 -5 4 2 -2 
1 1 8 10 9 -9 6 -4 2 2 6 11 1 12 9 13 1 12 4 10 
-8 4 6 -10 0 6 -7 5 12 3 4 -8 7 10 -5 -1 12 -14 -3 6 
-2 3 7 -13 10 -2 -4 4 4 11 10 6 9 11 12 -5 8 9 10 2 
2 10 9 8 -5 12 11 9 6 10 11 4 4 -4 -2 10 -13 7 3 -2 
6 -3 -14 12 -1 -5 10 7 -8 4 3 12 5 -7 6 0 -10 6 4 -8 
10 4 12 1 13 9 12 1 11 6 2 2 -4 6 -9 9 10 8 1 1 
-2 2 4 -5 6 7 -2 8 -7 0 13 11 11 9 7 5 12 14 12 2 
1 5 12 12 4 12 -13 9 14 12 3 13 7 3 -2 4 9 11 6 3 
7 11 11 0 5 1 2 14 4 -13 8 -5 9 0 9 -11 -5 12 7 12 
5 7 13 10 7 7 12 2 -13 6 -1 -3 7 10 9 -2 13 -2 13 11 
6 3 -10 3 11 14 1 5 2 14 11 10 8 3 8 8 3 -14 2 2 
7 5 -8 3 4 -3 1 9 -4 5 -14 0 5 -6 3 -13 6 14 -8 -5 
7 -11 9 11 1 7 -12 3 9 10 -7 6 4 3 14 11 8 3 12 -14 
95
1
10 6
9 13
0
0
