20 20
10 15 3 -7 -6 11 -9 16 8 -16 8 6 15 -5 6 15 -11 -16 -12 15 
-5 6 -16 7 8 10 6 2 9 11 7 16 15 -9 4 -5 -15 6 11 1 
-15 13 13 -11 -5 9 12 -4 1 -7 -4 -4 3 2 3 9 12 10 8 6 
9 8 11 7 0 10 9 -6 -13 -7 -11 6 -14 0 -8 4 2 9 1 3 
-10 0 -2 5 -11 12 -4 1 1 15 6 -10 3 5 6 -11 3 13 11 13 
8 -13 1 8 6 16 -1 0 11 15 12 -10 0 13 -12 7 -8 -3 16 13 
14 5 6 14 6 9 6 3 -2 14 2 3 11 7 2 4 -4 5 -8 0 
-13 4 8 8 8 -7 12 11 1 -16 4 11 14 13 8 3 -8 -15 14 -7 
1 -3 0 -13 -11 -10 12 6 10 13 13 4 2 13 0 -8 11 14 5 0 
9 12 3 9 16 8 0 14 5 12 16 -8 14 4 3 1 14 16 -7 10 
10 -7 16 14 1 3 4 14 -8 16 12 5 14 0 8 16 9 3 12 9 
0 5 14 11 -8 0 13 2 4 13 13 10 6 12 -10 -11 -13 0 -3 1 
-7 14 -15 -8 3 8 13 14 11 4 -16 1 11 12 -7 8 8 8 4 -13 
0 -8 5 -4 4 2 7 11 3 2 14 -2 3 6 9 6 14 6 5 14 
13 16 -3 -8 7 -12 13 0 -10 12 15 11 0 -1 16 6 8 1 -13 8 
13 11 13 3 -11 6 5 3 -10 6 15 1 1 -4 12 -11 5 -2 0 -10 
3 1 9 2 4 -8 0 -14 6 -11 -7 -13 -6 9 10 0 7 11 8 9 
6 8 10 12 9 3 2 3 -4 -4 -7 1 -4 12 9 -5 -11 13 13 -15 
1 11 6 -15 -5 4 -9 15 16 7 11 9 2 6 10 8 7 -16 6 -5 
15 -12 -16 -11 15 6 -5 15 6 8 -16 8 16 -9 11 -6 -7 3 15 10 
67
1
18 5
1 14
0
0
