20 20
15 17 -14 -12 17 17 1 17 21 -4 10 21 15 8 21 15 5 17 12 20 
2 3 2 -18 18 3 6 0 -21 -16 16 10 4 15 14 15 -2 16 -7 1 
-14 10 -5 5 -21 14 6 8 4 5 1 -19 5 4 10 -19 6 4 11 17 
-12 20 -15 7 -3 17 -1 10 -11 19 22 -1 -17 -17 11 5 10 2 22 13 
-15 19 -2 4 10 7 19 3 -13 9 9 -6 -7 15 11 -9 -5 5 14 -20 
10 -20 14 7 18 0 20 -20 1 -8 4 -9 -21 2 9 3 7 -22 19 16 
-12 -4 14 -12 -3 13 5 18 3 10 16 12 -15 9 4 22 12 4 17 16 
16 5 -20 14 -6 -7 15 9 18 11 -5 10 17 10 8 -7 -14 16 12 13 
3 -12 -11 11 5 -8 -15 18 -10 12 3 22 -11 -21 1 21 20 -11 10 22 
-11 2 -15 12 13 -6 22 20 20 9 18 15 -9 16 20 21 -7 12 1 20 
20 1 12 -7 21 20 16 -9 15 18 9 20 20 22 -6 13 12 -15 2 -11 
22 10 -11 20 21 1 -21 -11 22 3 12 -10 18 -15 -8 5 11 -11 -12 3 
13 12 16 -14 -7 8 10 17 10 -5 11 18 9 15 -7 -6 14 -20 5 16 
16 17 4 12 22 4 9 -15 12 16 10 3 18 5 13 -3 -12 14 -4 -12 
16 19 -22 7 3 9 2 -21 -9 4 -8 1 -20 20 0 18 7 14 -20 10 
-20 14 5 -5 -9 11 15 -7 -6 9 9 -13 3 19 7 10 4 -2 19 -15 
13 22 2 10 5 11 -17 -17 -1 22 19 -11 10 -1 17 -3 7 -15 20 -12 
17 11 4 6 -19 10 4 5 -19 1 5 4 8 6 14 -21 5 -5 10 -14 
1 -7 16 -2 15 14 15 4 10 16 -16 -21 0 6 3 18 -18 2 3 2 
20 12 17 5 15 21 8 15 21 10 -4 21 17 1 17 17 -12 -14 17 15 
84
1
4 2
15 17
0
0
