20 20
-16 5 9 -18 10 16 16 6 11 11 16 14 3 9 -13 -9 10 18 6 3 
13 -2 19 19 9 7 2 0 -1 3 12 -6 12 -6 5 4 18 19 12 -3 
16 3 9 5 16 13 -11 4 18 -10 -8 10 1 -8 -2 14 -10 20 19 8 
15 9 6 -14 11 2 17 -4 1 -4 1 15 -4 -17 -18 -10 18 8 13 18 
11 9 14 6 15 11 -5 -18 7 20 5 4 9 19 7 4 8 19 1 -8 
14 9 17 17 12 -8 -12 8 0 8 2 18 16 -9 6 -13 6 3 6 2 
-7 10 16 18 7 -16 -7 18 6 3 7 18 19 -20 -18 1 16 3 -16 13 
11 17 -19 -16 9 1 4 14 2 2 18 15 -17 17 3 14 6 4 11 8 
8 4 15 2 18 -19 18 12 15 6 -5 -4 -7 -11 -16 7 16 17 -10 10 
18 11 20 -9 14 4 6 12 8 18 -10 16 -14 10 14 6 6 19 14 3 
3 14 19 6 6 14 10 -14 16 -10 18 8 12 6 4 14 -9 20 11 18 
10 -10 17 16 7 -16 -11 -7 -4 -5 6 15 12 18 -19 18 2 15 4 8 
8 11 4 6 14 3 17 -17 15 18 2 2 14 4 1 9 -16 -19 17 11 
13 -16 3 16 1 -18 -20 19 18 7 3 6 18 -7 -16 7 18 16 10 -7 
2 6 3 6 -13 6 -9 16 18 2 8 0 8 -12 -8 12 17 17 9 14 
-8 1 19 8 4 7 19 9 4 5 20 7 -18 -5 11 15 6 14 9 11 
18 13 8 18 -10 -18 -17 -4 15 1 -4 1 -4 17 2 11 -14 6 9 15 
8 19 20 -10 14 -2 -8 1 10 -8 -10 18 4 -11 13 16 5 9 3 16 
-3 12 19 18 4 5 -6 12 -6 12 3 -1 0 2 7 9 19 19 -2 13 
3 6 18 10 -9 -13 9 3 14 16 11 11 6 16 16 10 -18 9 5 -16 
68
1
18 8
1 11
0
0
