20 20
10 1 15 -1 10 14 15 -14 12 -2 8 14 -3 -13 -15 8 15 8 0 4 
10 14 -13 4 3 -14 3 12 15 -1 4 14 14 -4 2 6 15 0 -4 4 
14 6 -9 12 11 -5 -11 3 10 13 -8 6 10 14 10 13 -3 13 -6 -1 
-5 2 15 7 9 8 8 8 2 8 11 5 5 9 11 6 -8 14 12 4 
14 -13 -3 6 -15 -10 8 -14 15 4 5 10 12 1 4 -12 7 2 -13 10 
-12 -7 12 2 13 1 -6 8 -1 11 -7 15 6 9 15 5 12 5 6 15 
8 15 -8 3 -7 11 3 9 -11 -8 -2 -8 9 6 10 15 10 7 6 15 
3 4 6 14 7 9 9 -5 14 13 9 11 -9 -7 2 9 -15 9 2 15 
8 6 3 14 -9 8 4 -1 2 -4 12 2 2 9 7 -10 7 -9 7 11 
-14 4 -11 2 1 -14 -8 3 -6 -13 11 -3 -5 15 7 -3 -13 7 10 13 
13 10 7 -13 -3 7 15 -5 -3 11 -13 -6 3 -8 -14 1 2 -11 4 -14 
11 7 -9 7 -10 7 9 2 2 12 -4 2 -1 4 8 -9 14 3 6 8 
15 2 9 -15 9 2 -7 -9 11 9 13 14 -5 9 9 7 14 6 4 3 
15 6 7 10 15 10 6 9 -8 -2 -8 -11 9 3 11 -7 3 -8 15 8 
15 6 5 12 5 15 9 6 15 -7 11 -1 8 -6 1 13 2 12 -7 -12 
10 -13 2 7 -12 4 1 12 10 5 4 15 -14 8 -10 -15 6 -3 -13 14 
4 12 14 -8 6 11 9 5 5 11 8 2 8 8 8 9 7 15 2 -5 
-1 -6 13 -3 13 10 14 10 6 -8 13 10 3 -11 -5 11 12 -9 6 14 
4 -4 0 15 6 2 -4 14 14 4 -1 15 12 3 -14 3 4 -13 14 10 
4 0 8 15 8 -15 -13 -3 14 8 -2 12 -14 15 14 10 -1 15 1 10 
99
1
3 9
16 10
0
0
