20 20
5 23 25 13 7 -8 11 11 3 7 -9 1 16 5 17 15 -6 -24 25 25 
-5 -1 -13 15 1 24 5 15 -5 -1 -14 24 24 1 16 17 -26 -8 25 5 
-6 9 12 -24 11 7 -2 18 4 19 -1 1 -15 20 20 -6 -13 27 9 15 
25 -10 8 12 14 7 7 -16 6 5 8 24 -10 8 6 18 -17 15 14 7 
27 11 18 18 6 -12 -7 19 -4 7 -27 7 8 9 8 20 0 11 -18 16 
21 1 -5 11 -8 10 2 19 -13 0 8 9 18 1 24 -21 27 -15 -16 -5 
20 7 -22 0 23 22 13 3 -24 10 -11 -10 15 9 3 8 -18 23 23 10 
26 -3 14 4 -1 15 26 10 9 10 16 15 -23 24 -24 5 -13 12 -11 25 
7 -23 3 14 -8 0 22 11 6 -22 17 25 18 17 5 18 7 8 18 26 
26 16 12 0 -26 22 21 18 26 12 1 16 18 20 2 20 0 -19 24 -3 
-3 24 -19 0 20 2 20 18 16 1 12 26 18 21 22 -26 0 12 16 26 
26 18 8 7 18 5 17 18 25 17 -22 6 11 22 0 -8 14 3 -23 7 
25 -11 12 -13 5 -24 24 -23 15 16 10 9 10 26 15 -1 4 14 -3 26 
10 23 23 -18 8 3 9 15 -10 -11 10 -24 3 13 22 23 0 -22 7 20 
-5 -16 -15 27 -21 24 1 18 9 8 0 -13 19 2 10 -8 11 -5 1 21 
16 -18 11 0 20 8 9 8 7 -27 7 -4 19 -7 -12 6 18 18 11 27 
7 14 15 -17 18 6 8 -10 24 8 5 6 -16 7 7 14 12 8 -10 25 
15 9 27 -13 -6 20 20 -15 1 -1 19 4 18 -2 7 11 -24 12 9 -6 
5 25 -8 -26 17 16 1 24 24 -14 -1 -5 15 5 24 1 15 -13 -1 -5 
25 25 -24 -6 15 17 5 16 1 -9 7 3 11 11 -8 7 13 25 23 5 
42
1
8 3
11 16
0
0
