20 20
5 26 8 -23 -9 -3 27 2 25 14 -23 -9 20 21 -20 21 18 11 -21 7 
2 6 25 2 -3 26 -11 2 0 11 23 -16 -7 11 23 21 10 25 -5 5 
-19 20 4 17 22 25 -13 27 -10 14 -7 6 -17 26 3 7 5 19 26 13 
16 21 16 16 15 21 16 2 24 -27 11 13 25 0 4 7 7 -13 -5 2 
26 11 10 16 12 25 25 1 22 12 26 21 4 10 16 -6 2 15 16 -22 
14 23 27 20 -24 17 22 -4 5 8 3 -17 -21 2 6 21 7 -10 19 -27 
8 24 18 11 5 -1 12 -1 18 18 12 19 -18 9 1 -14 -20 19 -2 6 
3 -25 -7 10 13 17 1 -22 1 7 -3 8 12 -3 16 -10 -21 13 11 23 
12 20 12 16 13 -13 25 11 0 -12 25 -22 1 4 -13 0 8 8 15 24 
-21 20 5 7 16 12 12 4 22 7 22 18 -18 11 10 15 3 5 20 -23 
-23 20 5 3 15 10 11 -18 18 22 7 22 4 12 12 16 7 5 20 -21 
24 15 8 8 0 -13 4 1 -22 25 -12 0 11 25 -13 13 16 12 20 12 
23 11 13 -21 -10 16 -3 12 8 -3 7 1 -22 1 17 13 10 -7 -25 3 
6 -2 19 -20 -14 1 9 -18 19 12 18 18 -1 12 -1 5 11 18 24 8 
-27 19 -10 7 21 6 2 -21 -17 3 8 5 -4 22 17 -24 20 27 23 14 
-22 16 15 2 -6 16 10 4 21 26 12 22 1 25 25 12 16 10 11 26 
2 -5 -13 7 7 4 0 25 13 11 -27 24 2 16 21 15 16 16 21 16 
13 26 19 5 7 3 26 -17 6 -7 14 -10 27 -13 25 22 17 4 20 -19 
5 -5 25 10 21 23 11 -7 -16 23 11 0 2 -11 26 -3 2 25 6 2 
7 -21 11 18 21 -20 21 20 -9 -23 14 25 2 27 -3 -9 -23 8 26 5 
83
1
19 15
0 4
0
0
