20 20
15 7 11 1 -6 -17 9 7 6 -14 0 3 0 13 17 3 7 7 9 -6 
16 16 13 12 18 0 16 -16 6 10 -5 3 11 4 12 17 5 3 15 8 
5 -13 11 10 -6 4 3 9 17 9 18 -16 17 15 18 -13 11 -8 16 6 
-1 15 4 2 0 8 -9 13 -6 -6 -17 12 -12 1 6 -7 10 11 -14 7 
16 18 -9 -18 3 -13 -17 16 -4 11 3 2 16 -15 6 10 13 -14 1 6 
0 14 16 -11 -13 -8 5 1 10 8 14 -8 12 12 1 3 4 14 3 14 
0 13 5 -1 13 16 11 5 9 7 2 8 4 8 13 15 12 12 10 15 
7 -13 11 9 14 16 3 0 8 5 -12 0 7 16 10 10 -5 7 9 8 
17 2 2 17 -13 14 -10 -14 4 -8 10 5 8 14 -1 14 17 -11 -1 6 
5 10 18 3 6 13 7 11 10 5 -17 -3 12 5 17 13 -4 0 2 17 
17 2 0 -4 13 17 5 12 -3 -17 5 10 11 7 13 6 3 18 10 5 
6 -1 -11 17 14 -1 14 8 5 10 -8 4 -14 -10 14 -13 17 2 2 17 
8 9 7 -5 10 10 16 7 0 -12 5 8 0 3 16 14 9 11 -13 7 
15 10 12 12 15 13 8 4 8 2 7 9 5 11 16 13 -1 5 13 0 
14 3 14 4 3 1 12 12 -8 14 8 10 1 5 -8 -13 -11 16 14 0 
6 1 -14 13 10 6 -15 16 2 3 11 -4 16 -17 -13 3 -18 -9 18 16 
7 -14 11 10 -7 6 1 -12 12 -17 -6 -6 13 -9 8 0 2 4 15 -1 
6 16 -8 11 -13 18 15 17 -16 18 9 17 9 3 4 -6 10 11 -13 5 
8 15 3 5 17 12 4 11 3 -5 10 6 -16 16 0 18 12 13 16 16 
-6 9 7 7 3 17 13 0 3 0 -14 6 7 9 -17 -6 1 11 7 15 
61
1
4 19
15 0
0
0
