20 20
1 11 14 -6 -6 12 20 -5 -15 11 14 7 15 11 18 21 -8 22 6 10 
16 23 23 14 -1 23 24 20 24 24 -3 13 -9 14 -7 4 9 7 5 15 
1 19 -3 7 20 6 17 23 3 2 19 8 -17 18 -23 12 -3 2 4 11 
10 0 15 10 -19 14 23 5 16 16 24 15 16 -17 19 23 13 18 13 0 
-7 1 22 -20 21 5 24 19 -16 20 19 19 10 24 8 17 15 3 -17 -19 
-11 -9 2 18 22 1 -10 0 21 15 10 9 17 9 23 6 9 9 24 17 
-2 -20 24 -11 24 20 23 8 22 24 12 12 18 8 22 8 8 1 18 13 
-11 -20 -17 13 2 -13 2 -3 11 1 15 23 13 19 7 -15 -2 5 3 -12 
11 -15 -16 22 21 10 11 -20 19 -14 22 -18 -15 19 2 18 -17 -3 17 16 
24 21 -22 14 12 15 23 -18 4 9 20 22 5 23 2 -1 24 0 18 2 
2 18 0 24 -1 2 23 5 22 20 9 4 -18 23 15 12 14 -22 21 24 
16 17 -3 -17 18 2 19 -15 -18 22 -14 19 -20 11 10 21 22 -16 -15 11 
-12 3 5 -2 -15 7 19 13 23 15 1 11 -3 2 -13 2 13 -17 -20 -11 
13 18 1 8 8 22 8 18 12 12 24 22 8 23 20 24 -11 24 -20 -2 
17 24 9 9 6 23 9 17 9 10 15 21 0 -10 1 22 18 2 -9 -11 
-19 -17 3 15 17 8 24 10 19 19 20 -16 19 24 5 21 -20 22 1 -7 
0 13 18 13 23 19 -17 16 15 24 16 16 5 23 14 -19 10 15 0 10 
11 4 2 -3 12 -23 18 -17 8 19 2 3 23 17 6 20 7 -3 19 1 
15 5 7 9 4 -7 14 -9 13 -3 24 24 20 24 23 -1 14 23 23 16 
10 6 22 -8 21 18 11 15 7 14 11 -15 -5 20 12 -6 -6 14 11 1 
100
1
5 9
14 10
0
0
