20 20
17 17 7 12 -17 11 15 -5 22 9 23 -19 13 14 6 -23 13 -8 1 -11 
7 -8 9 -1 0 10 16 2 16 7 19 15 -20 12 9 14 -22 12 2 9 
1 11 18 21 12 18 13 15 6 -19 10 -15 -10 0 17 4 16 9 23 3 
18 12 -7 6 16 10 -19 21 24 19 11 2 5 -3 1 4 -12 12 -17 1 
8 13 14 -14 20 3 11 -21 6 24 -20 15 -12 24 20 24 9 0 20 20 
24 24 14 23 9 16 0 24 1 23 22 -4 13 18 2 22 17 -7 18 22 
9 9 9 11 11 17 15 1 -21 12 10 -1 6 -11 7 20 -19 24 13 11 
-5 8 13 5 4 18 7 16 8 19 7 19 13 19 21 9 -12 9 24 -14 
16 -18 -24 7 14 1 3 23 0 19 23 4 21 -7 -18 4 8 0 2 2 
10 10 2 14 13 12 8 -22 18 -9 1 21 7 -8 13 9 21 1 21 2 
2 21 1 21 9 13 -8 7 21 1 -9 18 -22 8 12 13 14 2 10 10 
2 2 0 8 4 -18 -7 21 4 23 19 0 23 3 1 14 7 -24 -18 16 
-14 24 9 -12 9 21 19 13 19 7 19 8 16 7 18 4 5 13 8 -5 
11 13 24 -19 20 7 -11 6 -1 10 12 -21 1 15 17 11 11 9 9 9 
22 18 -7 17 22 2 18 13 -4 22 23 1 24 0 16 9 23 14 24 24 
20 20 0 9 24 20 24 -12 15 -20 24 6 -21 11 3 20 -14 14 13 8 
1 -17 12 -12 4 1 -3 5 2 11 19 24 21 -19 10 16 6 -7 12 18 
3 23 9 16 4 17 0 -10 -15 10 -19 6 15 13 18 12 21 18 11 1 
9 2 12 -22 14 9 12 -20 15 19 7 16 2 16 10 0 -1 9 -8 7 
-11 1 -8 13 -23 6 14 13 -19 23 9 22 -5 15 11 -17 12 7 17 17 
138
1
8 13
11 6
0
0
