20 20
13 21 18 16 -18 12 4 17 15 20 11 -8 11 11 7 13 -1 10 17 9 
7 9 9 13 8 2 19 -13 -6 11 7 7 5 4 4 15 5 15 11 -13 
1 20 11 18 8 18 -6 7 16 3 18 -3 11 -2 7 12 21 -14 7 -4 
21 16 15 6 -17 20 3 -10 11 15 14 6 6 -19 17 -6 -12 5 7 18 
9 11 15 13 19 7 2 -5 15 13 2 8 -20 16 2 9 0 18 19 -16 
20 -4 -6 -14 -19 -18 18 10 -15 9 -4 9 18 14 -6 18 -2 -21 9 8 
8 3 17 -3 13 9 -2 14 -17 21 -18 3 -15 11 6 12 21 -12 -3 1 
-20 7 3 -17 3 11 15 5 18 17 -12 7 1 -5 0 4 -9 12 13 8 
14 -15 21 2 10 11 19 21 6 6 0 9 -8 2 4 -5 18 -14 10 -6 
-19 8 -5 16 -17 -16 -17 9 21 12 5 1 18 -6 21 -15 -8 17 7 1 
1 7 17 -8 -15 21 -6 18 1 5 12 21 9 -17 -16 -17 16 -5 8 -19 
-6 10 -14 18 -5 4 2 -8 9 0 6 6 21 19 11 10 2 21 -15 14 
8 13 12 -9 4 0 -5 1 7 -12 17 18 5 15 11 3 -17 3 7 -20 
1 -3 -12 21 12 6 11 -15 3 -18 21 -17 14 -2 9 13 -3 17 3 8 
8 9 -21 -2 18 -6 14 18 9 -4 9 -15 10 18 -18 -19 -14 -6 -4 20 
-16 19 18 0 9 2 16 -20 8 2 13 15 -5 2 7 19 13 15 11 9 
18 7 5 -12 -6 17 -19 6 6 14 15 11 -10 3 20 -17 6 15 16 21 
-4 7 -14 21 12 7 -2 11 -3 18 3 16 7 -6 18 8 18 11 20 1 
-13 11 15 5 15 4 4 5 7 7 11 -6 -13 19 2 8 13 9 9 7 
9 17 10 -1 13 7 11 11 -8 11 20 15 17 4 12 -18 16 18 21 13 
144
1
17 10
2 9
0
0
