20 20
1 1 2 5 14 -12 -12 -10 -10 4 7 15 12 -6 -10 7 6 6 10 -11 
13 -16 5 -9 11 13 7 5 11 14 -7 14 -10 12 16 11 3 13 3 -14 
12 7 -2 7 10 6 16 1 16 -12 3 16 15 -9 13 0 5 15 4 11 
15 6 6 6 3 -4 10 -2 0 -14 15 0 -15 0 10 5 15 15 12 16 
6 9 16 7 12 -16 12 4 -10 16 8 11 12 7 -9 -10 2 4 5 -16 
4 16 15 7 13 -1 15 3 0 -14 13 15 4 4 12 13 -6 12 3 14 
3 4 0 11 5 11 -16 0 -16 11 5 -2 4 6 -9 -11 10 14 10 15 
-4 16 0 -2 -15 2 -5 1 6 3 12 8 4 2 5 11 14 -1 9 13 
9 -5 11 3 -14 -4 1 -8 1 16 -4 1 1 7 -7 9 -1 16 -5 9 
10 2 10 -13 1 5 -13 7 11 6 -15 11 16 3 11 -8 -3 8 6 4 
4 6 8 -3 -8 11 3 16 11 -15 6 11 7 -13 5 1 -13 10 2 10 
9 -5 16 -1 9 -7 7 1 1 -4 16 1 -8 1 -4 -14 3 11 -5 9 
13 9 -1 14 11 5 2 4 8 12 3 6 1 -5 2 -15 -2 0 16 -4 
15 10 14 10 -11 -9 6 4 -2 5 11 -16 0 -16 11 5 11 0 4 3 
14 3 12 -6 13 12 4 4 15 13 -14 0 3 15 -1 13 7 15 16 4 
-16 5 4 2 -10 -9 7 12 11 8 16 -10 4 12 -16 12 7 16 9 6 
16 12 15 15 5 10 0 -15 0 15 -14 0 -2 10 -4 3 6 6 6 15 
11 4 15 5 0 13 -9 15 16 3 -12 16 1 16 6 10 7 -2 7 12 
-14 3 13 3 11 16 12 -10 14 -7 14 11 5 7 13 11 -9 5 -16 13 
-11 10 6 6 7 -10 -6 12 15 7 4 -10 -10 -12 -12 14 5 2 1 1 
52
1
19 8
0 11
0
0
