20 20
3 10 12 1 5 -7 6 19 -15 16 8 6 19 5 9 5 -21 5 14 20 
18 20 14 3 13 21 13 -5 -14 6 20 14 6 14 3 18 13 8 -14 -1 
14 -8 14 13 4 21 13 4 16 -5 21 5 2 -2 3 19 4 -11 8 6 
15 12 17 -1 10 7 18 1 1 19 15 -3 17 -4 17 3 14 12 -2 -11 
-10 17 -2 11 3 -18 12 6 -8 11 -6 5 4 13 15 21 -21 -8 -9 17 
-19 4 -17 -2 13 13 6 9 10 20 16 8 13 15 5 18 6 13 1 14 
11 9 3 12 5 20 -2 16 11 10 4 -13 0 0 10 15 -8 6 15 17 
1 4 11 -18 -4 3 19 12 12 2 -9 11 17 -9 11 20 10 -21 12 -16 
-12 -5 -20 11 -8 21 19 -20 3 10 4 14 6 18 0 11 11 2 -14 8 
17 10 20 10 2 16 1 21 -14 0 -9 2 -11 -12 -20 -6 7 -5 -2 14 
14 -2 -5 7 -6 -20 -12 -11 2 -9 0 -14 21 1 16 2 10 20 10 17 
8 -14 2 11 11 0 18 6 14 4 10 3 -20 19 21 -8 11 -20 -5 -12 
-16 12 -21 10 20 11 -9 17 11 -9 2 12 12 19 3 -4 -18 11 4 1 
17 15 6 -8 15 10 0 0 -13 4 10 11 16 -2 20 5 12 3 9 11 
14 1 13 6 18 5 15 13 8 16 20 10 9 6 13 13 -2 -17 4 -19 
17 -9 -8 -21 21 15 13 4 5 -6 11 -8 6 12 -18 3 11 -2 17 -10 
-11 -2 12 14 3 17 -4 17 -3 15 19 1 1 18 7 10 -1 17 12 15 
6 8 -11 4 19 3 -2 2 5 21 -5 16 4 13 21 4 13 14 -8 14 
-1 -14 8 13 18 3 14 6 14 20 6 -14 -5 13 21 13 3 14 20 18 
20 14 5 -21 5 9 5 19 6 8 16 -15 19 6 -7 5 1 12 10 3 
35
1
8 16
11 3
0
0
