20 20
-9 1 9 -5 -2 1 -16 14 -5 4 12 3 4 1 7 -10 9 14 16 16 
13 -12 2 7 4 5 14 14 6 14 -8 3 -16 12 5 13 7 16 12 7 
-11 4 15 -5 10 13 -1 1 11 11 10 0 16 5 15 10 10 6 2 14 
-8 9 13 0 -6 -14 3 -8 12 -11 9 11 4 10 2 -14 15 3 4 16 
8 2 1 0 4 3 12 6 -15 1 11 -4 12 -9 1 12 12 9 14 11 
6 2 3 3 5 12 1 14 13 5 11 13 4 9 6 9 15 11 9 -14 
-14 -7 16 10 -8 2 -12 -14 8 -9 10 3 11 -2 9 15 13 9 6 10 
-1 2 -5 -11 16 4 -11 11 16 -11 2 9 0 7 9 5 6 7 11 16 
10 15 3 5 9 -3 -2 16 10 4 14 15 10 -6 3 -15 1 7 9 -12 
4 6 3 7 11 7 -7 4 3 -6 -4 12 15 15 8 -8 -2 -2 2 3 
3 2 -2 -2 -8 8 15 15 12 -4 -6 3 4 -7 7 11 7 3 6 4 
-12 9 7 1 -15 3 -6 10 15 14 4 10 16 -2 -3 9 5 3 15 10 
16 11 7 6 5 9 7 0 9 2 -11 16 11 -11 4 16 -11 -5 2 -1 
10 6 9 13 15 9 -2 11 3 10 -9 8 -14 -12 2 -8 10 16 -7 -14 
-14 9 11 15 9 6 9 4 13 11 5 13 14 1 12 5 3 3 2 6 
11 14 9 12 12 1 -9 12 -4 11 1 -15 6 12 3 4 0 1 2 8 
16 4 3 15 -14 2 10 4 11 9 -11 12 -8 3 -14 -6 0 13 9 -8 
14 2 6 10 10 15 5 16 0 10 11 11 1 -1 13 10 -5 15 4 -11 
7 12 16 7 13 5 12 -16 3 -8 14 6 14 14 5 4 7 2 -12 13 
16 16 14 9 -10 7 1 4 3 12 4 -5 14 -16 1 -2 -5 9 1 -9 
173
1
8 18
11 1
0
0
