20 20
-16 -7 2 -21 11 2 4 14 20 -4 8 14 12 15 -1 -16 -8 8 1 8 
10 4 -7 5 11 3 10 3 20 5 16 -16 -1 14 8 10 -15 -10 12 4 
9 15 4 14 16 3 -8 -16 -13 15 8 12 9 -13 11 19 -4 4 6 16 
14 -18 -5 -10 11 4 17 16 -2 -20 19 20 0 9 19 6 -13 16 -8 6 
6 6 8 -9 15 11 11 2 -3 10 20 16 2 15 -6 -21 6 6 -6 13 
9 9 -13 16 7 5 9 3 -21 19 2 12 15 -14 9 14 8 9 8 1 
16 19 21 -12 0 8 10 5 7 6 19 21 19 15 4 -12 17 -2 14 5 
14 8 -5 -17 10 1 -20 19 4 -14 8 8 10 19 -2 11 11 0 6 21 
7 13 14 16 -13 -9 6 5 -19 16 3 3 7 13 -4 -2 14 10 9 -17 
5 15 -12 21 16 8 -3 -4 -21 -8 7 20 -18 3 -11 -19 6 -15 10 9 
9 10 -15 6 -19 -11 3 -18 20 7 -8 -21 -4 -3 8 16 21 -12 15 5 
-17 9 10 14 -2 -4 13 7 3 3 16 -19 5 6 -9 -13 16 14 13 7 
21 6 0 11 11 -2 19 10 8 8 -14 4 19 -20 1 10 -17 -5 8 14 
5 14 -2 17 -12 4 15 19 21 19 6 7 5 10 8 0 -12 21 19 16 
1 8 9 8 14 9 -14 15 12 2 19 -21 3 9 5 7 16 -13 9 9 
13 -6 6 6 -21 -6 15 2 16 20 10 -3 2 11 11 15 -9 8 6 6 
6 -8 16 -13 6 19 9 0 20 19 -20 -2 16 17 4 11 -10 -5 -18 14 
16 6 4 -4 19 11 -13 9 12 8 15 -13 -16 -8 3 16 14 4 15 9 
4 12 -10 -15 10 8 14 -1 -16 16 5 20 3 10 3 11 5 -7 4 10 
8 1 8 -8 -16 -1 15 12 14 8 -4 20 14 4 2 11 -21 2 -7 -16 
105
1
3 13
16 6
0
0
