20 20
-9 5 11 -12 8 12 15 2 7 18 18 -10 17 -2 8 10 14 -13 8 -20 
3 1 -18 -13 1 16 18 -8 -2 13 3 10 19 5 0 12 16 18 -13 12 
3 16 12 19 15 19 11 17 4 17 -5 3 20 17 1 8 8 -16 6 1 
12 -14 9 5 4 6 6 -12 14 12 5 -8 12 11 11 14 18 10 -20 8 
3 -18 -10 5 9 7 -7 15 17 16 16 3 3 9 -20 18 2 7 -15 8 
7 11 18 -13 13 12 12 6 17 17 13 5 11 5 -16 16 7 4 2 4 
-13 -17 -4 -15 14 -3 9 7 -4 -19 16 9 4 9 -18 12 -1 3 -2 7 
-6 13 20 -12 2 14 6 14 7 4 2 11 -6 -19 9 20 -19 -19 8 -3 
13 20 3 7 11 4 18 20 6 13 2 0 3 3 15 -2 -12 5 8 17 
10 7 13 3 -6 17 -19 17 12 18 17 -1 7 14 -4 18 -7 7 4 -14 
-14 4 7 -7 18 -4 14 7 -1 17 18 12 17 -19 17 -6 3 13 7 10 
17 8 5 -12 -2 15 3 3 0 2 13 6 20 18 4 11 7 3 20 13 
-3 8 -19 -19 20 9 -19 -6 11 2 4 7 14 6 14 2 -12 20 13 -6 
7 -2 3 -1 12 -18 9 4 9 16 -19 -4 7 9 -3 14 -15 -4 -17 -13 
4 2 4 7 16 -16 5 11 5 13 17 17 6 12 12 13 -13 18 11 7 
8 -15 7 2 18 -20 9 3 3 16 16 17 15 -7 7 9 5 -10 -18 3 
8 -20 10 18 14 11 11 12 -8 5 12 14 -12 6 6 4 5 9 -14 12 
1 6 -16 8 8 1 17 20 3 -5 17 4 17 11 19 15 19 12 16 3 
12 -13 18 16 12 0 5 19 10 3 13 -2 -8 18 16 1 -13 -18 1 3 
-20 8 -13 14 10 8 -2 17 -10 18 18 7 2 15 12 8 -12 11 5 -9 
90
1
14 5
5 14
0
0
