20 20
14 18 7 16 -18 10 16 3 16 0 2 5 -15 0 7 4 -12 19 9 16 
9 5 20 1 3 20 15 7 -7 20 17 4 -18 21 2 -12 -15 -6 1 -18 
1 17 20 16 11 16 11 -16 -10 3 18 10 2 0 20 -3 -4 -20 14 6 
-6 4 13 -10 -4 0 7 20 9 -11 5 -16 -18 5 14 6 0 11 18 -6 
7 -8 14 16 8 21 3 -5 19 11 16 19 10 3 -19 12 8 12 14 1 
3 15 2 -17 9 7 1 -7 -4 9 -20 15 5 11 -21 12 10 4 13 -4 
16 3 5 18 21 17 2 -9 10 11 21 21 0 -6 10 -18 21 15 11 16 
10 2 -12 6 18 11 1 -13 -2 -3 16 21 11 18 15 -13 7 19 7 15 
-8 5 -15 18 7 5 15 21 0 2 13 20 3 10 18 18 -2 12 14 14 
17 5 5 20 15 -17 21 -20 11 -14 21 -13 19 -4 -21 11 16 -4 21 -13 
-13 21 -4 16 11 -21 -4 19 -13 21 -14 11 -20 21 -17 15 20 5 5 17 
14 14 12 -2 18 18 10 3 20 13 2 0 21 15 5 7 18 -15 5 -8 
15 7 19 7 -13 15 18 11 21 16 -3 -2 -13 1 11 18 6 -12 2 10 
16 11 15 21 -18 10 -6 0 21 21 11 10 -9 2 17 21 18 5 3 16 
-4 13 4 10 12 -21 11 5 15 -20 9 -4 -7 1 7 9 -17 2 15 3 
1 14 12 8 12 -19 3 10 19 16 11 19 -5 3 21 8 16 14 -8 7 
-6 18 11 0 6 14 5 -18 -16 5 -11 9 20 7 0 -4 -10 13 4 -6 
6 14 -20 -4 -3 20 0 2 10 18 3 -10 -16 11 16 11 16 20 17 1 
-18 1 -6 -15 -12 2 21 -18 4 17 20 -7 7 15 20 3 1 20 5 9 
16 9 19 -12 4 7 0 -15 5 2 0 16 3 16 10 -18 16 7 18 14 
41
1
16 15
3 4
0
0
