20 20
11 12 6 15 20 16 -25 -4 -22 18 0 20 14 0 4 10 17 20 8 17 
-15 -17 23 10 -10 23 6 20 25 16 4 2 15 23 24 23 2 6 25 24 
19 13 15 1 18 -5 -22 21 14 -9 1 11 18 10 2 -19 20 9 9 21 
-24 15 8 -7 15 18 -21 16 24 7 15 -9 -9 -26 -14 -21 17 24 2 18 
-23 20 7 24 15 14 15 5 21 17 4 11 -8 13 -24 20 16 23 -8 -19 
8 22 22 -9 3 23 21 -18 20 -26 10 26 -25 17 11 18 10 22 -9 13 
18 -19 14 26 25 -12 3 16 -3 -4 4 21 -7 11 -10 8 12 15 12 26 
16 21 21 -6 12 -23 -13 23 -18 18 18 21 -14 6 23 18 4 0 17 5 
19 16 18 -19 21 -5 25 23 -5 2 9 26 26 23 -16 -20 -2 0 18 -14 
14 23 11 -20 22 7 3 21 16 18 9 9 22 7 21 15 -6 6 10 5 
5 10 6 -6 15 21 7 22 9 9 18 16 21 3 7 22 -20 11 23 14 
-14 18 0 -2 -20 -16 23 26 26 9 2 -5 23 25 -5 21 -19 18 16 19 
5 17 0 4 18 23 6 -14 21 18 18 -18 23 -13 -23 12 -6 21 21 16 
26 12 15 12 8 -10 11 -7 21 4 -4 -3 16 3 -12 25 26 14 -19 18 
13 -9 22 10 18 11 17 -25 26 10 -26 20 -18 21 23 3 -9 22 22 8 
-19 -8 23 16 20 -24 13 -8 11 4 17 21 5 15 14 15 24 7 20 -23 
18 2 24 17 -21 -14 -26 -9 -9 15 7 24 16 -21 18 15 -7 8 15 -24 
21 9 9 20 -19 2 10 18 11 1 -9 14 21 -22 -5 18 1 15 13 19 
24 25 6 2 23 24 23 15 2 4 16 25 20 6 23 -10 10 23 -17 -15 
17 8 20 17 10 4 0 14 20 0 18 -22 -4 -25 16 20 15 6 12 11 
74
1
5 16
14 3
0
0
