20 20
5 6 17 11 9 16 13 6 4 2 13 11 4 -3 -14 4 4 16 17 12 
9 -7 12 11 15 5 -16 15 -4 1 1 7 -10 14 -14 5 11 13 4 9 
15 6 3 17 7 17 2 12 6 17 15 11 12 17 6 -4 -8 0 6 5 
-8 7 16 3 4 12 10 14 -8 0 5 2 -7 -3 11 -15 17 17 14 -5 
6 4 10 -12 9 11 14 -4 8 3 8 11 3 10 -1 15 17 10 -7 -15 
8 13 2 7 -17 13 7 8 16 2 6 12 5 -17 8 7 -13 -10 -13 -15 
4 1 11 1 5 8 11 9 3 9 14 4 -10 8 12 -6 15 9 -11 -12 
10 17 -12 3 5 6 3 6 -9 11 -10 -16 13 7 11 14 1 13 8 14 
1 6 7 -15 -9 8 4 -12 9 12 -12 13 2 -16 5 16 -14 15 6 17 
16 15 14 17 14 13 -3 1 5 6 8 -12 -14 3 0 6 10 6 11 14 
14 11 6 10 6 0 3 -14 -12 8 6 5 1 -3 13 14 17 14 15 16 
17 6 15 -14 16 5 -16 2 13 -12 12 9 -12 4 8 -9 -15 7 6 1 
14 8 13 1 14 11 7 13 -16 -10 11 -9 6 3 6 5 3 -12 17 10 
-12 -11 9 15 -6 12 8 -10 4 14 9 3 9 11 8 5 1 11 1 4 
-15 -13 -10 -13 7 8 -17 5 12 6 2 16 8 7 13 -17 7 2 13 8 
-15 -7 10 17 15 -1 10 3 11 8 3 8 -4 14 11 9 -12 10 4 6 
-5 14 17 17 -15 11 -3 -7 2 5 0 -8 14 10 12 4 3 16 7 -8 
5 6 0 -8 -4 6 17 12 11 15 17 6 12 2 17 7 17 3 6 15 
9 4 13 11 5 -14 14 -10 7 1 1 -4 15 -16 5 15 11 12 -7 9 
12 17 16 4 4 -14 -3 4 11 13 2 4 6 13 16 9 11 17 6 5 
37
1
11 6
8 13
0
0
