20 20
8 1 0 6 -19 9 2 1 11 15 14 -17 17 4 -8 1 11 15 5 13 
15 11 2 10 3 12 9 11 4 2 9 -18 11 9 -18 -17 -11 5 17 13 
-10 -12 13 18 8 13 3 14 12 8 7 19 -7 4 10 -10 2 12 -4 17 
12 8 15 -6 -2 6 7 10 7 19 12 12 13 19 1 -14 -14 7 19 1 
1 1 -12 2 5 15 -4 15 -14 -15 8 2 18 -6 -5 7 -5 3 8 15 
13 -5 5 13 2 11 5 6 0 4 -1 14 -19 -15 15 3 5 -17 13 19 
13 9 9 3 17 4 -9 -17 -16 14 -2 15 14 -5 5 18 4 12 1 0 
6 6 17 2 -10 -13 -7 16 1 14 5 11 11 0 5 -10 18 18 15 18 
9 9 4 17 19 17 8 18 2 12 14 -8 -13 13 -18 3 -15 8 0 15 
-5 14 4 -18 10 1 13 13 -2 5 13 -18 4 6 -4 9 2 6 1 3 
3 1 6 2 9 -4 6 4 -18 13 5 -2 13 13 1 10 -18 4 14 -5 
15 0 8 -15 3 -18 13 -13 -8 14 12 2 18 8 17 19 17 4 9 9 
18 15 18 18 -10 5 0 11 11 5 14 1 16 -7 -13 -10 2 17 6 6 
0 1 12 4 18 5 -5 14 15 -2 14 -16 -17 -9 4 17 3 9 9 13 
19 13 -17 5 3 15 -15 -19 14 -1 4 0 6 5 11 2 13 5 -5 13 
15 8 3 -5 7 -5 -6 18 2 8 -15 -14 15 -4 15 5 2 -12 1 1 
1 19 7 -14 -14 1 19 13 12 12 19 7 10 7 6 -2 -6 15 8 12 
17 -4 12 2 -10 10 4 -7 19 7 8 12 14 3 13 8 18 13 -12 -10 
13 17 5 -11 -17 -18 9 11 -18 9 2 4 11 9 12 3 10 2 11 15 
13 5 15 11 1 -8 4 17 -17 14 15 11 1 2 9 -19 6 0 1 8 
33
1
9 18
10 1
0
0
