20 20
14 15 20 1 12 6 -6 8 4 -2 5 9 24 15 4 23 15 4 -11 16 
20 2 22 11 11 5 -24 13 -10 3 10 23 8 23 22 -2 3 19 -25 15 
13 24 15 4 -4 9 19 9 -13 -9 3 13 10 -24 8 26 3 -17 -26 14 
10 23 16 17 -1 6 6 18 24 -17 15 -6 14 3 -25 18 -6 -2 3 5 
25 2 21 15 7 11 26 2 2 24 -19 -15 3 -12 18 8 18 22 9 -3 
-8 19 1 15 23 4 9 14 11 -10 19 -6 -25 15 14 15 11 -8 11 26 
-6 17 22 -9 -1 -3 -1 26 17 18 17 -21 15 0 -19 -17 22 15 10 0 
25 26 14 12 21 3 11 6 3 4 15 22 26 -11 -12 24 3 9 -23 12 
26 22 23 -17 15 3 5 20 -18 -5 -22 18 24 6 3 11 13 -5 -16 9 
25 13 9 14 -5 15 2 -17 -25 15 -9 11 3 2 10 7 14 2 2 0 
0 2 2 14 7 10 2 3 11 -9 15 -25 -17 2 15 -5 14 9 13 25 
9 -16 -5 13 11 3 6 24 18 -22 -5 -18 20 5 3 15 -17 23 22 26 
12 -23 9 3 24 -12 -11 26 22 15 4 3 6 11 3 21 12 14 26 25 
0 10 15 22 -17 -19 0 15 -21 17 18 17 26 -1 -3 -1 -9 22 17 -6 
26 11 -8 11 15 14 15 -25 -6 19 -10 11 14 9 4 23 15 1 19 -8 
-3 9 22 18 8 18 -12 3 -15 -19 24 2 2 26 11 7 15 21 2 25 
5 3 -2 -6 18 -25 3 14 -6 15 -17 24 18 6 6 -1 17 16 23 10 
14 -26 -17 3 26 8 -24 10 13 3 -9 -13 9 19 9 -4 4 15 24 13 
15 -25 19 3 -2 22 23 8 23 10 3 -10 13 -24 5 11 11 22 2 20 
16 -11 4 15 23 4 15 24 9 5 -2 4 8 -6 6 12 1 20 15 14 
64
1
17 8
2 11
0
0
