20 20
14 -22 16 25 7 4 7 14 -14 6 19 17 16 10 21 -1 7 2 -3 2 
19 11 14 21 -20 5 9 19 5 9 11 7 -3 19 11 -24 1 15 -11 18 
23 -14 21 11 2 15 -9 11 -21 25 -10 9 20 0 20 14 0 7 17 21 
-15 7 -7 7 19 2 2 -16 -25 21 19 21 1 -22 22 6 -13 1 6 5 
3 -10 -15 25 5 15 -20 6 7 4 7 9 -21 6 -2 21 17 -16 6 19 
9 1 16 19 19 24 -3 23 -8 19 22 13 13 20 18 -2 9 7 17 -3 
18 23 16 8 12 23 22 25 1 16 24 -17 -21 -14 9 1 16 15 -19 14 
24 3 17 1 20 3 13 -15 15 4 5 16 10 22 4 -2 11 11 10 9 
14 11 24 -21 23 4 -1 19 24 3 9 -9 25 -3 -12 9 -13 21 8 -25 
10 -12 16 -13 6 8 -24 6 -9 12 1 13 22 -1 9 6 3 14 4 13 
13 4 14 3 6 9 -1 22 13 1 12 -9 6 -24 8 6 -13 16 -12 10 
-25 8 21 -13 9 -12 -3 25 -9 9 3 24 19 -1 4 23 -21 24 11 14 
9 10 11 11 -2 4 22 10 16 5 4 15 -15 13 3 20 1 17 3 24 
14 -19 15 16 1 9 -14 -21 -17 24 16 1 25 22 23 12 8 16 23 18 
-3 17 7 9 -2 18 20 13 13 22 19 -8 23 -3 24 19 19 16 1 9 
19 6 -16 17 21 -2 6 -21 9 7 4 7 6 -20 15 5 25 -15 -10 3 
5 6 1 -13 6 22 -22 1 21 19 21 -25 -16 2 2 19 7 -7 7 -15 
21 17 7 0 14 20 0 20 9 -10 25 -21 11 -9 15 2 11 21 -14 23 
18 -11 15 1 -24 11 19 -3 7 11 9 5 19 9 5 -20 21 14 11 19 
2 -3 2 7 -1 21 10 16 17 19 6 -14 14 7 4 7 25 16 -22 14 
56
1
2 18
17 1
0
0
