20 20
0 12 18 -15 -5 15 1 9 9 8 10 5 16 4 8 8 8 8 -14 17 
6 18 10 3 11 15 7 6 -18 1 17 -7 5 5 -6 17 0 3 0 17 
2 0 5 8 11 2 18 1 -16 6 -9 6 14 1 9 4 5 11 18 17 
2 -13 4 5 1 4 15 3 -2 -15 6 7 -9 11 1 -17 9 7 7 7 
-6 2 14 3 -9 -1 4 -2 8 -1 4 3 14 11 2 4 9 4 11 13 
11 8 -13 7 3 9 -5 15 -2 -10 16 -6 2 8 14 13 1 -15 -16 2 
17 18 18 -5 14 6 -18 0 4 3 7 17 11 -3 16 16 17 12 10 10 
16 15 -12 9 11 -4 10 16 -10 12 2 7 1 12 4 13 10 12 -1 0 
8 4 5 17 2 10 -3 15 8 0 -3 14 13 18 -8 14 3 11 1 12 
-6 14 11 -13 -6 18 -16 17 8 18 -2 13 11 -8 2 10 14 3 1 7 
7 1 3 14 10 2 -8 11 13 -2 18 8 17 -16 18 -6 -13 11 14 -6 
12 1 11 3 14 -8 18 13 14 -3 0 8 15 -3 10 2 17 5 4 8 
0 -1 12 10 13 4 12 1 7 2 12 -10 16 10 -4 11 9 -12 15 16 
10 10 12 17 16 16 -3 11 17 7 3 4 0 -18 6 14 -5 18 18 17 
2 -16 -15 1 13 14 8 2 -6 16 -10 -2 15 -5 9 3 7 -13 8 11 
13 11 4 9 4 2 11 14 3 4 -1 8 -2 4 -1 -9 3 14 2 -6 
7 7 7 9 -17 1 11 -9 7 6 -15 -2 3 15 4 1 5 4 -13 2 
17 18 11 5 4 9 1 14 6 -9 6 -16 1 18 2 11 8 5 0 2 
17 0 3 0 17 -6 5 5 -7 17 1 -18 6 7 15 11 3 10 18 6 
17 -14 8 8 8 8 4 16 5 10 8 9 9 1 15 -5 -15 18 12 0 
93
1
10 6
9 13
0
0
