20 20
12 12 8 21 6 22 7 -23 -8 -12 9 1 21 22 -16 -13 4 -16 0 9 
1 13 14 14 7 19 19 14 24 -8 24 -10 5 0 4 -19 11 5 25 18 
-22 15 17 3 9 2 11 22 22 3 -16 24 0 10 24 -8 26 2 7 -12 
-11 -5 15 7 18 -17 -1 -10 -25 22 12 19 8 24 4 12 5 21 21 -16 
5 22 -25 19 -9 0 21 5 -8 -19 25 18 17 24 21 1 11 11 -18 -24 
17 13 11 14 18 1 19 12 23 9 2 10 -18 -15 14 13 -8 7 25 12 
3 20 18 23 20 -1 18 24 13 -7 -14 19 2 5 -17 16 18 13 15 22 
8 20 25 21 -19 -10 7 11 9 17 13 -15 9 -23 21 11 7 25 -12 1 
-19 -5 0 5 15 3 19 18 -16 1 19 20 12 19 -10 16 -24 6 7 1 
14 22 -26 -16 5 -23 19 22 22 10 15 2 23 7 7 16 22 -16 -22 21 
21 -22 -16 22 16 7 7 23 2 15 10 22 22 19 -23 5 -16 -26 22 14 
1 7 6 -24 16 -10 19 12 20 19 1 -16 18 19 3 15 5 0 -5 -19 
1 -12 25 7 11 21 -23 9 -15 13 17 9 11 7 -10 -19 21 25 20 8 
22 15 13 18 16 -17 5 2 19 -14 -7 13 24 18 -1 20 23 18 20 3 
12 25 7 -8 13 14 -15 -18 10 2 9 23 12 19 1 18 14 11 13 17 
-24 -18 11 11 1 21 24 17 18 25 -19 -8 5 21 0 -9 19 -25 22 5 
-16 21 21 5 12 4 24 8 19 12 22 -25 -10 -1 -17 18 7 15 -5 -11 
-12 7 2 26 -8 24 10 0 24 -16 3 22 22 11 2 9 3 17 15 -22 
18 25 5 11 -19 4 0 5 -10 24 -8 24 14 19 19 7 14 14 13 1 
9 0 -16 4 -13 -16 22 21 1 9 -12 -8 -23 7 22 6 21 8 12 12 
43
1
13 6
6 13
0
0
