20 20
24 24 25 10 13 6 25 7 9 22 -3 19 -14 21 19 -25 17 0 -4 24 
25 3 17 17 -13 -18 -9 9 18 5 -22 14 12 25 15 6 24 5 4 20 
6 18 9 7 16 -17 20 24 23 -19 11 5 -27 4 -26 14 2 24 12 -4 
0 21 5 -20 18 1 2 13 25 -15 16 24 27 22 7 -25 15 12 24 5 
-5 8 6 9 14 -22 5 16 10 2 7 2 9 -6 26 -12 23 6 -23 -26 
22 -19 -10 -7 7 12 22 -5 18 5 16 -4 13 5 -5 -1 26 16 -18 0 
6 14 -14 4 1 -11 20 -19 -7 4 23 16 22 12 25 8 -22 1 1 -16 
7 16 6 26 -15 -5 -15 -17 17 11 25 18 15 6 26 12 7 22 1 13 
24 14 16 4 3 -24 22 18 19 17 -8 8 16 4 9 17 -6 19 24 10 
1 18 4 3 23 2 23 22 6 14 -23 -24 15 -15 -24 11 19 2 17 26 
26 17 2 19 11 -24 -15 15 -24 -23 14 6 22 23 2 23 3 4 18 1 
10 24 19 -6 17 9 4 16 8 -8 17 19 18 22 -24 3 4 16 14 24 
13 1 22 7 12 26 6 15 18 25 11 17 -17 -15 -5 -15 26 6 16 7 
-16 1 1 -22 8 25 12 22 16 23 4 -7 -19 20 -11 1 4 -14 14 6 
0 -18 16 26 -1 -5 5 13 -4 16 5 18 -5 22 12 7 -7 -10 -19 22 
-26 -23 6 23 -12 26 -6 9 2 7 2 10 16 5 -22 14 9 6 8 -5 
5 24 12 15 -25 7 22 27 24 16 -15 25 13 2 1 18 -20 5 21 0 
-4 12 24 2 14 -26 4 -27 5 11 -19 23 24 20 -17 16 7 9 18 6 
20 4 5 24 6 15 25 12 14 -22 5 18 9 -9 -18 -13 17 17 3 25 
24 -4 0 17 -25 19 21 -14 19 -3 22 9 7 25 6 13 10 25 24 24 
91
1
6 3
13 16
0
0
