20 20
0 -6 -3 7 2 -10 2 2 -4 -5 8 3 9 10 7 8 2 10 2 6 
8 -6 0 9 8 4 10 3 -7 7 6 2 5 10 -1 9 -5 3 -1 7 
10 8 1 1 -10 10 5 3 -9 3 -8 9 -1 8 7 -10 4 8 5 2 
5 3 5 -3 1 8 5 1 5 6 9 -3 8 8 -4 2 1 10 2 -1 
10 -7 0 6 8 2 3 -3 4 -10 1 2 2 -4 7 10 2 0 -3 2 
-4 3 6 0 6 1 1 8 -7 0 5 -4 7 8 2 8 -4 2 8 -10 
3 -8 10 6 6 -9 3 9 -9 9 10 0 7 6 10 3 9 3 6 3 
5 2 2 1 9 -5 0 6 5 5 4 5 2 1 0 -10 0 -10 7 -7 
0 1 8 8 5 8 2 0 0 1 2 6 3 5 1 9 3 7 1 10 
1 -1 8 5 6 6 0 0 -3 1 -9 9 1 4 2 7 6 3 -9 -6 
-6 -9 3 6 7 2 4 1 9 -9 1 -3 0 0 6 6 5 8 -1 1 
10 1 7 3 9 1 5 3 6 2 1 0 0 2 8 5 8 8 1 0 
-7 7 -10 0 -10 0 1 2 5 4 5 5 6 0 -5 9 1 2 2 5 
3 6 3 9 3 10 6 7 0 10 9 -9 9 3 -9 6 6 10 -8 3 
-10 8 2 -4 8 2 8 7 -4 5 0 -7 8 1 1 6 0 6 3 -4 
2 -3 0 2 10 7 -4 2 2 1 -10 4 -3 3 2 8 6 0 -7 10 
-1 2 10 1 2 -4 8 8 -3 9 6 5 1 5 8 1 -3 5 3 5 
2 5 8 4 -10 7 8 -1 9 -8 3 -9 3 5 10 -10 1 1 8 10 
7 -1 3 -5 9 -1 10 5 2 6 7 -7 3 10 4 8 9 0 -6 8 
6 2 10 2 8 7 10 9 3 8 -5 -4 2 2 -10 2 7 -3 -6 0 
134
1
4 14
15 5
0
0
