20 20
-7 5 -13 9 1 11 -11 12 3 9 10 3 4 4 -8 4 -9 -6 -4 0 
-10 2 7 5 0 6 9 11 -2 -6 9 -3 3 8 11 10 5 5 -12 -7 
13 13 -10 2 -8 11 1 -3 12 2 8 12 7 -12 1 -12 6 12 5 5 
-1 13 8 7 11 -3 4 12 10 13 8 6 11 -8 -9 12 -10 -11 10 10 
7 10 4 7 12 7 12 5 13 5 9 4 8 -3 12 2 3 9 13 11 
9 7 7 -1 1 6 4 -11 7 10 -6 -11 4 3 -10 -5 4 -4 5 11 
8 13 3 9 -10 11 13 3 2 4 13 10 10 -2 12 3 -10 5 10 3 
10 -4 8 10 4 9 1 13 -6 0 12 -1 -12 9 -2 -5 13 4 12 7 
10 7 -9 8 7 6 11 9 13 9 -10 -3 -9 1 -10 13 10 -3 -13 2 
11 5 -2 7 7 5 -7 -10 13 10 6 8 1 13 -5 11 0 2 10 -12 
-12 10 2 0 11 -5 13 1 8 6 10 13 -10 -7 5 7 7 -2 5 11 
2 -13 -3 10 13 -10 1 -9 -3 -10 9 13 9 11 6 7 8 -9 7 10 
7 12 4 13 -5 -2 9 -12 -1 12 0 -6 13 1 9 4 10 8 -4 10 
3 10 5 -10 3 12 -2 10 10 13 4 2 3 13 11 -10 9 3 13 8 
11 5 -4 4 -5 -10 3 4 -11 -6 10 7 -11 4 6 1 -1 7 7 9 
11 13 9 3 2 12 -3 8 4 9 5 13 5 12 7 12 7 4 10 7 
10 10 -11 -10 12 -9 -8 11 6 8 13 10 12 4 -3 11 7 8 13 -1 
5 5 12 6 -12 1 -12 7 12 8 2 12 -3 1 11 -8 2 -10 13 13 
-7 -12 5 5 10 11 8 3 -3 9 -6 -2 11 9 6 0 5 7 2 -10 
0 -4 -6 -9 4 -8 4 4 3 10 9 3 12 -11 11 1 9 -13 5 -7 
74
1
14 17
5 2
0
0
