20 20
17 24 22 0 3 -18 15 -1 9 -10 -21 -5 -13 13 25 16 18 1 21 -26 
24 26 13 10 13 4 25 26 11 15 21 -26 1 0 0 15 20 19 23 21 
-19 20 -22 21 -8 20 20 4 -22 -15 -13 -10 -16 7 13 9 7 -14 17 25 
24 25 3 -6 -9 -10 26 4 -5 25 22 26 14 15 -21 9 10 -20 5 12 
26 24 -17 13 17 9 15 4 -23 -9 16 4 23 18 -18 -8 3 13 21 -19 
-18 18 -22 21 -22 19 2 26 12 -7 11 -12 12 -18 15 1 15 2 -18 4 
-1 2 6 -2 20 -18 8 -23 -2 25 9 3 -24 -21 24 17 22 -7 18 11 
13 2 9 -23 17 -25 8 25 19 11 24 22 17 -24 13 7 13 26 19 9 
-17 8 4 24 22 0 24 16 21 12 -17 -18 -25 13 -12 -13 26 2 4 3 
6 -23 8 17 -8 -3 0 0 6 12 -16 21 4 3 15 -26 -12 12 19 12 
12 19 12 -12 -26 15 3 4 21 -16 12 6 0 0 -3 -8 17 8 -23 6 
3 4 2 26 -13 -12 13 -25 -18 -17 12 21 16 24 0 22 24 4 8 -17 
9 19 26 13 7 13 -24 17 22 24 11 19 25 8 -25 17 -23 9 2 13 
11 18 -7 22 17 24 -21 -24 3 9 25 -2 -23 8 -18 20 -2 6 2 -1 
4 -18 2 15 1 15 -18 12 -12 11 -7 12 26 2 19 -22 21 -22 18 -18 
-19 21 13 3 -8 -18 18 23 4 16 -9 -23 4 15 9 17 13 -17 24 26 
12 5 -20 10 9 -21 15 14 26 22 25 -5 4 26 -10 -9 -6 3 25 24 
25 17 -14 7 9 13 7 -16 -10 -13 -15 -22 4 20 20 -8 21 -22 20 -19 
21 23 19 20 15 0 0 1 -26 21 15 11 26 25 4 13 10 13 26 24 
-26 21 1 18 16 25 13 -13 -5 -21 -10 9 -1 15 -18 3 0 22 24 17 
45
1
14 4
5 15
0
0
