20 20
-15 24 15 19 22 2 8 -8 18 -27 2 19 19 17 24 -2 11 12 2 20 
27 12 19 27 -9 14 13 -8 17 -20 7 16 15 -20 18 6 7 -14 22 4 
25 -9 -11 15 1 27 15 -9 18 22 24 12 -19 7 14 20 5 -26 -24 25 
-15 20 10 -2 3 9 6 17 19 -2 27 17 16 -1 12 27 19 13 -3 7 
21 12 23 13 -7 -2 22 9 -12 20 12 6 22 -18 -12 26 4 12 0 -9 
-6 19 18 23 3 11 1 5 20 -19 23 -2 -21 6 8 2 -6 1 6 12 
8 5 17 -13 23 11 -21 18 -24 16 22 20 2 27 24 26 27 16 20 23 
9 16 2 -5 -21 -20 21 -27 1 -9 14 24 2 -13 15 25 3 -20 20 2 
-19 -26 12 13 -5 -5 10 25 17 22 -9 1 9 -8 27 11 10 6 2 14 
-7 -4 23 21 -5 13 10 -2 11 27 -6 12 -18 11 27 -18 7 8 15 18 
18 15 8 7 -18 27 11 -18 12 -6 27 11 -2 10 13 -5 21 23 -4 -7 
14 2 6 10 11 27 -8 9 1 -9 22 17 25 10 -5 -5 13 12 -26 -19 
2 20 -20 3 25 15 -13 2 24 14 -9 1 -27 21 -20 -21 -5 2 16 9 
23 20 16 27 26 24 27 2 20 22 16 -24 18 -21 11 23 -13 17 5 8 
12 6 1 -6 2 8 6 -21 -2 23 -19 20 5 1 11 3 23 18 19 -6 
-9 0 12 4 26 -12 -18 22 6 12 20 -12 9 22 -2 -7 13 23 12 21 
7 -3 13 19 27 12 -1 16 17 27 -2 19 17 6 9 3 -2 10 20 -15 
25 -24 -26 5 20 14 7 -19 12 24 22 18 -9 15 27 1 15 -11 -9 25 
4 22 -14 7 6 18 -20 15 16 7 -20 17 -8 13 14 -9 27 19 12 27 
20 2 12 11 -2 24 17 19 19 2 -27 18 -8 8 2 22 19 15 24 -15 
123
1
15 0
4 19
0
0
