20 20
16 -7 7 -18 9 -3 19 4 9 16 15 16 3 16 15 3 6 15 -10 5 
17 18 16 2 -12 -1 2 14 10 -9 -20 15 15 16 4 -20 13 -2 -6 17 
16 -14 11 -5 -17 3 12 -19 -3 17 5 16 5 -17 8 13 20 9 -14 11 
6 -16 -15 20 3 -16 10 17 20 1 9 17 6 3 4 14 9 1 16 11 
1 9 20 -4 16 15 11 5 0 10 1 7 -7 2 15 1 17 0 15 20 
10 -10 -17 11 19 14 6 -13 3 15 -4 -12 4 13 12 20 -20 1 20 14 
-1 -17 12 -4 -7 14 11 7 18 17 10 5 15 12 2 5 1 -2 -11 11 
14 14 -7 0 19 8 17 17 12 10 19 20 1 -10 11 20 15 13 6 -9 
14 18 5 -8 7 10 8 5 14 16 15 19 -4 16 -20 20 9 -18 16 5 
18 -6 14 13 3 16 -7 4 -13 19 12 17 5 -5 9 -5 19 0 5 5 
5 5 0 19 -5 9 -5 5 17 12 19 -13 4 -7 16 3 13 14 -6 18 
5 16 -18 9 20 -20 16 -4 19 15 16 14 5 8 10 7 -8 5 18 14 
-9 6 13 15 20 11 -10 1 20 19 10 12 17 17 8 19 0 -7 14 14 
11 -11 -2 1 5 2 12 15 5 10 17 18 7 11 14 -7 -4 12 -17 -1 
14 20 1 -20 20 12 13 4 -12 -4 15 3 -13 6 14 19 11 -17 -10 10 
20 15 0 17 1 15 2 -7 7 1 10 0 5 11 15 16 -4 20 9 1 
11 16 1 9 14 4 3 6 17 9 1 20 17 10 -16 3 20 -15 -16 6 
11 -14 9 20 13 8 -17 5 16 5 17 -3 -19 12 3 -17 -5 11 -14 16 
17 -6 -2 13 -20 4 16 15 15 -20 -9 10 14 2 -1 -12 2 16 18 17 
5 -10 15 6 3 15 16 3 16 15 16 9 4 19 -3 9 -18 7 -7 16 
106
1
7 16
12 3
0
0
