20 20
5 1 1 -10 27 28 4 20 17 16 10 25 24 -27 18 -2 4 15 -8 22 
-19 -20 -1 -25 4 1 26 -20 26 9 26 0 -16 12 25 28 14 -7 -17 -13 
0 22 11 0 -27 -4 12 -23 20 11 21 26 10 -13 24 10 -9 4 -9 1 
-27 11 -11 -28 27 3 -8 11 -10 -3 3 -27 5 16 3 26 5 24 11 -8 
12 13 11 21 -21 23 23 -28 24 6 8 27 12 13 5 28 -28 -16 24 -2 
3 20 -3 -27 5 22 9 5 25 4 9 4 19 11 0 -1 28 25 21 16 
16 7 23 15 -27 3 -24 18 4 24 -6 16 3 4 -12 -12 3 19 16 -17 
0 4 -7 18 27 14 -8 -19 -20 20 10 5 -13 7 -14 -16 10 3 20 18 
21 -28 8 27 28 18 18 4 -28 -20 -2 -12 -10 -9 -3 0 16 -23 23 7 
3 -13 -19 23 -3 8 -14 -11 9 21 25 12 2 26 -7 25 12 29 20 26 
26 20 29 12 25 -7 26 2 12 25 21 9 -11 -14 8 -3 23 -19 -13 3 
7 23 -23 16 0 -3 -9 -10 -12 -2 -20 -28 4 18 18 28 27 8 -28 21 
18 20 3 10 -16 -14 7 -13 5 10 20 -20 -19 -8 14 27 18 -7 4 0 
-17 16 19 3 -12 -12 4 3 16 -6 24 4 18 -24 3 -27 15 23 7 16 
16 21 25 28 -1 0 11 19 4 9 4 25 5 9 22 5 -27 -3 20 3 
-2 24 -16 -28 28 5 13 12 27 8 6 24 -28 23 23 -21 21 11 13 12 
-8 11 24 5 26 3 16 5 -27 3 -3 -10 11 -8 3 27 -28 -11 11 -27 
1 -9 4 -9 10 24 -13 10 26 21 11 20 -23 12 -4 -27 0 11 22 0 
-13 -17 -7 14 28 25 12 -16 0 26 9 26 -20 26 1 4 -25 -1 -20 -19 
22 -8 15 4 -2 18 -27 24 25 10 16 17 20 4 28 27 -10 1 1 5 
81
1
19 15
0 4
0
0
