20 20
16 19 -2 -8 19 16 13 -19 -14 12 -13 9 4 4 -9 19 23 9 5 10 
17 3 22 4 -2 25 -9 10 -14 13 11 -19 21 18 24 20 1 9 9 -1 
12 0 -17 18 3 19 7 21 -10 20 21 6 18 -18 20 20 23 -2 22 16 
18 13 14 4 21 3 24 21 4 13 11 23 4 -10 25 2 4 14 4 -14 
-13 -9 13 6 8 2 4 17 -14 -18 10 8 25 -7 25 14 1 24 -14 -8 
3 11 9 25 25 -4 24 -18 20 3 15 -1 20 -5 -4 0 -10 1 9 -24 
7 3 19 5 3 9 15 3 -15 -14 22 8 19 -10 10 11 21 4 -4 3 
14 14 -2 0 4 7 -13 9 -23 7 15 8 8 -7 25 23 2 -6 -8 -12 
22 16 19 7 13 15 15 9 0 3 -12 0 10 23 -12 9 13 2 19 11 
22 17 -19 25 24 25 6 7 3 9 5 23 24 12 8 0 15 23 4 24 
24 4 23 15 0 8 12 24 23 5 9 3 7 6 25 24 25 -19 17 22 
11 19 2 13 9 -12 23 10 0 -12 3 0 9 15 15 13 7 19 16 22 
-12 -8 -6 2 23 25 -7 8 8 15 7 -23 9 -13 7 4 0 -2 14 14 
3 -4 4 21 11 10 -10 19 8 22 -14 -15 3 15 9 3 5 19 3 7 
-24 9 1 -10 0 -4 -5 20 -1 15 3 20 -18 24 -4 25 25 9 11 3 
-8 -14 24 1 14 25 -7 25 8 10 -18 -14 17 4 2 8 6 13 -9 -13 
-14 4 14 4 2 25 -10 4 23 11 13 4 21 24 3 21 4 14 13 18 
16 22 -2 23 20 20 -18 18 6 21 20 -10 21 7 19 3 18 -17 0 12 
-1 9 9 1 20 24 18 21 -19 11 13 -14 10 -9 25 -2 4 22 3 17 
10 5 9 23 19 -9 4 4 9 -13 12 -14 -19 13 16 19 -8 -2 19 16 
173
1
16 14
3 5
0
0
