20 20
2 2 28 -5 29 29 16 -19 2 24 6 26 -14 8 4 -19 0 12 24 20 
25 13 -14 11 -8 -18 6 21 -10 -11 12 26 -20 16 19 -4 30 22 -3 4 
29 26 -4 -15 -10 16 15 18 -26 -29 19 5 0 -27 18 4 22 -24 10 14 
-30 8 25 7 29 14 -16 29 -10 -29 3 29 -14 21 20 4 17 -21 3 11 
30 -20 9 29 -9 25 5 14 11 5 -15 28 12 18 8 -15 2 -15 -15 -20 
2 3 28 27 -21 4 -21 26 1 22 6 3 4 4 20 16 -3 1 23 8 
20 16 23 15 28 5 2 16 -24 21 10 17 10 20 14 16 12 7 23 24 
-11 13 11 7 22 21 11 10 8 -25 29 -18 18 24 11 10 13 -15 -1 -14 
18 3 11 19 -25 -21 22 -17 10 -11 6 2 9 26 2 -22 -5 -22 -6 14 
23 30 -28 -24 -6 23 -10 12 26 10 15 -22 28 -5 28 16 28 13 17 1 
1 17 13 28 16 28 -5 28 -22 15 10 26 12 -10 23 -6 -24 -28 30 23 
14 -6 -22 -5 -22 2 26 9 2 6 -11 10 -17 22 -21 -25 19 11 3 18 
-14 -1 -15 13 10 11 24 18 -18 29 -25 8 10 11 21 22 7 11 13 -11 
24 23 7 12 16 14 20 10 17 10 21 -24 16 2 5 28 15 23 16 20 
8 23 1 -3 16 20 4 4 3 6 22 1 26 -21 4 -21 27 28 3 2 
-20 -15 -15 2 -15 8 18 12 28 -15 5 11 14 5 25 -9 29 9 -20 30 
11 3 -21 17 4 20 21 -14 29 3 -29 -10 29 -16 14 29 7 25 8 -30 
14 10 -24 22 4 18 -27 0 5 19 -29 -26 18 15 16 -10 -15 -4 26 29 
4 -3 22 30 -4 19 16 -20 26 12 -11 -10 21 6 -18 -8 11 -14 13 25 
20 24 12 0 -19 4 8 -14 26 6 24 2 -19 16 29 29 -5 28 2 2 
39
1
13 17
6 2
0
0
