20 20
21 26 16 26 28 0 27 20 23 23 28 12 14 -14 -17 19 11 -20 11 27 
28 11 -3 0 17 1 8 22 0 7 3 21 23 7 18 18 7 -5 4 -7 
0 17 5 -16 10 5 3 -5 5 23 23 16 0 5 5 4 -14 3 18 -24 
14 3 13 18 28 4 -4 5 -26 10 20 -1 12 17 1 1 9 15 16 20 
24 7 13 21 -12 16 9 11 -20 -18 4 -8 23 -4 -13 7 20 -21 20 -13 
28 26 12 -28 9 14 2 25 21 -22 -4 -12 16 -22 20 21 22 17 23 2 
10 27 27 -12 17 15 -28 14 27 0 4 20 22 5 1 28 18 19 -10 5 
11 12 7 12 9 17 18 19 27 -15 19 5 19 16 -20 7 -18 -2 27 4 
23 20 6 14 22 -25 25 12 27 -10 -20 -18 -23 -7 -22 16 6 -10 19 10 
20 5 5 -25 23 4 -28 17 -26 25 8 -20 10 28 -27 4 -19 -8 6 2 
2 6 -8 -19 4 -27 28 10 -20 8 25 -26 17 -28 4 23 -25 5 5 20 
10 19 -10 6 16 -22 -7 -23 -18 -20 -10 27 12 25 -25 22 14 6 20 23 
4 27 -2 -18 7 -20 16 19 5 19 -15 27 19 18 17 9 12 7 12 11 
5 -10 19 18 28 1 5 22 20 4 0 27 14 -28 15 17 -12 27 27 10 
2 23 17 22 21 20 -22 16 -12 -4 -22 21 25 2 14 9 -28 12 26 28 
-13 20 -21 20 7 -13 -4 23 -8 4 -18 -20 11 9 16 -12 21 13 7 24 
20 16 15 9 1 1 17 12 -1 20 10 -26 5 -4 4 28 18 13 3 14 
-24 18 3 -14 4 5 5 0 16 23 23 5 -5 3 5 10 -16 5 17 0 
-7 4 -5 7 18 18 7 23 21 3 7 0 22 8 1 17 0 -3 11 28 
27 11 -20 11 19 -17 -14 14 12 28 23 23 20 27 0 28 26 16 26 21 
91
1
16 11
3 8
0
0
