20 20
15 13 12 2 5 -1 2 6 12 -13 10 10 3 13 12 15 6 -7 13 14 
-14 -15 3 5 14 -3 14 1 6 2 15 13 13 16 10 10 12 5 -16 -11 
0 0 -14 -14 9 3 -9 7 8 14 2 1 14 15 10 -8 16 1 15 3 
11 6 16 -9 12 7 10 3 -6 -15 3 11 -1 9 15 12 -5 15 11 -3 
5 11 -5 2 11 11 16 3 15 16 16 7 2 4 -1 -15 -10 15 -8 12 
0 9 14 -16 -6 9 -7 8 16 -1 3 3 12 10 7 -16 16 -12 2 10 
-6 13 -3 11 -8 2 -4 -13 14 -5 16 4 -9 -1 -5 3 11 2 9 12 
15 -5 12 -5 8 8 13 8 5 -9 8 6 8 12 12 -12 6 -3 -8 6 
12 12 4 -13 15 9 10 7 2 -8 -15 -9 15 10 1 15 12 6 4 0 
-10 5 -4 13 15 10 3 5 12 6 -7 6 12 5 2 15 15 4 10 10 
10 10 4 15 15 2 5 12 6 -7 6 12 5 3 10 15 13 -4 5 -10 
0 4 6 12 15 1 10 15 -9 -15 -8 2 7 10 9 15 -13 4 12 12 
6 -8 -3 6 -12 12 12 8 6 8 -9 5 8 13 8 8 -5 12 -5 15 
12 9 2 11 3 -5 -1 -9 4 16 -5 14 -13 -4 2 -8 11 -3 13 -6 
10 2 -12 16 -16 7 10 12 3 3 -1 16 8 -7 9 -6 -16 14 9 0 
12 -8 15 -10 -15 -1 4 2 7 16 16 15 3 16 11 11 2 -5 11 5 
-3 11 15 -5 12 15 9 -1 11 3 -15 -6 3 10 7 12 -9 16 6 11 
3 15 1 16 -8 10 15 14 1 2 14 8 7 -9 3 9 -14 -14 0 0 
-11 -16 5 12 10 10 16 13 13 15 2 6 1 14 -3 14 5 3 -15 -14 
14 13 -7 6 15 12 13 3 10 10 -13 12 6 2 -1 5 2 12 13 15 
193
1
5 8
14 11
0
0
