20 20
-18 12 13 4 16 18 16 3 15 7 0 -10 16 3 2 -16 11 14 8 12 
15 6 16 14 16 18 16 -5 4 6 10 13 4 13 9 19 7 2 18 19 
3 -14 -4 -5 -14 10 1 19 5 -6 16 -14 17 3 -3 1 1 10 -1 12 
14 15 18 12 -9 13 11 0 10 7 10 11 8 8 8 -12 14 2 -2 -15 
19 7 -1 -8 7 -17 1 -5 -14 18 1 -5 11 9 -4 2 19 10 11 12 
18 10 -12 12 14 0 -11 6 13 13 19 13 5 -7 12 8 18 8 19 11 
4 8 0 3 -7 14 19 11 4 0 -12 -9 -3 8 1 16 15 -16 0 1 
17 18 2 4 17 18 9 -9 17 0 15 16 18 -16 -6 14 18 18 18 -6 
15 12 19 17 3 11 7 -15 -11 0 5 10 1 11 5 9 -19 16 -13 14 
3 2 -15 8 -2 -4 10 9 11 7 -13 17 -3 3 12 12 2 19 0 3 
3 0 19 2 12 12 3 -3 17 -13 7 11 9 10 -4 -2 8 -15 2 3 
14 -13 16 -19 9 5 11 1 10 5 0 -11 -15 7 11 3 17 19 12 15 
-6 18 18 18 14 -6 -16 18 16 15 0 17 -9 9 18 17 4 2 18 17 
1 0 -16 15 16 1 8 -3 -9 -12 0 4 11 19 14 -7 3 0 8 4 
11 19 8 18 8 12 -7 5 13 19 13 13 6 -11 0 14 12 -12 10 18 
12 11 10 19 2 -4 9 11 -5 1 18 -14 -5 1 -17 7 -8 -1 7 19 
-15 -2 2 14 -12 8 8 8 11 10 7 10 0 11 13 -9 12 18 15 14 
12 -1 10 1 1 -3 3 17 -14 16 -6 5 19 1 10 -14 -5 -4 -14 3 
19 18 2 7 19 9 13 4 13 10 6 4 -5 16 18 16 14 16 6 15 
12 8 14 11 -16 2 3 16 -10 0 7 15 3 16 18 16 4 13 12 -18 
50
1
7 1
12 18
0
0
