20 20
-3 11 -12 0 26 8 14 -16 2 -26 3 23 13 -1 3 0 -3 5 -15 7 
16 4 3 1 3 21 8 22 16 0 23 -16 12 19 18 6 -11 21 -13 24 
-4 18 21 3 -19 8 -22 10 18 12 13 4 13 8 9 5 24 7 9 13 
-8 12 -21 4 -13 2 1 10 6 22 2 13 18 4 18 3 25 18 23 5 
7 18 -11 5 4 -26 20 -3 3 26 -16 -19 12 21 18 -1 9 13 22 21 
24 2 25 20 10 23 1 1 6 20 2 15 0 14 -16 -3 24 -16 -23 9 
15 -10 -14 19 -26 4 -19 14 -3 -19 16 -3 13 6 18 5 3 22 -11 26 
2 12 9 -4 20 13 3 -15 9 15 9 5 21 -11 23 21 24 -3 10 -4 
21 26 8 16 26 5 4 -16 26 25 7 0 12 8 26 -12 -10 8 12 -9 
24 -19 -3 26 25 1 26 6 -12 11 12 18 12 21 26 24 -23 -13 6 11 
11 6 -13 -23 24 26 21 12 18 12 11 -12 6 26 1 25 26 -3 -19 24 
-9 12 8 -10 -12 26 8 12 0 7 25 26 -16 4 5 26 16 8 26 21 
-4 10 -3 24 21 23 -11 21 5 9 15 9 -15 3 13 20 -4 9 12 2 
26 -11 22 3 5 18 6 13 -3 16 -19 -3 14 -19 4 -26 19 -14 -10 15 
9 -23 -16 24 -3 -16 14 0 15 2 20 6 1 1 23 10 20 25 2 24 
21 22 13 9 -1 18 21 12 -19 -16 26 3 -3 20 -26 4 5 -11 18 7 
5 23 18 25 3 18 4 18 13 2 22 6 10 1 2 -13 4 -21 12 -8 
13 9 7 24 5 9 8 13 4 13 12 18 10 -22 8 -19 3 21 18 -4 
24 -13 21 -11 6 18 19 12 -16 23 0 16 22 8 21 3 1 3 4 16 
7 -15 5 -3 0 3 -1 13 23 3 -26 2 -16 14 8 26 0 -12 11 -3 
173
1
2 7
17 12
0
0
