20 20
4 7 -2 2 -4 10 11 10 8 4 10 -14 -14 -12 7 7 12 5 12 1 
6 1 7 0 10 8 11 7 4 1 -4 11 13 1 -12 7 -10 15 13 2 
-10 13 -12 -13 14 10 7 -11 8 1 -10 12 3 -5 10 2 9 15 11 6 
15 -12 14 2 -5 15 12 15 13 11 4 -12 -2 0 14 13 7 15 -12 5 
-12 11 13 8 4 -5 -15 -14 3 15 -4 14 -10 12 15 -2 8 6 13 -13 
6 0 -3 6 4 -2 12 11 12 14 10 -1 14 13 2 14 7 4 4 7 
8 3 3 3 9 13 6 2 2 15 6 -6 3 7 -11 11 12 -11 0 3 
-5 -2 6 13 1 11 7 2 9 -8 2 10 1 -11 -11 10 -14 -4 8 13 
-12 1 10 7 -6 8 0 2 3 8 15 6 -3 14 4 4 -14 4 9 14 
-12 11 -10 0 12 2 10 14 7 -4 11 15 2 -11 -8 6 12 2 -8 15 
15 -8 2 12 6 -8 -11 2 15 11 -4 7 14 10 2 12 0 -10 11 -12 
14 9 4 -14 4 4 14 -3 6 15 8 3 2 0 8 -6 7 10 1 -12 
13 8 -4 -14 10 -11 -11 1 10 2 -8 9 2 7 11 1 13 6 -2 -5 
3 0 -11 12 11 -11 7 3 -6 6 15 2 2 6 13 9 3 3 3 8 
7 4 4 7 14 2 13 14 -1 10 14 12 11 12 -2 4 6 -3 0 6 
-13 13 6 8 -2 15 12 -10 14 -4 15 3 -14 -15 -5 4 8 13 11 -12 
5 -12 15 7 13 14 0 -2 -12 4 11 13 15 12 15 -5 2 14 -12 15 
6 11 15 9 2 10 -5 3 12 -10 1 8 -11 7 10 14 -13 -12 13 -10 
2 13 15 -10 7 -12 1 13 11 -4 1 4 7 11 8 10 0 7 1 6 
1 12 5 12 7 7 -12 -14 -14 10 4 8 10 11 10 -4 2 -2 7 4 
152
1
11 8
8 11
0
0
