20 20
13 -7 -8 -3 14 4 13 13 8 14 4 1 -14 -2 8 6 2 12 -2 2 
12 2 -8 -9 -7 10 7 12 -13 -9 -5 -2 -6 -13 7 12 10 1 0 -10 
5 -5 5 11 13 9 9 12 14 10 10 3 7 14 11 10 4 8 -8 3 
10 7 7 9 -5 11 3 13 9 2 12 11 13 1 2 4 3 12 11 -4 
-14 1 -11 -1 10 2 7 -14 14 4 10 0 12 10 12 9 -14 -12 0 14 
-14 9 14 6 -13 11 1 5 -14 9 14 -7 14 13 -5 9 2 6 -12 9 
10 4 0 13 7 4 -5 8 11 12 -12 -11 13 -10 2 1 -14 5 -2 8 
-9 -11 -4 14 -3 13 0 3 11 12 13 11 1 8 -4 2 -12 11 1 -4 
13 12 14 12 12 8 3 5 11 -14 14 -6 11 13 13 5 -14 8 14 12 
3 9 13 14 2 1 -7 3 14 5 11 -1 2 2 7 2 5 7 2 -9 
-9 2 7 5 2 7 2 2 -1 11 5 14 3 -7 1 2 14 13 9 3 
12 14 8 -14 5 13 13 11 -6 14 -14 11 5 3 8 12 12 14 12 13 
-4 1 11 -12 2 -4 8 1 11 13 12 11 3 0 13 -3 14 -4 -11 -9 
8 -2 5 -14 1 2 -10 13 -11 -12 12 11 8 -5 4 7 13 0 4 10 
9 -12 6 2 9 -5 13 14 -7 14 9 -14 5 1 11 -13 6 14 9 -14 
14 0 -12 -14 9 12 10 12 0 10 4 14 -14 7 2 10 -1 -11 1 -14 
-4 11 12 3 4 2 1 13 11 12 2 9 13 3 11 -5 9 7 7 10 
3 -8 8 4 10 11 14 7 3 10 10 14 12 9 9 13 11 5 -5 5 
-10 0 1 10 12 7 -13 -6 -2 -5 -9 -13 12 7 10 -7 -9 -8 2 12 
2 -2 12 2 6 8 -2 -14 1 4 14 8 13 13 4 14 -3 -8 -7 13 
88
1
16 1
3 18
0
0
