20 20
3 10 -10 2 3 0 8 12 7 6 0 -1 8 2 11 -3 9 -2 2 -6 
4 4 3 2 -1 -7 5 5 6 1 10 12 -5 0 5 2 1 -4 1 8 
12 -1 7 0 8 9 4 -7 -11 8 1 -9 -1 -12 12 2 -1 1 12 1 
-9 -3 -10 10 8 4 -11 -10 6 12 5 7 11 2 2 5 -1 8 -6 10 
0 11 7 3 2 10 3 -11 6 4 10 4 1 2 6 -3 3 9 9 7 
9 9 6 2 5 12 10 4 10 9 -3 -1 -1 4 0 1 -4 -5 2 11 
10 6 -9 6 11 11 -6 -12 -9 2 1 8 -6 -10 2 1 1 3 6 1 
11 6 -12 4 -9 10 10 -1 10 9 3 10 1 -7 10 10 5 -3 7 5 
-12 7 8 -2 0 11 2 3 12 3 2 1 10 12 8 9 7 3 10 4 
8 2 -3 12 1 -7 11 12 2 0 12 8 0 7 10 0 4 4 -3 8 
8 -3 4 4 0 10 7 0 8 12 0 2 12 11 -7 1 12 -3 2 8 
4 10 3 7 9 8 12 10 1 2 3 12 3 2 11 0 -2 8 7 -12 
5 7 -3 5 10 10 -7 1 10 3 9 10 -1 10 10 -9 4 -12 6 11 
1 6 3 1 1 2 -10 -6 8 1 2 -9 -12 -6 11 11 6 -9 6 10 
11 2 -5 -4 1 0 4 -1 -1 -3 9 10 4 10 12 5 2 6 9 9 
7 9 9 3 -3 6 2 1 4 10 4 6 -11 3 10 2 3 7 11 0 
10 -6 8 -1 5 2 2 11 7 5 12 6 -10 -11 4 8 10 -10 -3 -9 
1 12 1 -1 2 12 -12 -1 -9 1 8 -11 -7 4 9 8 0 7 -1 12 
8 1 -4 1 2 5 0 -5 12 10 1 6 5 5 -7 -1 2 3 4 4 
-6 2 -2 9 -3 11 2 8 -1 0 6 7 12 8 0 3 2 -10 10 3 
82
1
13 8
6 11
0
0
