20 20
17 15 15 13 -16 7 4 -17 10 7 16 12 2 1 -2 11 -5 10 2 -14 
-15 -6 14 1 15 13 5 -2 14 -11 2 8 16 17 6 15 -7 4 10 10 
16 -15 13 -4 10 16 2 3 -7 -11 4 4 2 14 0 14 -6 13 2 6 
-17 -9 -13 6 3 16 -4 17 0 9 -4 4 -6 -6 -8 -9 7 9 4 1 
10 -5 7 -2 9 11 16 11 4 -1 -7 11 17 2 15 17 3 -9 6 9 
3 -10 4 15 12 4 -5 8 2 9 7 2 -7 6 -5 -5 8 14 -12 17 
13 16 -14 -1 8 2 14 4 16 11 6 4 2 3 8 -13 8 14 -4 15 
5 -1 -13 9 2 12 9 1 2 6 6 6 15 -3 -12 17 3 2 16 5 
17 -17 2 17 11 -1 5 9 9 17 -16 9 -6 8 12 14 14 8 10 14 
-1 4 13 9 14 8 11 17 0 -17 6 14 9 7 8 -14 7 1 -5 10 
10 -5 1 7 -14 8 7 9 14 6 -17 0 17 11 8 14 9 13 4 -1 
14 10 8 14 14 12 8 -6 9 -16 17 9 9 5 -1 11 17 2 -17 17 
5 16 2 3 17 -12 -3 15 6 6 6 2 1 9 12 2 9 -13 -1 5 
15 -4 14 8 -13 8 3 2 4 6 11 16 4 14 2 8 -1 -14 16 13 
17 -12 14 8 -5 -5 6 -7 2 7 9 2 8 -5 4 12 15 4 -10 3 
9 6 -9 3 17 15 2 17 11 -7 -1 4 11 16 11 9 -2 7 -5 10 
1 4 9 7 -9 -8 -6 -6 4 -4 9 0 17 -4 16 3 6 -13 -9 -17 
6 2 13 -6 14 0 14 2 4 4 -11 -7 3 2 16 10 -4 13 -15 16 
10 10 4 -7 15 6 17 16 8 2 -11 14 -2 5 13 15 1 14 -6 -15 
-14 2 10 -5 11 -2 1 2 12 16 7 10 -17 4 7 -16 13 15 15 17 
125
1
3 11
16 8
0
0
