20 20
21 22 12 21 8 14 28 15 10 23 -3 23 -5 15 0 12 4 17 13 17 
23 -4 15 26 -28 -5 6 27 -4 13 -18 28 25 1 19 2 -15 -8 8 28 
-18 12 7 11 9 -24 4 0 -23 19 24 21 -15 12 15 20 -11 -8 4 8 
8 10 26 23 0 27 -5 21 11 20 12 17 -28 21 20 19 -24 27 20 7 
4 15 26 26 12 -27 1 0 27 1 3 5 25 11 28 14 0 25 13 -4 
11 -2 25 27 10 6 -13 21 4 -22 -6 -1 24 9 23 19 16 8 -2 20 
13 -20 15 23 25 13 -20 15 8 -10 -2 -20 -22 11 17 15 28 25 9 14 
4 24 10 12 19 -25 22 4 -10 20 21 3 2 10 -10 11 0 4 1 19 
21 27 20 1 26 24 2 25 21 6 1 -19 28 23 2 20 27 24 -1 22 
-25 0 19 8 -11 -22 18 -24 -12 28 -1 19 -12 -21 -24 -18 20 10 28 19 
19 28 10 20 -18 -24 -21 -12 19 -1 28 -12 -24 18 -22 -11 8 19 0 -25 
22 -1 24 27 20 2 23 28 -19 1 6 21 25 2 24 26 1 20 27 21 
19 1 4 0 11 -10 10 2 3 21 20 -10 4 22 -25 19 12 10 24 4 
14 9 25 28 15 17 11 -22 -20 -2 -10 8 15 -20 13 25 23 15 -20 13 
20 -2 8 16 19 23 9 24 -1 -6 -22 4 21 -13 6 10 27 25 -2 11 
-4 13 25 0 14 28 11 25 5 3 1 27 0 1 -27 12 26 26 15 4 
7 20 27 -24 19 20 21 -28 17 12 20 11 21 -5 27 0 23 26 10 8 
8 4 -8 -11 20 15 12 -15 21 24 19 -23 0 4 -24 9 11 7 12 -18 
28 8 -8 -15 2 19 1 25 28 -18 13 -4 27 6 -5 -28 26 15 -4 23 
17 13 17 4 12 0 15 -5 23 -3 23 10 15 28 14 8 21 12 22 21 
79
1
4 19
15 0
0
0
