20 20
-8 23 -23 3 -11 1 9 13 16 16 16 20 -8 20 2 17 7 -11 -21 7 
18 22 8 16 -6 14 2 -20 -9 14 19 18 2 8 -13 5 17 -20 16 0 
22 15 -20 -2 -12 15 4 1 0 5 -19 -2 22 -11 18 8 -15 5 3 20 
0 23 12 3 -8 -18 -12 17 -2 8 15 -7 7 4 6 -19 13 18 6 14 
-22 -12 23 13 18 12 3 14 -4 16 14 11 19 20 11 0 6 -23 16 2 
1 19 2 23 8 23 7 15 8 20 -8 1 -4 14 16 12 3 12 8 1 
11 22 14 11 9 -16 15 1 -22 1 11 18 1 8 22 23 -19 6 9 21 
9 1 -9 2 22 3 2 20 9 11 12 4 9 16 8 -3 7 -22 19 -21 
-13 15 7 6 -15 15 13 13 15 13 15 5 21 21 -18 10 4 13 20 13 
16 6 3 -5 10 -23 18 11 6 -15 23 -21 -13 6 -12 11 22 20 -13 18 
18 -13 20 22 11 -12 6 -13 -21 23 -15 6 11 18 -23 10 -5 3 6 16 
13 20 13 4 10 -18 21 21 5 15 13 15 13 13 15 -15 6 7 15 -13 
-21 19 -22 7 -3 8 16 9 4 12 11 9 20 2 3 22 2 -9 1 9 
21 9 6 -19 23 22 8 1 18 11 1 -22 1 15 -16 9 11 14 22 11 
1 8 12 3 12 16 14 -4 1 -8 20 8 15 7 23 8 23 2 19 1 
2 16 -23 6 0 11 20 19 11 14 16 -4 14 3 12 18 13 23 -12 -22 
14 6 18 13 -19 6 4 7 -7 15 8 -2 17 -12 -18 -8 3 12 23 0 
20 3 5 -15 8 18 -11 22 -2 -19 5 0 1 4 15 -12 -2 -20 15 22 
0 16 -20 17 5 -13 8 2 18 19 14 -9 -20 2 14 -6 16 8 22 18 
7 -21 -11 7 17 2 20 -8 20 16 16 16 13 9 1 -11 3 -23 23 -8 
112
1
4 16
15 3
0
0
