20 20
2 14 20 8 0 6 -8 12 5 10 10 10 -8 3 24 20 -14 12 17 19 
17 12 1 -20 22 15 13 13 -22 3 -15 20 8 -8 -21 -23 20 15 3 23 
14 9 13 3 18 22 -2 15 6 -21 -9 7 3 1 12 -6 14 9 22 21 
18 5 2 14 7 17 13 5 22 2 7 11 18 -17 21 -18 20 17 -20 16 
8 -20 -18 -1 20 -12 -1 8 -12 18 0 -21 5 11 2 13 4 20 -9 6 
7 1 -10 -1 11 7 8 3 24 9 21 4 13 4 16 -15 -17 24 23 1 
-19 11 10 1 19 19 23 10 -7 16 -13 0 -8 1 -23 2 -11 23 -4 18 
3 3 16 15 16 -7 -23 16 19 23 5 22 7 -12 15 3 19 -13 8 3 
11 9 17 -8 22 10 -10 19 -1 -8 13 10 -11 -24 10 -10 -14 19 21 2 
10 14 21 6 -5 -22 23 17 -4 -17 -6 17 4 10 -12 15 -5 -17 11 1 
1 11 -17 -5 15 -12 10 4 17 -6 -17 -4 17 23 -22 -5 6 21 14 10 
2 21 19 -14 -10 10 -24 -11 10 13 -8 -1 19 -10 10 22 -8 17 9 11 
3 8 -13 19 3 15 -12 7 22 5 23 19 16 -23 -7 16 15 16 3 3 
18 -4 23 -11 2 -23 1 -8 0 -13 16 -7 10 23 19 19 1 10 11 -19 
1 23 24 -17 -15 16 4 13 4 21 9 24 3 8 7 11 -1 -10 1 7 
6 -9 20 4 13 2 11 5 -21 0 18 -12 8 -1 -12 20 -1 -18 -20 8 
16 -20 17 20 -18 21 -17 18 11 7 2 22 5 13 17 7 14 2 5 18 
21 22 9 14 -6 12 1 3 7 -9 -21 6 15 -2 22 18 3 13 9 14 
23 3 15 20 -23 -21 -8 8 20 -15 3 -22 13 13 15 22 -20 1 12 17 
19 17 12 -14 20 24 3 -8 10 10 10 5 12 -8 6 0 8 20 14 2 
79
1
9 17
10 2
0
0
