20 20
4 -11 -2 6 17 -1 22 18 2 3 18 -1 18 25 1 -4 -19 16 21 1 
19 10 -27 21 12 -5 -16 -19 23 18 10 8 -27 18 27 21 22 27 6 8 
9 11 4 -22 -18 7 12 10 26 9 1 13 2 -15 6 -10 7 12 -14 -17 
24 2 8 -7 9 -8 1 -5 28 22 24 24 5 5 23 8 -12 1 -22 11 
24 16 15 2 28 -27 3 -12 -1 10 15 11 -3 24 6 3 22 27 -11 22 
8 8 10 4 -27 25 6 28 18 18 14 7 1 4 1 -14 -16 -18 18 7 
6 3 -19 1 5 6 3 -20 -13 22 -21 7 16 -27 14 8 27 18 13 -3 
20 22 21 16 21 15 22 1 -15 12 2 10 4 14 -22 20 24 22 18 -2 
12 13 25 6 14 8 6 15 2 12 -20 7 -18 4 -17 1 21 24 9 -8 
4 22 -15 -26 24 9 9 19 25 26 16 23 -28 6 25 3 19 25 25 25 
25 25 25 19 3 25 6 -28 23 16 26 25 19 9 9 24 -26 -15 22 4 
-8 9 24 21 1 -17 4 -18 7 -20 12 2 15 6 8 14 6 25 13 12 
-2 18 22 24 20 -22 14 4 10 2 12 -15 1 22 15 21 16 21 22 20 
-3 13 18 27 8 14 -27 16 7 -21 22 -13 -20 3 6 5 1 -19 3 6 
7 18 -18 -16 -14 1 4 1 7 14 18 18 28 6 25 -27 4 10 8 8 
22 -11 27 22 3 6 24 -3 11 15 10 -1 -12 3 -27 28 2 15 16 24 
11 -22 1 -12 8 23 5 5 24 24 22 28 -5 1 -8 9 -7 8 2 24 
-17 -14 12 7 -10 6 -15 2 13 1 9 26 10 12 7 -18 -22 4 11 9 
8 6 27 22 21 27 18 -27 8 10 18 23 -19 -16 -5 12 21 -27 10 19 
1 21 16 -19 -4 1 25 18 -1 18 3 2 18 22 -1 17 6 -2 -11 4 
91
1
6 13
13 6
0
0
