20 20
7 4 -14 0 -5 10 4 13 3 11 -12 11 -8 4 2 -10 10 4 -2 7 
8 9 -13 1 4 8 1 6 14 11 11 5 14 -9 -10 3 1 -5 9 14 
14 7 6 -14 11 10 10 -5 0 3 5 -5 12 -8 2 3 7 9 3 5 
0 8 11 -4 -11 0 11 1 6 2 9 -5 13 12 12 13 2 -6 1 7 
10 4 6 7 1 3 4 3 -5 -2 7 4 8 -9 -1 -8 4 -1 -7 6 
7 0 6 12 -4 -13 -8 11 -10 0 -6 -11 13 1 -13 0 -5 11 5 10 
3 8 9 8 9 10 14 8 -12 -12 -2 13 12 14 -5 9 10 4 11 1 
2 12 8 -5 6 13 11 -9 12 5 1 4 8 -14 11 -11 4 -13 5 -2 
4 9 10 2 -11 6 9 10 14 1 8 3 -11 2 14 8 0 5 13 13 
5 -9 -5 0 8 9 6 11 7 1 10 2 14 12 2 11 8 -2 8 -4 
-4 8 -2 8 11 2 12 14 2 10 1 7 11 6 9 8 0 -5 -9 5 
13 13 5 0 8 14 2 -11 3 8 1 14 10 9 6 -11 2 10 9 4 
-2 5 -13 4 -11 11 -14 8 4 1 5 12 -9 11 13 6 -5 8 12 2 
1 11 4 10 9 -5 14 12 13 -2 -12 -12 8 14 10 9 8 9 8 3 
10 5 11 -5 0 -13 1 13 -11 -6 0 -10 11 -8 -13 -4 12 6 0 7 
6 -7 -1 4 -8 -1 -9 8 4 7 -2 -5 3 4 3 1 7 6 4 10 
7 1 -6 2 13 12 12 13 -5 9 2 6 1 11 0 -11 -4 11 8 0 
5 3 9 7 3 2 -8 12 -5 5 3 0 -5 10 10 11 -14 6 7 14 
14 9 -5 1 3 -10 -9 14 5 11 11 14 6 1 8 4 1 -13 9 8 
7 -2 4 10 -10 2 4 -8 11 -12 11 3 13 4 10 -5 0 -14 4 7 
143
1
1 12
18 7
0
0
