20 20
4 0 -27 17 -2 20 5 19 9 15 4 5 -12 -18 2 0 -10 -25 -3 5 
6 20 11 12 -27 -8 2 25 2 -13 22 -16 11 2 14 26 24 5 -14 20 
22 7 3 1 15 22 1 19 19 9 10 16 11 14 21 24 -17 25 13 21 
18 -10 18 26 16 27 5 14 -24 5 9 24 2 26 17 23 5 -25 4 20 
10 -26 14 11 26 11 3 5 21 19 -19 16 -13 21 12 14 18 15 21 9 
-11 11 6 10 20 -8 -5 -2 3 18 19 17 -8 28 28 17 28 -9 24 26 
-1 12 8 24 10 2 1 21 14 10 26 3 2 -15 24 28 4 21 13 8 
14 -27 -22 19 13 22 -14 21 7 -6 15 24 13 13 3 24 -8 1 -7 23 
-5 18 12 19 -10 23 10 -20 8 13 5 3 13 9 -24 -11 10 25 16 6 
15 11 16 10 22 7 11 4 -2 14 4 20 4 21 14 1 26 -8 -27 22 
22 -27 -8 26 1 14 21 4 20 4 14 -2 4 11 7 22 10 16 11 15 
6 16 25 10 -11 -24 9 13 3 5 13 8 -20 10 23 -10 19 12 18 -5 
23 -7 1 -8 24 3 13 13 24 15 -6 7 21 -14 22 13 19 -22 -27 14 
8 13 21 4 28 24 -15 2 3 26 10 14 21 1 2 10 24 8 12 -1 
26 24 -9 28 17 28 28 -8 17 19 18 3 -2 -5 -8 20 10 6 11 -11 
9 21 15 18 14 12 21 -13 16 -19 19 21 5 3 11 26 11 14 -26 10 
20 4 -25 5 23 17 26 2 24 9 5 -24 14 5 27 16 26 18 -10 18 
21 13 25 -17 24 21 14 11 16 10 9 19 19 1 22 15 1 3 7 22 
20 -14 5 24 26 14 2 11 -16 22 -13 2 25 2 -8 -27 12 11 20 6 
5 -3 -25 -10 0 2 -18 -12 5 4 15 9 19 5 20 -2 17 -27 0 4 
65
1
2 9
17 10
0
0
