20 20
-9 -11 1 -1 18 18 18 10 18 3 2 15 14 6 16 19 3 -13 10 3 
12 6 -7 2 -8 4 -8 9 -4 13 14 -15 3 6 13 8 3 -12 18 6 
-16 0 -12 4 -17 8 18 -14 13 -15 15 7 17 1 1 -5 -11 13 10 7 
10 11 15 -9 11 14 -10 -6 3 7 19 14 15 7 7 -7 -20 9 5 3 
-9 2 12 5 5 -18 -13 9 5 -4 17 -12 10 17 18 19 3 17 -11 15 
2 6 -7 17 14 15 20 -11 17 9 18 4 -4 20 20 7 11 -19 10 -14 
18 6 -17 12 19 19 20 -3 9 -6 17 20 -8 6 5 18 -13 -19 20 15 
7 -3 -3 -4 -10 0 0 5 11 5 19 -9 12 8 9 11 13 3 6 17 
-12 -19 8 13 6 18 17 -3 -9 5 5 -7 -18 0 14 14 -15 -19 -2 -9 
-17 19 16 1 15 16 -7 18 -11 -5 13 20 10 1 5 2 -9 7 16 12 
12 16 7 -9 2 5 1 10 20 13 -5 -11 18 -7 16 15 1 16 19 -17 
-9 -2 -19 -15 14 14 0 -18 -7 5 5 -9 -3 17 18 6 13 8 -19 -12 
17 6 3 13 11 9 8 12 -9 19 5 11 5 0 0 -10 -4 -3 -3 7 
15 20 -19 -13 18 5 6 -8 20 17 -6 9 -3 20 19 19 12 -17 6 18 
-14 10 -19 11 7 20 20 -4 4 18 9 17 -11 20 15 14 17 -7 6 2 
15 -11 17 3 19 18 17 10 -12 17 -4 5 9 -13 -18 5 5 12 2 -9 
3 5 9 -20 -7 7 7 15 14 19 7 3 -6 -10 14 11 -9 15 11 10 
7 10 13 -11 -5 1 1 17 7 15 -15 13 -14 18 8 -17 4 -12 0 -16 
6 18 -12 3 8 13 6 3 -15 14 13 -4 9 -8 4 -8 2 -7 6 12 
3 10 -13 3 19 16 6 14 15 2 3 18 10 18 18 18 -1 1 -11 -9 
94
1
11 8
8 11
0
0
