20 20
23 19 19 20 -2 19 19 24 20 11 -19 -22 -4 17 14 -15 5 -22 18 -15 
13 -12 6 20 9 -12 -16 -23 8 8 18 17 6 -1 13 9 7 13 1 10 
-13 18 20 -21 21 13 15 -20 -8 13 -20 1 -14 17 12 10 4 -13 -3 -12 
15 9 6 2 -17 17 10 10 11 17 -7 12 14 15 23 9 8 20 -11 19 
-23 0 13 10 8 19 15 24 13 -7 13 15 23 1 7 -22 -10 21 17 19 
21 15 18 1 2 12 6 -2 7 8 21 11 23 3 18 -13 23 0 14 -23 
5 -9 15 -23 20 5 5 17 4 12 10 23 1 13 12 -11 10 -10 17 2 
5 0 14 23 6 11 6 -15 12 4 -2 15 -11 23 23 -2 5 -5 11 -12 
7 10 11 6 -12 -21 -3 3 23 3 21 23 -9 20 21 -11 22 24 19 24 
9 -20 19 13 4 17 20 14 5 23 20 -11 -21 14 2 7 24 -22 -24 1 
1 -24 -22 24 7 2 14 -21 -11 20 23 5 14 20 17 4 13 19 -20 9 
24 19 24 22 -11 21 20 -9 23 21 3 23 3 -3 -21 -12 6 11 10 7 
-12 11 -5 5 -2 23 23 -11 15 -2 4 12 -15 6 11 6 23 14 0 5 
2 17 -10 10 -11 12 13 1 23 10 12 4 17 5 5 20 -23 15 -9 5 
-23 14 0 23 -13 18 3 23 11 21 8 7 -2 6 12 2 1 18 15 21 
19 17 21 -10 -22 7 1 23 15 13 -7 13 24 15 19 8 10 13 0 -23 
19 -11 20 8 9 23 15 14 12 -7 17 11 10 10 17 -17 2 6 9 15 
-12 -3 -13 4 10 12 17 -14 1 -20 13 -8 -20 15 13 21 -21 20 18 -13 
10 1 13 7 9 13 -1 6 17 18 8 8 -23 -16 -12 9 20 6 -12 13 
-15 18 -22 5 -15 14 17 -4 -22 -19 11 20 24 19 19 -2 20 19 19 23 
68
1
12 14
7 5
0
0
