20 20
-5 1 18 6 13 17 14 10 -12 12 8 17 11 7 -17 0 -18 -21 9 -16 
21 4 19 19 20 -5 5 2 13 7 6 -5 8 21 2 5 -19 5 16 1 
-3 5 -21 13 -2 4 -3 21 15 -14 -15 2 19 15 17 14 8 3 14 -10 
13 -16 -15 -16 -12 17 6 5 5 -2 -9 20 11 5 11 21 3 4 18 20 
-5 16 19 20 3 7 16 -2 10 1 -12 14 17 8 -9 6 12 17 4 19 
-18 -9 -13 -5 9 19 3 16 -21 11 1 19 10 17 3 15 19 8 6 -20 
16 2 7 -7 10 -20 19 9 -18 13 13 14 3 10 3 5 -17 1 8 5 
0 -5 19 4 5 -19 -20 12 -19 10 6 21 8 10 -3 14 14 17 -18 -2 
15 21 2 5 6 9 -18 16 18 -20 15 21 19 16 14 20 -17 21 18 9 
5 6 5 13 -6 15 1 -15 -8 13 6 13 3 7 11 -1 14 8 1 9 
9 1 8 14 -1 11 7 3 13 6 13 -8 -15 1 15 -6 13 5 6 5 
9 18 21 -17 20 14 16 19 21 15 -20 18 16 -18 9 6 5 2 21 15 
-2 -18 17 14 14 -3 10 8 21 6 10 -19 12 -20 -19 5 4 19 -5 0 
5 8 1 -17 5 3 10 3 14 13 13 -18 9 19 -20 10 -7 7 2 16 
-20 6 8 19 15 3 17 10 19 1 11 -21 16 3 19 9 -5 -13 -9 -18 
19 4 17 12 6 -9 8 17 14 -12 1 10 -2 16 7 3 20 19 16 -5 
20 18 4 3 21 11 5 11 20 -9 -2 5 5 6 17 -12 -16 -15 -16 13 
-10 14 3 8 14 17 15 19 2 -15 -14 15 21 -3 4 -2 13 -21 5 -3 
1 16 5 -19 5 2 21 8 -5 6 7 13 2 5 -5 20 19 19 4 21 
-16 9 -21 -18 0 -17 7 11 17 8 12 -12 10 14 17 13 6 18 1 -5 
89
1
5 4
14 15
0
0
