20 20
7 7 4 5 5 2 -7 8 13 7 9 -13 11 4 11 7 2 -3 8 2 
0 1 3 5 -12 10 7 5 6 13 8 0 7 6 12 13 -7 -4 0 6 
2 6 8 5 1 2 -10 6 7 13 5 3 13 -1 1 10 -6 -7 9 10 
8 -11 8 2 8 10 1 7 3 -10 2 4 8 12 7 2 6 12 -4 -7 
-10 10 4 5 11 0 1 7 11 8 -4 2 -3 0 11 10 3 7 13 11 
1 9 2 11 -5 3 10 0 6 1 13 11 -11 6 -1 -11 12 8 9 13 
12 0 11 13 6 13 6 1 4 6 11 10 12 -5 -4 10 8 -5 1 3 
-13 8 7 7 -7 8 11 3 12 9 -6 8 2 13 5 3 10 5 13 8 
1 6 2 -6 10 3 9 1 -11 12 5 3 6 8 7 -7 12 7 -5 7 
-12 -1 1 7 -4 -2 8 6 2 1 1 9 3 4 1 -11 -12 10 -6 10 
10 -6 10 -12 -11 1 4 3 9 1 1 2 6 8 -2 -4 7 1 -1 -12 
7 -5 7 12 -7 7 8 6 3 5 12 -11 1 9 3 10 -6 2 6 1 
8 13 5 10 3 5 13 2 8 -6 9 12 3 11 8 -7 7 7 8 -13 
3 1 -5 8 10 -4 -5 12 10 11 6 4 1 6 13 6 13 11 0 12 
13 9 8 12 -11 -1 6 -11 11 13 1 6 0 10 3 -5 11 2 9 1 
11 13 7 3 10 11 0 -3 2 -4 8 11 7 1 0 11 5 4 10 -10 
-7 -4 12 6 2 7 12 8 4 2 -10 3 7 1 10 8 2 8 -11 8 
10 9 -7 -6 10 1 -1 13 3 5 13 7 6 -10 2 1 5 8 6 2 
6 0 -4 -7 13 12 6 7 0 8 13 6 5 7 10 -12 5 3 1 0 
2 8 -3 2 7 11 4 11 -13 9 7 13 8 -7 2 5 5 4 7 7 
73
1
16 11
3 8
0
0
