20 20
13 15 4 14 -10 15 3 5 1 6 3 18 4 12 2 5 9 12 8 3 
3 7 8 11 16 16 8 13 0 5 19 -2 0 6 8 1 -6 -5 -19 -19 
-13 7 3 16 11 9 13 -16 9 -14 14 16 5 -1 1 -7 -19 1 8 4 
5 -1 -16 -10 2 17 19 18 3 -17 19 4 14 -3 13 1 3 -9 10 -19 
1 0 13 2 10 11 13 -15 16 13 -1 -6 8 0 2 6 -16 10 6 7 
10 -8 6 -11 18 12 -5 16 8 18 6 16 12 1 15 11 10 3 19 17 
-18 19 4 11 15 -17 14 6 14 14 11 8 -17 19 12 6 6 3 -9 10 
2 -2 1 2 13 0 4 8 19 14 3 8 15 -14 9 14 8 1 12 13 
-16 18 10 18 -10 -8 -19 10 0 -5 19 10 4 16 14 -17 17 14 -16 2 
-11 -19 10 11 18 17 5 7 -6 -4 16 6 3 4 19 11 8 8 5 9 
9 5 8 8 11 19 4 3 6 16 -4 -6 7 5 17 18 11 10 -19 -11 
2 -16 14 17 -17 14 16 4 10 19 -5 0 10 -19 -8 -10 18 10 18 -16 
13 12 1 8 14 9 -14 15 8 3 14 19 8 4 0 13 2 1 -2 2 
10 -9 3 6 6 12 19 -17 8 11 14 14 6 14 -17 15 11 4 19 -18 
17 19 3 10 11 15 1 12 16 6 18 8 16 -5 12 18 -11 6 -8 10 
7 6 10 -16 6 2 0 8 -6 -1 13 16 -15 13 11 10 2 13 0 1 
-19 10 -9 3 1 13 -3 14 4 19 -17 3 18 19 17 2 -10 -16 -1 5 
4 8 1 -19 -7 1 -1 5 16 14 -14 9 -16 13 9 11 16 3 7 -13 
-19 -19 -5 -6 1 8 6 0 -2 19 5 0 13 8 16 16 11 8 7 3 
3 8 12 9 5 2 12 4 18 3 6 1 5 3 15 -10 14 4 15 13 
81
1
6 1
13 18
0
0
