20 20
4 2 16 -2 7 20 -19 15 16 -6 -3 9 12 15 -3 1 18 -20 3 11 
-1 20 4 15 5 19 14 18 3 -6 -7 -6 0 4 8 -1 2 6 12 -18 
3 4 0 16 9 18 15 8 21 20 8 10 5 11 -11 17 -6 16 8 15 
19 -21 4 -4 12 17 19 11 3 -17 4 9 10 -18 19 -19 -10 11 17 17 
8 21 14 18 8 2 19 20 20 21 5 21 8 3 16 10 14 2 10 14 
11 0 14 14 6 12 0 10 9 -7 17 18 -2 -5 4 -17 -9 15 -19 3 
6 0 16 1 -9 -18 5 -15 0 2 -9 -1 20 -4 10 5 18 16 -17 -12 
2 6 5 -5 11 -12 -20 2 17 -8 18 0 19 -21 11 14 -14 13 20 9 
7 5 13 20 21 1 2 4 15 8 13 5 2 21 7 21 21 16 -19 18 
9 8 -20 12 12 11 19 5 -13 1 17 14 12 3 2 -18 19 3 15 10 
10 15 3 19 -18 2 3 12 14 17 1 -13 5 19 11 12 12 -20 8 9 
18 -19 16 21 21 7 21 2 5 13 8 15 4 2 1 21 20 13 5 7 
9 20 13 -14 14 11 -21 19 0 18 -8 17 2 -20 -12 11 -5 5 6 2 
-12 -17 16 18 5 10 -4 20 -1 -9 2 0 -15 5 -18 -9 1 16 0 6 
3 -19 15 -9 -17 4 -5 -2 18 17 -7 9 10 0 12 6 14 14 0 11 
14 10 2 14 10 16 3 8 21 5 21 20 20 19 2 8 18 14 21 8 
17 17 11 -10 -19 19 -18 10 9 4 -17 3 11 19 17 12 -4 4 -21 19 
15 8 16 -6 17 -11 11 5 10 8 20 21 8 15 18 9 16 0 4 3 
-18 12 6 2 -1 8 4 0 -6 -7 -6 3 18 14 19 5 15 4 20 -1 
11 3 -20 18 1 -3 15 12 9 -3 -6 16 15 -19 20 7 -2 16 2 4 
80
1
17 2
2 17
0
0
