20 20
17 8 24 14 11 14 10 9 21 -21 1 -22 -29 -19 2 4 7 15 25 27 
18 12 -11 21 0 4 27 3 28 21 -14 -8 7 -21 -22 23 7 15 7 29 
29 -15 20 -17 -8 28 16 1 25 -8 13 -28 22 15 27 28 14 -3 -7 5 
24 -27 24 10 14 2 22 -4 9 -19 16 -18 1 -6 8 19 15 21 -20 3 
18 26 -9 19 9 8 14 -20 3 3 -7 14 22 27 26 6 3 8 28 2 
14 12 8 16 28 28 9 1 8 20 16 10 -6 9 15 -13 -3 18 19 23 
21 13 19 8 -22 -8 27 28 23 -16 21 11 -14 19 -22 10 0 27 8 25 
-16 22 -9 -16 17 -1 25 12 -9 -23 2 21 24 27 6 6 14 28 10 23 
11 9 -14 28 18 -4 10 6 14 20 8 25 21 24 -21 -28 14 19 -15 20 
-21 -26 -10 -16 17 2 14 7 3 11 2 -6 20 26 4 15 3 -9 20 25 
25 20 -9 3 15 4 26 20 -6 2 11 3 7 14 2 17 -16 -10 -26 -21 
20 -15 19 14 -28 -21 24 21 25 8 20 14 6 10 -4 18 28 -14 9 11 
23 10 28 14 6 6 27 24 21 2 -23 -9 12 25 -1 17 -16 -9 22 -16 
25 8 27 0 10 -22 19 -14 11 21 -16 23 28 27 -8 -22 8 19 13 21 
23 19 18 -3 -13 15 9 -6 10 16 20 8 1 9 28 28 16 8 12 14 
2 28 8 3 6 26 27 22 14 -7 3 3 -20 14 8 9 19 -9 26 18 
3 -20 21 15 19 8 -6 1 -18 16 -19 9 -4 22 2 14 10 24 -27 24 
5 -7 -3 14 28 27 15 22 -28 13 -8 25 1 16 28 -8 -17 20 -15 29 
29 7 15 7 23 -22 -21 7 -8 -14 21 28 3 27 4 0 21 -11 12 18 
27 25 15 7 4 2 -19 -29 -22 1 -21 21 9 10 14 11 14 24 8 17 
66
1
14 3
5 16
0
0
