20 20
4 -9 9 6 -13 5 -5 4 1 13 13 1 0 -1 4 1 12 -8 3 4 
-10 1 6 2 2 1 0 13 -10 6 -5 3 8 0 9 14 6 -4 13 -3 
0 -3 3 6 4 6 8 5 13 0 0 -14 -13 2 11 -10 14 -11 10 -4 
8 9 1 7 6 5 13 -12 3 13 3 6 1 -6 14 4 6 0 -10 -1 
11 -9 9 -1 -10 -14 7 -7 4 9 7 -14 11 11 -12 12 -5 14 6 9 
4 4 9 6 -7 1 12 -4 2 5 11 -4 0 -3 3 -13 -5 -12 4 9 
1 4 5 6 12 7 1 0 6 1 3 6 1 5 7 -3 12 2 3 4 
0 4 1 -8 10 11 4 4 5 10 -3 8 7 3 9 6 13 -9 2 0 
2 9 11 12 -2 4 5 2 12 3 5 -5 12 2 2 8 -6 1 1 -7 
7 -12 14 -1 9 -3 -8 2 11 -3 7 6 0 13 -11 12 14 1 -12 0 
0 -12 1 14 12 -11 13 0 6 7 -3 11 2 -8 -3 9 -1 14 -12 7 
-7 1 1 -6 8 2 2 12 -5 5 3 12 2 5 4 -2 12 11 9 2 
0 2 -9 13 6 9 3 7 8 -3 10 5 4 4 11 10 -8 1 4 0 
4 3 2 12 -3 7 5 1 6 3 1 6 0 1 7 12 6 5 4 1 
9 4 -12 -5 -13 3 -3 0 -4 11 5 2 -4 12 1 -7 6 9 4 4 
9 6 14 -5 12 -12 11 11 -14 7 9 4 -7 7 -14 -10 -1 9 -9 11 
-1 -10 0 6 4 14 -6 1 6 3 13 3 -12 13 5 6 7 1 9 8 
-4 10 -11 14 -10 11 2 -13 -14 0 0 13 5 8 6 4 6 3 -3 0 
-3 13 -4 6 14 9 0 8 3 -5 6 -10 13 0 1 2 2 6 1 -10 
4 3 -8 12 1 4 -1 0 1 13 13 1 4 -5 5 -13 6 9 -9 4 
44
1
16 14
3 5
0
0
