20 20
18 27 29 12 26 2 27 18 5 -19 -26 -7 24 18 18 3 -7 2 28 7 
-11 26 -10 7 21 14 26 12 7 3 26 20 24 14 -7 -22 25 20 20 -23 
7 25 -8 6 1 8 -26 5 -29 10 -8 24 -5 25 -17 -17 -4 1 -20 1 
8 2 26 6 10 29 26 8 4 7 2 22 21 25 22 -2 27 24 8 -28 
20 21 4 2 23 -11 22 26 29 -21 -4 1 18 -5 4 6 25 -24 13 17 
11 20 10 1 23 23 24 21 26 -1 -3 0 28 -23 18 10 3 3 26 0 
-11 29 14 22 4 9 -6 1 -6 25 2 -26 -23 22 -29 -19 7 29 21 17 
1 -7 13 28 -4 26 1 17 27 1 16 28 4 9 5 29 3 27 8 21 
20 15 7 -6 5 -2 -15 -19 6 11 8 2 27 -11 27 -10 25 13 16 -28 
-29 11 3 -24 5 -10 -5 7 17 -22 14 -6 4 4 -25 9 25 2 9 -22 
-22 9 2 25 9 -25 4 4 -6 14 -22 17 7 -5 -10 5 -24 3 11 -29 
-28 16 13 25 -10 27 -11 27 2 8 11 6 -19 -15 -2 5 -6 7 15 20 
21 8 27 3 29 5 9 4 28 16 1 27 17 1 26 -4 28 13 -7 1 
17 21 29 7 -19 -29 22 -23 -26 2 25 -6 1 -6 9 4 22 14 29 -11 
0 26 3 3 10 18 -23 28 0 -3 -1 26 21 24 23 23 1 10 20 11 
17 13 -24 25 6 4 -5 18 1 -4 -21 29 26 22 -11 23 2 4 21 20 
-28 8 24 27 -2 22 25 21 22 2 7 4 8 26 29 10 6 26 2 8 
1 -20 1 -4 -17 -17 25 -5 24 -8 10 -29 5 -26 8 1 6 -8 25 7 
-23 20 20 25 -22 -7 14 24 20 26 3 7 12 26 14 21 7 -10 26 -11 
7 28 2 -7 3 18 18 24 -7 -26 -19 5 18 27 2 26 12 29 27 18 
56
1
1 17
18 2
0
0
