20 20
-1 9 9 0 -14 5 -10 -13 7 5 13 0 1 2 10 5 5 14 1 11 
-5 9 7 0 0 12 12 -13 -14 7 5 9 -9 4 -14 9 6 11 5 6 
11 3 9 14 -12 7 -2 10 12 6 -13 10 7 9 9 -8 13 -14 -2 -5 
11 -2 -1 8 -8 -3 1 2 -10 2 9 3 -7 -1 5 10 14 4 13 14 
10 8 2 6 13 11 14 -13 -12 -10 -11 9 3 13 7 -9 7 -11 4 1 
7 7 -3 14 3 3 8 10 14 14 -2 1 5 -8 7 11 6 14 -9 9 
5 14 -7 11 12 2 10 1 8 10 11 -13 10 6 14 2 12 5 6 3 
11 7 14 8 12 8 14 11 6 14 -2 2 3 -11 -4 8 13 6 10 7 
3 2 -10 1 10 2 14 -2 3 10 14 5 3 -6 6 0 11 7 6 7 
8 -9 0 -3 9 6 -7 -14 0 11 9 6 -1 8 -6 11 -11 4 -13 12 
12 -13 4 -11 11 -6 8 -1 6 9 11 0 -14 -7 6 9 -3 0 -9 8 
7 6 7 11 0 6 -6 3 5 14 10 3 -2 14 2 10 1 -10 2 3 
7 10 6 13 8 -4 -11 3 2 -2 14 6 11 14 8 12 8 14 7 11 
3 6 5 12 2 14 6 10 -13 11 10 8 1 10 2 12 11 -7 14 5 
9 -9 14 6 11 7 -8 5 1 -2 14 14 10 8 3 3 14 -3 7 7 
1 4 -11 7 -9 7 13 3 9 -11 -10 -12 -13 14 11 13 6 2 8 10 
14 13 4 14 10 5 -1 -7 3 9 2 -10 2 1 -3 -8 8 -1 -2 11 
-5 -2 -14 13 -8 9 9 7 10 -13 6 12 10 -2 7 -12 14 9 3 11 
6 5 11 6 9 -14 4 -9 9 5 7 -14 -13 12 12 0 0 7 9 -5 
11 1 14 5 5 10 2 1 0 13 5 7 -13 -10 5 -14 0 9 9 -1 
68
1
0 3
19 16
0
0
