20 20
-5 16 19 -3 18 5 20 25 0 4 -1 -17 12 22 3 -7 23 17 -15 16 
19 2 23 3 3 11 8 -5 22 -4 19 21 13 -4 18 13 -24 -4 20 -11 
13 18 9 1 18 24 19 1 -18 -11 16 -17 11 1 1 2 2 16 19 -5 
0 8 15 20 -25 9 20 8 19 11 0 3 23 12 -21 -6 9 21 19 -8 
4 12 -8 24 9 0 -19 9 12 21 0 8 15 9 -8 15 17 23 7 1 
-25 10 -8 21 7 18 2 18 25 3 -4 25 23 8 5 1 10 24 6 -8 
9 21 -22 17 3 21 25 15 18 -6 11 17 24 22 9 21 -14 25 18 -3 
10 24 22 5 13 -18 3 9 3 -2 -9 -22 0 16 6 11 23 9 -1 -23 
10 -4 9 25 -15 17 18 -7 23 -11 -17 -15 21 25 -2 7 -1 10 -5 -12 
25 -14 25 5 8 21 12 6 16 -22 5 -2 15 12 20 -7 25 20 1 13 
13 1 20 25 -7 20 12 15 -2 5 -22 16 6 12 21 8 5 25 -14 25 
-12 -5 10 -1 7 -2 25 21 -15 -17 -11 23 -7 18 17 -15 25 9 -4 10 
-23 -1 9 23 11 6 16 0 -22 -9 -2 3 9 3 -18 13 5 22 24 10 
-3 18 25 -14 21 9 22 24 17 11 -6 18 15 25 21 3 17 -22 21 9 
-8 6 24 10 1 5 8 23 25 -4 3 25 18 2 18 7 21 -8 10 -25 
1 7 23 17 15 -8 9 15 8 0 21 12 9 -19 0 9 24 -8 12 4 
-8 19 21 9 -6 -21 12 23 3 0 11 19 8 20 9 -25 20 15 8 0 
-5 19 16 2 2 1 1 11 -17 16 -11 -18 1 19 24 18 1 9 18 13 
-11 20 -4 -24 13 18 -4 13 21 19 -4 22 -5 8 11 3 3 23 2 19 
16 -15 17 23 -7 3 22 12 -17 -1 4 0 25 20 5 18 -3 19 16 -5 
69
1
6 2
13 17
0
0
