20 20
9 9 -4 4 10 13 5 8 10 18 2 19 11 8 -18 -11 10 20 -18 10 
-18 -19 -20 3 -7 -1 16 15 15 20 20 1 1 -12 17 12 -5 14 10 -19 
0 2 -14 18 2 11 4 14 12 0 10 9 14 13 1 -7 10 -13 16 4 
-6 10 13 12 -13 -16 18 12 5 0 -4 10 13 14 -4 14 5 12 18 3 
3 -9 13 8 6 12 13 15 0 17 -12 10 -8 18 19 10 15 20 16 14 
7 -19 -1 7 -8 -6 13 -11 -3 12 2 18 8 19 -19 16 -3 14 5 7 
-12 11 -5 14 18 12 18 -1 19 10 10 4 18 -12 10 -10 -3 18 6 3 
10 -11 4 17 12 0 -1 -19 13 -11 17 10 0 13 -2 20 8 15 7 13 
17 15 4 7 7 -5 1 8 8 -18 -20 18 -11 3 10 4 20 16 -15 0 
1 -6 0 20 12 16 -10 6 -7 2 10 16 4 0 18 1 -13 -9 -19 2 
2 -19 -9 -13 1 18 0 4 16 10 2 -7 6 -10 16 12 20 0 -6 1 
0 -15 16 20 4 10 3 -11 18 -20 -18 8 8 1 -5 7 7 4 15 17 
13 7 15 8 20 -2 13 0 10 17 -11 13 -19 -1 0 12 17 4 -11 10 
3 6 18 -3 -10 10 -12 18 4 10 10 19 -1 18 12 18 14 -5 11 -12 
7 5 14 -3 16 -19 19 8 18 2 12 -3 -11 13 -6 -8 7 -1 -19 7 
14 16 20 15 10 19 18 -8 10 -12 17 0 15 13 12 6 8 13 -9 3 
3 18 12 5 14 -4 14 13 10 -4 0 5 12 18 -16 -13 12 13 10 -6 
4 16 -13 10 -7 1 13 14 9 10 0 12 14 4 11 2 18 -14 2 0 
-19 10 14 -5 12 17 -12 1 1 20 20 15 15 16 -1 -7 3 -20 -19 -18 
10 -18 20 10 -11 -18 8 11 19 2 18 10 8 5 13 10 4 -4 9 9 
57
1
10 2
9 17
0
0
