20 20
0 11 9 -7 13 6 14 13 -16 17 14 7 14 13 8 6 17 11 5 12 
5 16 2 7 7 15 4 4 19 11 -16 -4 15 7 7 19 0 -2 6 3 
18 17 17 3 1 3 -2 6 6 13 12 2 8 -11 -15 -12 19 15 10 13 
10 -5 16 3 17 4 7 9 12 -17 8 -4 -19 2 6 3 -12 9 3 4 
0 1 5 6 17 15 11 -14 3 -4 19 19 1 9 5 -13 8 4 -1 2 
-5 1 15 1 -9 6 12 0 3 5 19 -7 13 9 7 -17 3 17 13 6 
14 -19 -3 18 -3 0 -19 10 13 18 17 -11 -12 -19 18 5 2 13 -15 -10 
14 4 3 -11 8 13 -3 -17 16 1 15 2 12 0 -16 3 11 16 14 16 
-5 4 -10 5 -3 2 -13 9 7 15 -12 -15 4 16 -16 17 3 11 9 -6 
11 -13 3 3 15 3 10 19 6 16 19 18 14 0 13 10 11 -7 8 18 
18 8 -7 11 10 13 0 14 18 19 16 6 19 10 3 15 3 3 -13 11 
-6 9 11 3 17 -16 16 4 -15 -12 15 7 9 -13 2 -3 5 -10 4 -5 
16 14 16 11 3 -16 0 12 2 15 1 16 -17 -3 13 8 -11 3 4 14 
-10 -15 13 2 5 18 -19 -12 -11 17 18 13 10 -19 0 -3 18 -3 -19 14 
6 13 17 3 -17 7 9 13 -7 19 5 3 0 12 6 -9 1 15 1 -5 
2 -1 4 8 -13 5 9 1 19 19 -4 3 -14 11 15 17 6 5 1 0 
4 3 9 -12 3 6 2 -19 -4 8 -17 12 9 7 4 17 3 16 -5 10 
13 10 15 19 -12 -15 -11 8 2 12 13 6 6 -2 3 1 3 17 17 18 
3 6 -2 0 19 7 7 15 -4 -16 11 19 4 4 15 7 7 2 16 5 
12 5 11 17 6 8 13 14 7 14 17 -16 13 14 6 13 -7 9 11 0 
159
1
1 8
18 11
0
0
