20 20
18 4 5 19 6 11 3 18 17 19 13 11 3 5 15 4 -12 5 10 5 
19 8 7 10 -5 -3 16 5 5 1 8 16 16 15 19 3 15 18 16 -16 
5 12 15 -12 19 16 19 2 6 15 3 13 1 15 -17 13 2 9 13 17 
1 0 13 5 8 -1 11 -4 12 2 -13 -19 19 6 -16 -15 10 15 18 3 
3 12 18 19 2 0 8 12 19 9 4 14 19 1 4 5 11 7 8 16 
5 2 2 14 15 4 -19 17 15 12 5 -15 6 -19 18 -18 -19 1 0 7 
17 19 16 -11 19 19 -3 5 15 13 14 -14 -16 17 11 10 3 10 16 3 
13 -9 13 10 12 7 1 3 16 -10 -7 6 19 1 -1 -10 7 3 -12 13 
11 5 -4 6 -8 7 -5 16 -19 14 8 13 -16 13 -14 12 -13 -2 7 -6 
9 10 1 -8 1 6 14 -3 11 19 17 17 6 -18 15 -14 7 15 8 5 
5 8 15 7 -14 15 -18 6 17 17 19 11 -3 14 6 1 -8 1 10 9 
-6 7 -2 -13 12 -14 13 -16 13 8 14 -19 16 -5 7 -8 6 -4 5 11 
13 -12 3 7 -10 -1 1 19 6 -7 -10 16 3 1 7 12 10 13 -9 13 
3 16 10 3 10 11 17 -16 -14 14 13 15 5 -3 19 19 -11 16 19 17 
7 0 1 -19 -18 18 -19 6 -15 5 12 15 17 -19 4 15 14 2 2 5 
16 8 7 11 5 4 1 19 14 4 9 19 12 8 0 2 19 18 12 3 
3 18 15 10 -15 -16 6 19 -19 -13 2 12 -4 11 -1 8 5 13 0 1 
17 13 9 2 13 -17 15 1 13 3 15 6 2 19 16 19 -12 15 12 5 
-16 16 18 15 3 19 15 16 16 8 1 5 5 16 -3 -5 10 7 8 19 
5 10 5 -12 4 15 5 3 11 13 19 17 18 3 11 6 19 5 4 18 
147
1
3 19
16 0
0
0
