20 20
-21 -27 8 -25 7 2 0 4 2 12 -8 26 -8 19 -22 2 4 25 -2 9 
10 10 -21 27 9 17 -8 12 4 14 4 27 22 24 15 19 23 4 9 -4 
15 3 2 5 -22 28 21 10 7 1 0 19 17 22 1 19 20 25 5 18 
15 11 14 11 10 0 18 -15 4 2 -12 12 15 6 -14 8 9 7 15 22 
1 -16 24 3 24 16 27 -21 -11 25 2 -19 23 -5 -14 1 0 10 22 15 
21 10 -1 28 15 15 8 0 5 -7 4 21 -9 12 19 26 28 -7 25 -18 
7 23 16 17 -9 18 -18 28 -26 -25 18 27 8 28 18 19 13 8 13 9 
-3 14 8 16 2 -6 5 -28 -5 18 17 14 23 -19 -1 27 14 11 25 12 
12 3 -2 -22 21 15 -17 18 26 7 -10 21 13 24 -6 2 -27 -27 -15 3 
8 3 27 -14 14 -10 7 14 23 28 -1 8 5 28 26 9 -5 6 25 2 
2 25 6 -5 9 26 28 5 8 -1 28 23 14 7 -10 14 -14 27 3 8 
3 -15 -27 -27 2 -6 24 13 21 -10 7 26 18 -17 15 21 -22 -2 3 12 
12 25 11 14 27 -1 -19 23 14 17 18 -5 -28 5 -6 2 16 8 14 -3 
9 13 8 13 19 18 28 8 27 18 -25 -26 28 -18 18 -9 17 16 23 7 
-18 25 -7 28 26 19 12 -9 21 4 -7 5 0 8 15 15 28 -1 10 21 
15 22 10 0 1 -14 -5 23 -19 2 25 -11 -21 27 16 24 3 24 -16 1 
22 15 7 9 8 -14 6 15 12 -12 2 4 -15 18 0 10 11 14 11 15 
18 5 25 20 19 1 22 17 19 0 1 7 10 21 28 -22 5 2 3 15 
-4 9 4 23 19 15 24 22 27 4 14 4 12 -8 17 9 27 -21 10 10 
9 -2 25 4 2 -22 19 -8 26 -8 12 2 4 0 2 7 -25 8 -27 -21 
107
1
0 8
19 11
0
0
