20 20
21 1 16 -20 1 14 11 -4 -21 6 1 4 -20 5 7 11 -2 22 24 9 
10 22 14 7 13 23 14 10 11 14 2 -13 7 22 -13 7 13 13 7 21 
-16 21 9 11 2 20 1 -9 22 12 18 -7 2 24 18 23 -1 9 -17 13 
17 -21 -1 -18 23 1 4 20 23 16 24 -21 22 18 6 14 -5 18 2 23 
17 20 -19 1 10 -7 24 2 -20 0 12 1 0 22 16 7 9 23 14 6 
4 -16 -7 9 24 5 -16 12 -14 11 6 24 18 23 15 6 11 22 4 2 
11 21 13 10 7 8 12 -13 20 10 -13 16 -7 -15 3 7 21 -13 5 -11 
-21 6 8 23 8 13 16 22 2 -18 -13 15 -6 4 7 19 11 21 -19 0 
-15 -17 20 11 3 4 -23 -10 -12 21 22 11 2 -17 13 3 18 18 6 -15 
4 21 19 -12 -21 16 14 15 -18 -6 22 3 -1 15 13 4 -21 13 2 -7 
-7 2 13 -21 4 13 15 -1 3 22 -6 -18 15 14 16 -21 -12 19 21 4 
-15 6 18 18 3 13 -17 2 11 22 21 -12 -10 -23 4 3 11 20 -17 -15 
0 -19 21 11 19 7 4 -6 15 -13 -18 2 22 16 13 8 23 8 6 -21 
-11 5 -13 21 7 3 -15 -7 16 -13 10 20 -13 12 8 7 10 13 21 11 
2 4 22 11 6 15 23 18 24 6 11 -14 12 -16 5 24 9 -7 -16 4 
6 14 23 9 7 16 22 0 1 12 0 -20 2 24 -7 10 1 -19 20 17 
23 2 18 -5 14 6 18 22 -21 24 16 23 20 4 1 23 -18 -1 -21 17 
13 -17 9 -1 23 18 24 2 -7 18 12 22 -9 1 20 2 11 9 21 -16 
21 7 13 13 7 -13 22 7 -13 2 14 11 10 14 23 13 7 14 22 10 
9 24 22 -2 11 7 5 -20 4 1 6 -21 -4 11 14 1 -20 16 1 21 
127
1
7 4
12 15
0
0
