20 20
-9 4 6 5 2 -17 21 12 1 13 1 3 -15 15 4 9 -17 3 2 15 
-14 14 16 -7 14 4 11 17 12 10 12 -4 21 10 6 5 13 13 -21 1 
20 20 16 20 -3 8 9 -13 5 11 17 12 2 -16 9 -14 7 -19 11 -15 
9 18 1 -20 6 4 13 6 17 -20 19 -18 9 6 3 4 15 2 4 16 
7 10 1 14 1 2 6 19 -4 -9 -5 10 12 -2 14 2 15 13 -20 14 
17 0 -2 3 17 8 3 -8 -14 20 8 12 -19 19 4 -5 1 1 0 11 
20 12 13 -19 17 11 -21 11 20 1 18 13 16 20 2 20 4 3 0 8 
-19 -19 19 6 -15 -16 10 -16 21 16 5 2 16 8 3 -3 6 4 7 5 
14 17 17 15 14 12 21 12 -5 20 17 4 -14 9 1 -16 11 20 11 4 
13 -15 6 15 16 14 -13 1 15 17 10 6 15 7 6 0 11 7 17 17 
17 17 7 11 0 6 7 15 6 10 17 15 1 -13 14 16 15 6 -15 13 
4 11 20 11 -16 1 9 -14 4 17 20 -5 12 21 12 14 15 17 17 14 
5 7 4 6 -3 3 8 16 2 5 16 21 -16 10 -16 -15 6 19 -19 -19 
8 0 3 4 20 2 20 16 13 18 1 20 11 -21 11 17 -19 13 12 20 
11 0 1 1 -5 4 19 -19 12 8 20 -14 -8 3 8 17 3 -2 0 17 
14 -20 13 15 2 14 -2 12 10 -5 -9 -4 19 6 2 1 14 1 10 7 
16 4 2 15 4 3 6 9 -18 19 -20 17 6 13 4 6 -20 1 18 9 
-15 11 -19 7 -14 9 -16 2 12 17 11 5 -13 9 8 -3 20 16 20 20 
1 -21 13 13 5 6 10 21 -4 12 10 12 17 11 4 14 -7 16 14 -14 
15 2 3 -17 9 4 15 -15 3 1 13 1 12 21 -17 2 5 6 4 -9 
177
1
15 11
4 8
0
0
