20 20
11 4 15 10 12 5 -16 9 21 18 -27 5 -2 23 4 11 5 26 9 -10 
-1 -17 -3 6 25 20 28 22 12 -17 17 3 -24 4 27 24 -24 14 -6 1 
5 19 8 16 17 13 0 -15 2 1 -25 27 11 8 1 -12 7 26 5 8 
6 12 18 23 -20 4 1 -25 2 27 13 15 18 -10 3 -18 12 13 19 13 
-8 10 -2 19 17 4 -11 -2 -14 -10 8 16 4 4 -14 -27 7 -6 3 24 
13 9 27 -20 25 2 13 5 -18 11 4 28 -20 10 12 17 22 -15 -14 14 
3 4 16 0 7 27 28 22 4 24 12 -10 10 -4 25 0 14 -17 0 16 
14 4 28 12 20 -14 24 -26 27 1 10 -10 23 -28 19 5 22 15 15 -19 
27 12 -17 2 1 13 -2 3 1 -16 -7 -19 -12 3 16 12 19 10 23 6 
-25 14 -25 19 12 19 -7 -11 -4 1 6 17 27 16 6 14 2 2 6 4 
4 6 2 2 14 6 16 27 17 6 1 -4 -11 -7 19 12 19 -25 14 -25 
6 23 10 19 12 16 3 -12 -19 -7 -16 1 3 -2 13 1 2 -17 12 27 
-19 15 15 22 5 19 -28 23 -10 10 1 27 -26 24 -14 20 12 28 4 14 
16 0 -17 14 0 25 -4 10 -10 12 24 4 22 28 27 7 0 16 4 3 
14 -14 -15 22 17 12 10 -20 28 4 11 -18 5 13 2 25 -20 27 9 13 
24 3 -6 7 -27 -14 4 4 16 8 -10 -14 -2 -11 4 17 19 -2 10 -8 
13 19 13 12 -18 3 -10 18 15 13 27 2 -25 1 4 -20 23 18 12 6 
8 5 26 7 -12 1 8 11 27 -25 1 2 -15 0 13 17 16 8 19 5 
1 -6 14 -24 24 27 4 -24 3 17 -17 12 22 28 20 25 6 -3 -17 -1 
-10 9 26 5 11 4 23 -2 5 -27 18 21 9 -16 5 12 10 15 4 11 
67
1
14 17
5 2
0
0
