20 20
10 0 5 6 14 0 14 9 12 11 -7 4 4 10 2 -2 12 13 -10 3 
6 6 -8 8 12 1 10 9 11 2 10 15 16 8 -14 3 4 2 10 9 
-15 15 11 7 -16 -12 -2 10 10 6 2 12 3 12 5 8 -8 3 -1 11 
-8 5 9 5 9 16 8 13 4 2 3 12 13 -8 15 16 11 -5 -5 11 
1 13 12 4 9 0 8 1 15 15 -3 12 11 -11 9 7 13 7 1 2 
-4 -8 -9 8 -12 -12 6 8 4 -9 0 1 -3 15 3 4 -12 5 1 -6 
7 5 -12 10 5 13 11 4 16 14 5 -2 10 12 7 15 13 8 15 0 
3 -12 2 2 3 13 14 14 -4 8 9 7 -8 2 -7 16 11 7 14 3 
-16 -4 -16 13 11 5 -13 6 14 -14 14 -13 6 15 3 2 -6 -16 4 7 
15 -1 -6 -6 -11 7 16 2 7 -5 4 -5 8 15 4 3 16 2 -9 -16 
-16 -9 2 16 3 4 15 8 -5 4 -5 7 2 16 7 -11 -6 -6 -1 15 
7 4 -16 -6 2 3 15 6 -13 14 -14 14 6 -13 5 11 13 -16 -4 -16 
3 14 7 11 16 -7 2 -8 7 9 8 -4 14 14 13 3 2 2 -12 3 
0 15 8 13 15 7 12 10 -2 5 14 16 4 11 13 5 10 -12 5 7 
-6 1 5 -12 4 3 15 -3 1 0 -9 4 8 6 -12 -12 8 -9 -8 -4 
2 1 7 13 7 9 -11 11 12 -3 15 15 1 8 0 9 4 12 13 1 
11 -5 -5 11 16 15 -8 13 12 3 2 4 13 8 16 9 5 9 5 -8 
11 -1 3 -8 8 5 12 3 12 2 6 10 10 -2 -12 -16 7 11 15 -15 
9 10 2 4 3 -14 8 16 15 10 2 11 9 10 1 12 8 -8 6 6 
3 -10 13 12 -2 2 10 4 4 -7 11 12 9 14 0 14 6 5 0 10 
120
1
7 19
12 0
0
0
