20 20
18 19 15 9 14 9 19 18 16 4 2 3 3 18 -12 -6 18 -15 1 13 
-19 18 0 2 21 0 3 3 0 0 4 6 8 7 12 8 -15 -7 4 10 
14 8 19 7 -18 -14 -19 18 11 12 2 -12 6 6 16 2 8 13 19 -18 
5 8 20 -14 -19 7 21 6 16 5 6 16 6 10 13 5 -8 4 12 0 
5 15 11 11 17 3 20 17 -12 -21 2 0 -19 2 4 21 18 0 -8 -5 
14 21 -4 15 21 6 -17 -16 18 19 9 7 14 21 14 4 15 -11 19 6 
-4 -15 14 13 -7 11 -10 15 3 12 -16 10 2 15 -7 14 11 1 -20 17 
10 -21 15 8 6 15 -1 14 10 4 18 -8 -8 17 1 -16 2 15 19 -1 
-1 -8 -16 -15 1 10 16 2 -21 19 -6 11 -8 -20 10 2 21 4 -11 5 
21 5 -7 8 7 -11 -11 -14 6 13 -2 6 13 7 -18 6 7 10 13 -3 
-3 13 10 7 6 -18 7 13 6 -2 13 6 -14 -11 -11 7 8 -7 5 21 
5 -11 4 21 2 10 -20 -8 11 -6 19 -21 2 16 10 1 -15 -16 -8 -1 
-1 19 15 2 -16 1 17 -8 -8 18 4 10 14 -1 15 6 8 15 -21 10 
17 -20 1 11 14 -7 15 2 10 -16 12 3 15 -10 11 -7 13 14 -15 -4 
6 19 -11 15 4 14 21 14 7 9 19 18 -16 -17 6 21 15 -4 21 14 
-5 -8 0 18 21 4 2 -19 0 2 -21 -12 17 20 3 17 11 11 15 5 
0 12 4 -8 5 13 10 6 16 6 5 16 6 21 7 -19 -14 20 8 5 
-18 19 13 8 2 16 6 6 -12 2 12 11 18 -19 -14 -18 7 19 8 14 
10 4 -7 -15 8 12 7 8 6 4 0 0 3 3 0 21 2 0 18 -19 
13 1 -15 18 -6 -12 18 3 3 2 4 16 18 19 9 14 9 15 19 18 
149
1
16 11
3 8
0
0
