20 20
16 -9 14 -11 24 1 -12 10 13 7 13 10 -26 10 -27 -27 5 22 5 2 
14 13 13 9 10 8 28 15 10 5 -21 20 18 24 -4 20 -4 13 27 9 
-25 -23 5 8 10 14 -23 4 19 -26 5 24 0 22 25 -12 12 20 -2 17 
-5 8 -24 -12 22 -13 18 25 28 13 16 26 27 16 21 14 -2 -17 17 27 
4 17 10 11 -6 -22 7 9 10 13 8 -6 2 19 5 26 21 28 5 14 
22 -17 -25 2 25 18 4 11 7 2 24 28 -25 11 17 2 7 28 1 -20 
25 8 25 9 11 -20 -4 15 8 25 2 22 9 28 23 1 4 23 11 -17 
2 -8 3 10 14 4 4 16 -10 -17 24 -8 -12 27 -18 -25 0 17 16 27 
10 -19 12 -21 8 27 20 5 -8 15 -15 16 -17 14 4 12 9 -7 24 9 
-24 -11 22 3 25 8 11 3 8 16 16 14 13 -23 -12 -28 26 14 13 20 
20 13 14 26 -28 -12 -23 13 14 16 16 8 3 11 8 25 3 22 -11 -24 
9 24 -7 9 12 4 14 -17 16 -15 15 -8 5 20 27 8 -21 12 -19 10 
27 16 17 0 -25 -18 27 -12 -8 24 -17 -10 16 4 4 14 10 3 -8 2 
-17 11 23 4 1 23 28 9 22 2 25 8 15 -4 -20 11 9 25 8 25 
-20 1 28 7 2 17 11 -25 28 24 2 7 11 4 18 25 2 -25 -17 22 
14 5 28 21 26 5 19 2 -6 8 13 10 9 7 -22 -6 11 10 17 4 
27 17 -17 -2 14 21 16 27 26 16 13 28 25 18 -13 22 -12 -24 8 -5 
17 -2 20 12 -12 25 22 0 24 5 -26 19 4 -23 14 10 8 5 -23 -25 
9 27 13 -4 20 -4 24 18 20 -21 5 10 15 28 8 10 9 13 13 14 
2 5 22 5 -27 -27 10 -26 10 13 7 13 10 -12 1 24 -11 14 -9 16 
120
1
17 15
2 4
0
0
