20 20
-14 3 15 3 7 12 -12 4 -13 -21 -1 7 -26 16 -21 25 23 -24 22 10 
12 7 16 -14 23 11 18 21 19 -4 -19 5 24 7 1 8 -27 16 -12 4 
-8 14 -8 11 3 -25 12 13 -10 2 0 14 -16 9 -18 -11 24 -20 -5 6 
4 17 27 21 19 -18 10 20 18 0 7 -16 15 1 10 4 23 19 1 24 
1 -12 17 -7 -10 8 10 0 15 13 6 6 3 13 6 22 22 -12 12 6 
5 17 -6 9 -16 -2 -2 8 22 6 1 -7 -20 26 17 7 14 27 24 -23 
6 4 2 -11 -27 8 27 9 3 -10 23 19 14 16 -24 19 -7 -8 2 3 
24 16 24 8 10 -7 26 -20 14 7 16 3 24 1 26 3 18 23 23 -22 
20 5 25 -21 -26 -1 -19 8 12 -26 -15 -11 -22 26 -2 19 27 17 -18 21 
10 18 -25 27 -20 11 9 10 22 23 20 -19 9 -18 -18 4 -10 6 4 10 
10 4 6 -10 4 -18 -18 9 -19 20 23 22 10 9 11 -20 27 -25 18 10 
21 -18 17 27 19 -2 26 -22 -11 -15 -26 12 8 -19 -1 -26 -21 25 5 20 
-22 23 23 18 3 26 1 24 3 16 7 14 -20 26 -7 10 8 24 16 24 
3 2 -8 -7 19 -24 16 14 19 23 -10 3 9 27 8 -27 -11 2 4 6 
-23 24 27 14 7 17 26 -20 -7 1 6 22 8 -2 -2 -16 9 -6 17 5 
6 12 -12 22 22 6 13 3 6 6 13 15 0 10 8 -10 -7 17 -12 1 
24 1 19 23 4 10 1 15 -16 7 0 18 20 10 -18 19 21 27 17 4 
6 -5 -20 24 -11 -18 9 -16 14 0 2 -10 13 12 -25 3 11 -8 14 -8 
4 -12 16 -27 8 1 7 24 5 -19 -4 19 21 18 11 23 -14 16 7 12 
10 22 -24 23 25 -21 16 -26 7 -1 -21 -13 4 -12 12 7 3 15 3 -14 
72
1
13 15
6 4
0
0
