20 20
10 2 10 14 9 -2 16 8 11 -14 3 14 7 5 14 -12 -11 12 4 9 
2 5 8 5 6 14 8 10 -16 7 0 3 15 -8 14 7 7 7 -16 10 
6 11 6 15 5 -6 6 3 -4 -15 -7 7 12 15 13 -8 -14 9 7 6 
12 6 13 -14 13 1 12 -4 3 4 3 14 12 1 -9 14 6 2 0 4 
16 7 14 3 -7 13 10 11 -11 7 12 1 16 4 12 4 8 11 -10 2 
16 0 7 14 -8 2 -1 12 0 12 8 13 11 -6 6 9 -16 4 9 6 
12 -8 15 11 9 8 -2 0 -8 14 13 15 -12 15 6 13 7 15 -16 -14 
11 4 3 11 -15 14 4 3 -12 -11 -12 1 10 10 14 15 6 12 1 13 
3 9 -15 11 -16 -12 0 10 6 6 2 1 6 15 9 2 -1 6 13 8 
15 10 16 4 -7 12 4 1 13 -4 1 5 15 -8 4 9 6 12 15 13 
13 15 12 6 9 4 -8 15 5 1 -4 13 1 4 12 -7 4 16 10 15 
8 13 6 -1 2 9 15 6 1 2 6 6 10 0 -12 -16 11 -15 9 3 
13 1 12 6 15 14 10 10 1 -12 -11 -12 3 4 14 -15 11 3 4 11 
-14 -16 15 7 13 6 15 -12 15 13 14 -8 0 -2 8 9 11 15 -8 12 
6 9 4 -16 9 6 -6 11 13 8 12 0 12 -1 2 -8 14 7 0 16 
2 -10 11 8 4 12 4 16 1 12 7 -11 11 10 13 -7 3 14 7 16 
4 0 2 6 14 -9 1 12 14 3 4 3 -4 12 1 13 -14 13 6 12 
6 7 9 -14 -8 13 15 12 7 -7 -15 -4 3 6 -6 5 15 6 11 6 
10 -16 7 7 7 14 -8 15 3 0 7 -16 10 8 14 6 5 8 5 2 
9 4 12 -11 -12 14 5 7 14 3 -14 11 8 16 -2 9 14 10 2 10 
104
1
16 3
3 16
0
0
