20 20
5 8 5 5 -13 10 -10 9 6 9 8 11 -9 14 2 9 8 7 12 14 
6 11 9 13 7 1 -5 8 1 1 13 -3 13 5 -10 -5 9 9 2 12 
0 8 13 14 14 -9 9 -2 14 6 3 5 -6 4 3 12 14 12 -3 -5 
3 9 13 -2 2 1 1 9 7 10 9 -10 -9 14 6 7 2 -2 3 9 
-11 -3 2 12 -11 -10 4 8 -8 12 9 4 12 6 7 8 10 1 -12 1 
9 1 14 13 4 -10 1 2 1 13 -13 7 8 -5 0 13 4 0 -6 -12 
7 5 -5 2 0 5 -11 8 -3 9 10 1 13 -5 1 3 -14 8 9 -8 
1 5 7 8 5 6 3 0 -4 1 13 13 -6 3 5 0 14 5 14 7 
7 9 8 13 -13 2 13 7 -13 -5 14 -3 -2 3 7 -7 7 -9 -12 1 
4 -8 10 -4 7 5 -1 3 -9 -11 3 2 -11 1 2 -13 8 2 3 5 
5 3 2 8 -13 2 1 -11 2 3 -11 -9 3 -1 5 7 -4 10 -8 4 
1 -12 -9 7 -7 7 3 -2 -3 14 -5 -13 7 13 2 -13 13 8 9 7 
7 14 5 14 0 5 3 -6 13 13 1 -4 0 3 6 5 8 7 5 1 
-8 9 8 -14 3 1 -5 13 1 10 9 -3 8 -11 5 0 2 -5 5 7 
-12 -6 0 4 13 0 -5 8 7 -13 13 1 2 1 -10 4 13 14 1 9 
1 -12 1 10 8 7 6 12 4 9 12 -8 8 4 -10 -11 12 2 -3 -11 
9 3 -2 2 7 6 14 -9 -10 9 10 7 9 1 1 2 -2 13 9 3 
-5 -3 12 14 12 3 4 -6 5 3 6 14 -2 9 -9 14 14 13 8 0 
12 2 9 9 -5 -10 5 13 -3 13 1 1 8 -5 1 7 13 9 11 6 
14 12 7 8 9 2 14 -9 11 8 9 6 9 -10 10 -13 5 5 8 5 
57
1
0 19
19 0
0
0
