20 20
5 -9 8 6 1 7 0 7 -7 2 1 -3 15 0 -7 16 -14 -3 15 0 
16 16 16 15 -14 -4 4 16 11 12 14 1 14 10 12 -14 14 2 6 16 
-14 1 5 14 16 5 4 13 7 -15 5 11 0 2 2 -13 -8 14 16 11 
12 4 9 2 14 2 14 9 -6 2 16 11 12 6 12 9 -12 7 10 7 
15 13 -15 -4 11 13 12 5 5 8 -5 5 7 7 -13 -13 5 9 -10 -12 
2 -13 13 15 10 15 9 11 2 4 -13 3 10 4 4 12 9 8 13 5 
6 -12 -5 6 -8 1 12 3 11 7 0 -15 6 12 12 2 11 3 -7 15 
0 13 -13 3 0 1 2 6 13 16 8 4 1 2 2 -16 2 5 -15 12 
7 14 -7 -1 10 11 -9 12 -11 7 14 16 6 -10 2 10 -14 6 -14 9 
-4 8 0 1 -2 11 9 13 7 13 2 -6 9 6 1 16 -15 13 12 3 
3 12 13 -15 16 1 6 9 -6 2 13 7 13 9 11 -2 1 0 8 -4 
9 -14 6 -14 10 2 -10 6 16 14 7 -11 12 -9 11 10 -1 -7 14 7 
12 -15 5 2 -16 2 2 1 4 8 16 13 6 2 1 0 3 -13 13 0 
15 -7 3 11 2 12 12 6 -15 0 7 11 3 12 1 -8 6 -5 -12 6 
5 13 8 9 12 4 4 10 3 -13 4 2 11 9 15 10 15 13 -13 2 
-12 -10 9 5 -13 -13 7 7 5 -5 8 5 5 12 13 11 -4 -15 13 15 
7 10 7 -12 9 12 6 12 11 16 2 -6 9 14 2 14 2 9 4 12 
11 16 14 -8 -13 2 2 0 11 5 -15 7 13 4 5 16 14 5 1 -14 
16 6 2 14 -14 12 10 14 1 14 12 11 16 4 -4 -14 15 16 16 16 
0 15 -3 -14 16 -7 0 15 -3 1 2 -7 7 0 7 1 6 8 -9 5 
146
1
15 11
4 8
0
0
