20 20
17 2 18 14 2 19 0 -19 -14 8 17 11 8 5 15 -17 18 0 12 2 
9 0 -1 2 13 2 11 -13 13 19 3 3 18 9 -3 13 5 -20 7 5 
-18 17 8 1 4 4 12 8 -6 2 -3 -11 12 3 1 10 8 9 -19 15 
19 14 2 -1 3 16 -2 9 8 -3 17 9 9 -20 6 0 15 17 -1 15 
5 17 5 -17 11 -8 16 18 18 -3 15 11 2 6 14 -12 1 -6 0 14 
-7 1 3 4 -17 3 7 2 -6 10 9 4 3 12 1 20 14 -14 4 16 
13 0 10 -14 10 -19 7 14 15 12 -10 18 14 14 14 15 -3 6 4 3 
-10 9 15 3 2 -13 3 -5 19 -4 10 12 13 -6 18 -1 -3 5 -7 -1 
20 20 1 -12 7 16 9 3 -4 3 16 18 -18 16 12 13 8 1 -8 9 
4 19 7 6 -9 11 12 9 12 -4 15 13 6 10 -3 17 4 18 2 10 
10 2 18 4 17 -3 10 6 13 15 -4 12 9 12 11 -9 6 7 19 4 
9 -8 1 8 13 12 16 -18 18 16 3 -4 3 9 16 7 -12 1 20 20 
-1 -7 5 -3 -1 18 -6 13 12 10 -4 19 -5 3 -13 2 3 15 9 -10 
3 4 6 -3 15 14 14 14 18 -10 12 15 14 7 -19 10 -14 10 0 13 
16 4 -14 14 20 1 12 3 4 9 10 -6 2 7 3 -17 4 3 1 -7 
14 0 -6 1 -12 14 6 2 11 15 -3 18 18 16 -8 11 -17 5 17 5 
15 -1 17 15 0 6 -20 9 9 17 -3 8 9 -2 16 3 -1 2 14 19 
15 -19 9 8 10 1 3 12 -11 -3 2 -6 8 12 4 4 1 8 17 -18 
5 7 -20 5 13 -3 9 18 3 3 19 13 -13 11 2 13 2 -1 0 9 
2 12 0 18 -17 15 5 8 11 17 8 -14 -19 0 19 2 14 18 2 17 
154
1
16 3
3 16
0
0
