20 20
4 -4 11 14 -6 15 8 -6 12 2 7 4 8 -10 15 10 1 0 11 12 
5 4 14 12 12 14 11 12 9 3 -7 -13 3 11 -10 1 7 6 16 -11 
-2 1 5 14 14 3 16 7 1 -12 1 -12 1 5 7 0 2 7 9 -6 
-2 16 7 -3 3 -2 -8 9 14 9 -5 8 15 5 12 10 5 3 5 -9 
13 5 14 14 0 7 5 2 14 14 5 -7 -5 7 9 2 -12 3 16 15 
14 3 16 6 7 1 11 -8 13 13 13 7 13 -3 -8 13 5 -1 14 8 
3 11 9 9 9 11 15 10 5 13 3 -14 14 5 -3 12 12 1 -3 10 
12 8 8 15 14 16 8 7 16 10 -7 16 15 -12 13 13 3 -12 4 -7 
0 7 -4 -11 15 2 5 0 16 6 10 4 9 1 14 11 15 -10 4 -2 
13 -5 -4 5 16 9 16 -16 -15 1 -5 -2 -13 -1 14 -12 5 7 -16 12 
12 -16 7 5 -12 14 -1 -13 -2 -5 1 -15 -16 16 9 16 5 -4 -5 13 
-2 4 -10 15 11 14 1 9 4 10 6 16 0 5 2 15 -11 -4 7 0 
-7 4 -12 3 13 13 -12 15 16 -7 10 16 7 8 16 14 15 8 8 12 
10 -3 1 12 12 -3 5 14 -14 3 13 5 10 15 11 9 9 9 11 3 
8 14 -1 5 13 -8 -3 13 7 13 13 13 -8 11 1 7 6 16 3 14 
15 16 3 -12 2 9 7 -5 -7 5 14 14 2 5 7 0 14 14 5 13 
-9 5 3 5 10 12 5 15 8 -5 9 14 9 -8 -2 3 -3 7 16 -2 
-6 9 7 2 0 7 5 1 -12 1 -12 1 7 16 3 14 14 5 1 -2 
-11 16 6 7 1 -10 11 3 -13 -7 3 9 12 11 14 12 12 14 4 5 
12 11 0 1 10 15 -10 8 4 7 2 12 -6 8 15 -6 14 11 -4 4 
155
1
6 0
13 19
0
0
