20 20
11 18 21 14 24 3 4 22 -9 18 1 -23 12 14 -12 1 -2 -2 -8 26 
8 9 4 2 20 8 14 10 26 -15 4 16 19 26 20 24 25 3 24 21 
3 8 25 9 7 2 0 -24 -10 -21 15 9 1 1 -5 23 14 26 10 23 
18 -24 10 -7 24 3 1 -19 22 -22 25 22 4 3 9 17 18 2 15 1 
12 10 13 5 -13 7 15 17 -8 11 -14 25 25 12 27 -20 0 -27 25 15 
1 -8 7 26 20 15 19 -7 22 8 17 -19 9 18 3 7 11 7 12 18 
24 26 3 18 6 -17 -23 18 -20 27 -9 -27 -3 19 1 -12 9 -9 21 15 
2 18 -11 1 23 16 3 23 15 6 14 17 4 27 7 11 9 9 7 -18 
12 10 1 -20 21 25 2 17 16 7 27 20 26 18 -13 2 10 13 -13 23 
23 14 -25 23 -18 -22 -20 18 21 27 4 15 25 10 -26 -21 18 20 18 15 
15 18 20 18 -21 -26 10 25 15 4 27 21 18 -20 -22 -18 23 -25 14 23 
23 -13 13 10 2 -13 18 26 20 27 7 16 17 2 25 21 -20 1 10 12 
-18 7 9 9 11 7 27 4 17 14 6 15 23 3 16 23 1 -11 18 2 
15 21 -9 9 -12 1 19 -3 -27 -9 27 -20 18 -23 -17 6 18 3 26 24 
18 12 7 11 7 3 18 9 -19 17 8 22 -7 19 15 20 26 7 -8 1 
15 25 -27 0 -20 27 12 25 25 -14 11 -8 17 15 7 -13 5 13 10 12 
1 15 2 18 17 9 3 4 22 25 -22 22 -19 1 3 24 -7 10 -24 18 
23 10 26 14 23 -5 1 1 9 15 -21 -10 -24 0 2 7 9 25 8 3 
21 24 3 25 24 20 26 19 16 4 -15 26 10 14 8 20 2 4 9 8 
26 -8 -2 -2 1 -12 14 12 -23 1 18 -9 22 4 3 24 14 21 18 11 
186
1
0 14
19 5
0
0
