20 20
13 6 11 1 11 5 3 -10 1 0 5 9 9 7 4 8 2 12 0 -11 
2 -3 -12 -12 5 10 1 3 -10 7 4 11 7 -11 8 7 10 -1 -3 8 
-10 7 -6 2 -2 -3 0 7 -6 2 -1 -13 0 13 9 8 -3 -13 -10 -9 
6 2 2 2 2 -1 8 12 10 3 6 1 6 -11 8 -10 -8 4 3 10 
10 13 -8 3 -13 -8 -11 -8 -12 1 6 7 12 8 -9 10 6 4 7 1 
6 6 3 -12 4 3 1 -10 -3 1 3 -9 2 10 9 0 11 12 -1 10 
-6 -7 6 10 5 1 -6 -12 1 -1 6 -13 6 3 -6 8 2 6 0 -5 
6 5 0 7 9 -2 7 12 -7 5 12 8 -6 5 0 -12 5 3 8 2 
-6 -6 13 5 8 11 -10 -5 4 7 8 -5 -5 1 2 3 -6 4 9 11 
9 -11 9 11 13 9 3 13 13 4 12 -10 3 13 4 3 3 -8 6 3 
3 6 -8 3 3 4 13 3 -10 12 4 13 13 3 9 13 11 9 -11 9 
11 9 4 -6 3 2 1 -5 -5 8 7 4 -5 -10 11 8 5 13 -6 -6 
2 8 3 5 -12 0 5 -6 8 12 5 -7 12 7 -2 9 7 0 5 6 
-5 0 6 2 8 -6 3 6 -13 6 -1 1 -12 -6 1 5 10 6 -7 -6 
10 -1 12 11 0 9 10 2 -9 3 1 -3 -10 1 3 4 -12 3 6 6 
1 7 4 6 10 -9 8 12 7 6 1 -12 -8 -11 -8 -13 3 -8 13 10 
10 3 4 -8 -10 8 -11 6 1 6 3 10 12 8 -1 2 2 2 2 6 
-9 -10 -13 -3 8 9 13 0 -13 -1 2 -6 7 0 -3 -2 2 -6 7 -10 
8 -3 -1 10 7 8 -11 7 11 4 7 -10 3 1 10 5 -12 -12 -3 2 
-11 0 12 2 8 4 7 9 9 5 0 1 -10 3 5 11 1 11 6 13 
172
1
6 15
13 4
0
0
