20 20
10 13 11 24 24 1 16 7 23 11 5 7 23 16 2 -16 6 -8 17 -21 
13 17 23 9 3 -11 14 12 2 16 -4 -22 19 6 24 -6 22 1 13 11 
15 11 6 14 21 12 -8 1 8 4 5 3 -7 -18 -1 19 23 -13 17 22 
20 19 -16 15 -7 -12 -11 6 0 -2 11 9 17 19 9 -8 -13 -7 11 19 
18 3 -18 18 -22 -1 1 13 16 0 17 1 1 17 -6 13 8 17 13 24 
17 24 1 -14 22 18 8 -16 4 -7 9 2 15 8 14 11 14 4 9 19 
-2 6 10 3 -13 22 5 -8 20 -14 16 3 17 12 2 8 3 14 11 9 
20 -10 14 2 24 7 -24 16 24 12 16 18 5 2 24 9 -22 22 -16 -6 
8 0 -3 6 5 19 23 13 5 5 6 -20 16 23 18 -20 23 17 16 23 
-11 -10 6 -12 23 12 17 2 6 -9 -1 5 -9 0 9 15 17 14 13 23 
23 13 14 17 15 9 0 -9 5 -1 -9 6 2 17 12 23 -12 6 -10 -11 
23 16 17 23 -20 18 23 16 -20 6 5 5 13 23 19 5 6 -3 0 8 
-6 -16 22 -22 9 24 2 5 18 16 12 24 16 -24 7 24 2 14 -10 20 
9 11 14 3 8 2 12 17 3 16 -14 20 -8 5 22 -13 3 10 6 -2 
19 9 4 14 11 14 8 15 2 9 -7 4 -16 8 18 22 -14 1 24 17 
24 13 17 8 13 -6 17 1 1 17 0 16 13 1 -1 -22 18 -18 3 18 
19 11 -7 -13 -8 9 19 17 9 11 -2 0 6 -11 -12 -7 15 -16 19 20 
22 17 -13 23 19 -1 -18 -7 3 5 4 8 1 -8 12 21 14 6 11 15 
11 13 1 22 -6 24 6 19 -22 -4 16 2 12 14 -11 3 9 23 17 13 
-21 17 -8 6 -16 2 16 23 7 5 11 23 7 16 1 24 24 11 13 10 
166
1
12 9
7 10
0
0
