20 20
6 3 11 -13 2 -13 2 10 -10 10 -8 11 13 9 10 9 -12 -2 6 10 
0 -7 6 -11 8 -1 -7 11 4 6 13 10 0 13 12 9 12 0 9 6 
1 1 5 8 8 12 -8 -9 1 9 2 6 7 10 8 8 9 5 -1 -9 
0 -3 3 10 3 -7 1 8 11 12 11 -3 1 12 3 4 -2 -3 -8 8 
9 2 9 -6 -6 -9 4 -10 1 -8 -10 4 9 4 4 -10 13 1 -12 7 
2 7 9 -8 1 2 0 8 12 8 12 -12 7 -12 6 2 -13 7 5 3 
10 -13 10 3 -1 4 -10 5 -8 -9 -13 13 5 -11 7 9 13 11 7 13 
5 -13 10 13 3 -12 10 11 6 0 9 3 1 13 5 5 12 6 1 1 
-11 -8 7 1 7 1 10 7 4 0 -7 -13 -8 -6 9 -4 7 4 3 11 
-3 9 -7 5 -10 11 6 8 -4 2 -1 1 12 2 12 5 2 3 13 -9 
-9 13 3 2 5 12 2 12 1 -1 2 -4 8 6 11 -10 5 -7 9 -3 
11 3 4 7 -4 9 -6 -8 -13 -7 0 4 7 10 1 7 1 7 -8 -11 
1 1 6 12 5 5 13 1 3 9 0 6 11 10 -12 3 13 10 -13 5 
13 7 11 13 9 7 -11 5 13 -13 -9 -8 5 -10 4 -1 3 10 -13 10 
3 5 7 -13 2 6 -12 7 -12 12 8 12 8 0 2 1 -8 9 7 2 
7 -12 1 13 -10 4 4 9 4 -10 -8 1 -10 4 -9 -6 -6 9 2 9 
8 -8 -3 -2 4 3 12 1 -3 11 12 11 8 1 -7 3 10 3 -3 0 
-9 -1 5 9 8 8 10 7 6 2 9 1 -9 -8 12 8 8 5 1 1 
6 9 0 12 9 12 13 0 10 13 6 4 11 -7 -1 8 -11 6 -7 0 
10 6 -2 -12 9 10 9 13 11 -8 10 -10 10 2 -13 2 -13 11 3 6 
71
1
7 16
12 3
0
0
