20 20
8 7 10 17 8 7 2 -19 10 -9 13 12 -13 -13 11 6 11 3 15 5 
-22 3 22 -20 13 22 22 -8 -9 -9 12 0 7 10 -18 22 16 23 20 15 
14 23 5 14 7 9 -22 12 15 1 9 -1 -15 13 3 -15 -18 -2 1 16 
-8 14 19 15 3 22 -17 13 22 17 7 11 10 21 1 11 15 10 12 9 
11 -15 6 4 19 23 9 8 -16 6 7 12 -9 11 20 6 18 18 6 2 
15 23 7 12 15 14 11 13 13 15 -8 -16 4 1 13 6 -4 11 7 11 
13 0 22 -18 16 -19 18 14 -21 5 18 -23 -4 8 -7 13 16 -4 1 23 
21 -10 -9 -2 1 9 0 19 3 16 8 -6 4 23 2 15 22 2 2 17 
20 20 2 22 22 3 -6 -10 -18 2 6 7 19 10 -15 -19 8 17 9 -1 
19 5 23 22 -3 7 23 9 -10 20 -23 8 5 4 12 19 14 15 1 22 
22 1 15 14 19 12 4 5 8 -23 20 -10 9 23 7 -3 22 23 5 19 
-1 9 17 8 -19 -15 10 19 7 6 2 -18 -10 -6 3 22 22 2 20 20 
17 2 2 22 15 2 23 4 -6 8 16 3 19 0 9 1 -2 -9 -10 21 
23 1 -4 16 13 -7 8 -4 -23 18 5 -21 14 18 -19 16 -18 22 0 13 
11 7 11 -4 6 13 1 4 -16 -8 15 13 13 11 14 15 12 7 23 15 
2 6 18 18 6 20 11 -9 12 7 6 -16 8 9 23 19 4 6 -15 11 
9 12 10 15 11 1 21 10 11 7 17 22 13 -17 22 3 15 19 14 -8 
16 1 -2 -18 -15 3 13 -15 -1 9 1 15 12 -22 9 7 14 5 23 14 
15 20 23 16 22 -18 10 7 0 12 -9 -9 -8 22 22 13 -20 22 3 -22 
5 15 3 11 6 11 -13 -13 12 13 -9 10 -19 2 7 8 17 10 7 8 
62
1
12 2
7 17
0
0
