20 20
-8 17 4 -4 6 24 21 5 16 18 21 -1 9 5 7 5 8 16 0 11 
10 -23 15 3 0 8 13 14 -9 -11 18 7 10 8 20 -21 -11 9 -16 23 
16 20 0 23 12 13 1 24 9 -1 24 5 -22 6 3 21 17 11 17 16 
-5 13 12 23 5 25 10 24 20 -1 3 3 -4 -9 11 21 3 15 0 3 
10 12 19 10 20 -4 11 5 -21 -2 23 -6 14 23 25 7 8 -4 5 -10 
24 1 7 18 4 -2 -20 17 16 2 25 13 -8 22 16 -25 3 18 25 16 
5 2 8 21 16 20 15 4 6 22 10 24 6 18 16 24 -17 11 18 3 
18 13 8 18 18 2 -16 22 -16 5 0 1 -9 1 4 -13 25 17 22 5 
11 21 20 -6 -9 23 0 4 4 7 -8 16 25 1 -15 -22 -17 5 16 25 
13 21 24 20 -19 22 19 17 20 15 25 11 -1 -22 -23 8 4 -9 19 0 
0 19 -9 4 8 -23 -22 -1 11 25 15 20 17 19 22 -19 20 24 21 13 
25 16 5 -17 -22 -15 1 25 16 -8 7 4 4 0 23 -9 -6 20 21 11 
5 22 17 25 -13 4 1 -9 1 0 5 -16 22 -16 2 18 18 8 13 18 
3 18 11 -17 24 16 18 6 24 10 22 6 4 15 20 16 21 8 2 5 
16 25 18 3 -25 16 22 -8 13 25 2 16 17 -20 -2 4 18 7 1 24 
-10 5 -4 8 7 25 23 14 -6 23 -2 -21 5 11 -4 20 10 19 12 10 
3 0 15 3 21 11 -9 -4 3 3 -1 20 24 10 25 5 23 12 13 -5 
16 17 11 17 21 3 6 -22 5 24 -1 9 24 1 13 12 23 0 20 16 
23 -16 9 -11 -21 20 8 10 7 18 -11 -9 14 13 8 0 3 15 -23 10 
11 0 16 8 5 7 5 9 -1 21 18 16 5 21 24 6 -4 4 17 -8 
153
1
3 17
16 2
0
0
