20 20
6 22 5 11 20 10 22 7 -14 4 20 3 19 -20 -13 -12 -6 13 7 -2 
5 15 6 16 5 15 -15 17 19 10 0 16 -14 16 16 3 19 17 3 17 
7 15 11 6 4 10 0 18 1 0 -2 19 -11 14 1 8 14 14 3 18 
9 0 19 -4 2 -20 22 7 17 -5 16 14 -6 19 3 20 5 8 16 3 
6 12 -16 13 17 4 -8 -10 7 -12 20 5 9 12 -9 3 18 -6 4 17 
12 11 18 12 -22 4 6 20 21 6 4 -12 -5 -17 16 17 9 -1 7 6 
6 12 17 11 -12 -4 21 4 4 -8 16 4 3 11 19 6 9 -18 6 18 
10 -17 1 11 18 5 12 6 3 12 21 -2 9 -10 10 16 21 2 19 5 
-22 8 -8 3 -5 4 -3 3 -11 4 13 -4 16 21 -1 13 12 19 13 13 
2 12 19 8 -19 13 8 14 21 -5 1 9 7 14 7 22 -6 5 -1 3 
3 -1 5 -6 22 7 14 7 9 1 -5 21 14 8 13 -19 8 19 12 2 
13 13 19 12 13 -1 21 16 -4 13 4 -11 3 -3 4 -5 3 -8 8 -22 
5 19 2 21 16 10 -10 9 -2 21 12 3 6 12 5 18 11 1 -17 10 
18 6 -18 9 6 19 11 3 4 16 -8 4 4 21 -4 -12 11 17 12 6 
6 7 -1 9 17 16 -17 -5 -12 4 6 21 20 6 4 -22 12 18 11 12 
17 4 -6 18 3 -9 12 9 5 20 -12 7 -10 -8 4 17 13 -16 12 6 
3 16 8 5 20 3 19 -6 14 16 -5 17 7 22 -20 2 -4 19 0 9 
18 3 14 14 8 1 14 -11 19 -2 0 1 18 0 10 4 6 11 15 7 
17 3 17 19 3 16 16 -14 16 0 10 19 17 -15 15 5 16 6 15 5 
-2 7 13 -6 -12 -13 -20 19 3 20 4 -14 7 22 10 20 11 5 22 6 
79
1
1 11
18 8
0
0
