20 20
-26 7 18 -9 8 -13 20 18 14 -20 -19 25 4 22 4 16 -4 -16 21 -13 
-18 18 2 6 23 8 7 -17 -14 24 14 10 4 -24 -20 17 15 15 23 10 
17 22 -12 3 8 14 8 13 -4 19 11 9 10 4 15 -1 2 -25 17 18 
10 -23 25 3 -9 20 6 -12 9 8 9 13 8 13 -17 23 4 18 25 21 
-17 -26 25 25 -15 -9 12 5 6 -10 16 24 8 12 -12 15 1 3 -1 5 
7 25 24 21 18 25 10 20 12 -15 -6 26 -10 23 22 4 -8 15 6 -23 
10 23 10 7 7 16 6 16 13 22 11 7 24 -25 22 7 7 5 25 6 
12 21 7 3 21 18 12 6 -25 -10 18 20 15 18 -15 26 3 13 25 -21 
13 -20 18 6 -26 22 1 16 -17 12 -6 4 15 11 26 13 7 13 16 21 
5 5 -20 23 19 18 -20 1 -22 10 4 1 -12 1 17 -7 13 8 11 4 
4 11 8 13 -7 17 1 -12 1 4 10 -22 1 -20 18 19 23 -20 5 5 
21 16 13 7 13 26 11 15 4 -6 12 -17 16 1 22 -26 6 18 -20 13 
-21 25 13 3 26 -15 18 15 20 18 -10 -25 6 12 18 21 3 7 21 12 
6 25 5 7 7 22 -25 24 7 11 22 13 16 6 16 7 7 10 23 10 
-23 6 15 -8 4 22 23 -10 26 -6 -15 12 20 10 25 18 21 24 25 7 
5 -1 3 1 15 -12 12 8 24 16 -10 6 5 12 -9 -15 25 25 -26 -17 
21 25 18 4 23 -17 13 8 13 9 8 9 -12 6 20 -9 3 25 -23 10 
18 17 -25 2 -1 15 4 10 9 11 19 -4 13 8 14 8 3 -12 22 17 
10 23 15 15 17 -20 -24 4 10 14 24 -14 -17 7 8 23 6 2 18 -18 
-13 21 -16 -4 16 4 22 4 25 -19 -20 14 18 20 -13 8 -9 18 7 -26 
112
1
4 16
15 3
0
0
