20 20
6 14 -13 13 9 -14 9 7 0 14 3 9 5 -5 7 10 4 -13 1 1 
12 13 7 8 -4 3 0 12 12 8 -6 13 4 -6 13 10 -7 -3 3 6 
4 2 4 -10 6 -8 12 -8 14 0 -2 14 5 6 -14 3 -12 13 14 -2 
5 13 -5 2 -10 2 2 1 -12 3 -13 4 -7 8 12 12 12 -10 -11 7 
10 -13 9 -1 12 -13 8 1 -5 -2 -10 5 13 12 -13 14 9 11 6 9 
3 11 5 -14 2 14 14 13 11 12 7 0 3 -8 14 9 10 5 10 0 
7 8 -5 1 14 -8 13 6 13 10 -10 0 4 -8 2 14 3 -10 1 11 
1 13 -9 5 3 -5 8 13 5 10 5 5 -3 4 1 12 2 9 14 2 
7 8 6 8 5 12 12 6 -11 5 -14 3 13 14 -5 -10 0 6 2 11 
7 12 5 7 -5 2 11 6 6 5 11 -8 11 14 3 3 6 -2 11 9 
9 11 -2 6 3 3 14 11 -8 11 5 6 6 11 2 -5 7 5 12 7 
11 2 6 0 -10 -5 14 13 3 -14 5 -11 6 12 12 5 8 6 8 7 
2 14 9 2 12 1 4 -3 5 5 10 5 13 8 -5 3 5 -9 13 1 
11 1 -10 3 14 2 -8 4 0 -10 10 13 6 13 -8 14 1 -5 8 7 
0 10 5 10 9 14 -8 3 0 7 12 11 13 14 14 2 -14 5 11 3 
9 6 11 9 14 -13 12 13 5 -10 -2 -5 1 8 -13 12 -1 9 -13 10 
7 -11 -10 12 12 12 8 -7 4 -13 3 -12 1 2 2 -10 2 -5 13 5 
-2 14 13 -12 3 -14 6 5 14 -2 0 14 -8 12 -8 6 -10 4 2 4 
6 3 -3 -7 10 13 -6 4 13 -6 8 12 12 0 3 -4 8 7 13 12 
1 1 -13 4 10 7 -5 5 9 3 14 0 7 9 -14 9 13 -13 14 6 
43
1
8 3
11 16
0
0
