20 20
-18 5 -9 0 -5 9 7 7 14 18 18 9 2 -2 -12 11 18 2 4 15 
5 5 -1 -13 -2 11 11 -1 15 -7 18 -8 -7 4 7 2 13 2 8 3 
1 7 -1 -9 11 -14 18 -9 8 16 19 0 9 14 -15 5 11 15 15 -1 
19 -9 8 14 14 6 -14 10 -4 -18 4 2 11 -6 9 2 14 3 -7 14 
16 7 9 14 5 -14 -12 5 17 18 10 14 19 18 4 17 0 -15 13 6 
16 -2 9 14 11 12 8 9 1 -5 0 -10 1 3 -19 6 19 8 10 -13 
17 4 -4 3 15 14 -14 -4 5 -3 14 6 12 14 -5 -5 0 -15 -7 10 
-11 17 2 15 15 4 1 1 -12 17 16 14 18 16 2 5 18 15 7 17 
6 0 16 7 12 -2 12 -8 1 -15 -15 17 -3 13 3 -4 3 15 -19 12 
8 2 15 -12 18 -9 -3 16 12 -2 6 12 9 17 4 12 13 3 14 13 
13 14 3 13 12 4 17 9 12 6 -2 12 16 -3 -9 18 -12 15 2 8 
12 -19 15 3 -4 3 13 -3 17 -15 -15 1 -8 12 -2 12 7 16 0 6 
17 7 15 18 5 2 16 18 14 16 17 -12 1 1 4 15 15 2 17 -11 
10 -7 -15 0 -5 -5 14 12 6 14 -3 5 -4 -14 14 15 3 -4 4 17 
-13 10 8 19 6 -19 3 1 -10 0 -5 1 9 8 12 11 14 9 -2 16 
6 13 -15 0 17 4 18 19 14 10 18 17 5 -12 -14 5 14 9 7 16 
14 -7 3 14 2 9 -6 11 2 4 -18 -4 10 -14 6 14 14 8 -9 19 
-1 15 15 11 5 -15 14 9 0 19 16 8 -9 18 -14 11 -9 -1 7 1 
3 8 2 13 2 7 4 -7 -8 18 -7 15 -1 11 11 -2 -13 -1 5 5 
15 4 2 18 11 -12 -2 2 9 18 18 14 7 7 9 -5 0 -9 5 -18 
56
1
19 12
0 7
0
0
