20 20
17 15 -18 0 7 11 5 6 8 11 -9 9 -17 3 8 9 -18 2 14 -9 
17 2 4 16 17 6 10 15 1 7 -8 3 -17 15 11 -18 -15 9 10 2 
-17 11 14 11 11 7 12 -13 7 -18 0 12 -2 11 9 15 2 15 7 17 
17 -9 9 14 10 0 3 11 15 -14 18 8 6 14 8 12 3 11 8 -8 
17 10 -4 1 15 4 4 8 14 14 5 9 6 10 15 -9 17 12 9 16 
18 -5 -17 8 -2 0 -16 0 4 18 18 4 12 17 10 17 1 3 6 0 
-10 2 -1 -1 6 -8 10 13 16 1 -7 16 18 18 -7 -4 4 1 -6 17 
18 -8 11 3 3 2 -2 10 17 -2 14 -14 6 7 14 17 15 -4 -4 1 
16 17 13 -2 18 6 13 4 2 15 -11 13 3 -10 15 14 14 1 6 16 
-7 14 5 6 18 4 16 9 3 -17 10 5 14 6 17 17 15 11 10 6 
6 10 11 15 17 17 6 14 5 10 -17 3 9 16 4 18 6 5 14 -7 
16 6 1 14 14 15 -10 3 13 -11 15 2 4 13 6 18 -2 13 17 16 
1 -4 -4 15 17 14 7 6 -14 14 -2 17 10 -2 2 3 3 11 -8 18 
17 -6 1 4 -4 -7 18 18 16 -7 1 16 13 10 -8 6 -1 -1 2 -10 
0 6 3 1 17 10 17 12 4 18 18 4 0 -16 0 -2 8 -17 -5 18 
16 9 12 17 -9 15 10 6 9 5 14 14 8 4 4 15 1 -4 10 17 
-8 8 11 3 12 8 14 6 8 18 -14 15 11 3 0 10 14 9 -9 17 
17 7 15 2 15 9 11 -2 12 0 -18 7 -13 12 7 11 11 14 11 -17 
2 10 9 -15 -18 11 15 -17 3 -8 7 1 15 10 6 17 16 4 2 17 
-9 14 2 -18 9 8 3 -17 9 -9 11 8 6 5 11 7 0 -18 15 17 
99
1
15 12
4 7
0
0
