20 20
-14 -11 8 0 12 0 5 10 15 7 6 -3 1 5 2 13 7 7 7 4 
-6 14 6 -7 6 -10 2 16 13 -3 7 15 2 1 8 1 14 13 8 -10 
-5 1 13 16 -6 14 11 -11 9 13 -12 14 8 1 -1 4 -16 9 11 13 
4 13 14 8 1 12 -15 7 10 15 10 3 -8 10 11 12 4 15 2 16 
5 -10 12 1 -2 4 -5 -9 9 11 16 6 14 6 10 -4 10 11 16 -1 
1 12 5 12 3 11 -13 13 11 12 8 -1 9 -9 7 13 13 2 16 -9 
10 4 13 -3 16 -1 10 2 -15 1 4 2 -7 -4 13 13 1 1 -9 16 
16 15 13 5 3 15 1 8 5 -5 6 2 16 8 9 -6 6 4 7 9 
5 2 15 -15 -10 10 2 11 14 14 15 6 -13 11 5 12 12 2 0 15 
-2 11 -15 7 -6 9 0 -12 16 8 -15 -3 -3 9 -16 9 16 9 11 0 
0 11 9 16 9 -16 9 -3 -3 -15 8 16 -12 0 9 -6 7 -15 11 -2 
15 0 2 12 12 5 11 -13 6 15 14 14 11 2 10 -10 -15 15 2 5 
9 7 4 6 -6 9 8 16 2 6 -5 5 8 1 15 3 5 13 15 16 
16 -9 1 1 13 13 -4 -7 2 4 1 -15 2 10 -1 16 -3 13 4 10 
-9 16 2 13 13 7 -9 9 -1 8 12 11 13 -13 11 3 12 5 12 1 
-1 16 11 10 -4 10 6 14 6 16 11 9 -9 -5 4 -2 1 12 -10 5 
16 2 15 4 12 11 10 -8 3 10 15 10 7 -15 12 1 8 14 13 4 
13 11 9 -16 4 -1 1 8 14 -12 13 9 -11 11 14 -6 16 13 1 -5 
-10 8 13 14 1 8 1 2 15 7 -3 13 16 2 -10 6 -7 6 14 -6 
4 7 7 7 13 2 5 1 -3 6 7 15 10 5 0 12 0 8 -11 -14 
57
1
0 2
19 17
0
0
