20 20
5 9 -16 12 7 5 8 -9 17 11 13 6 -9 0 17 8 6 -12 4 17 
12 -2 -14 14 3 -13 4 -9 -6 8 2 -12 12 8 5 11 2 4 -10 2 
1 7 -1 3 0 6 10 5 1 3 16 7 4 14 14 -16 11 -7 -2 6 
8 -14 -9 -7 16 1 14 -14 0 11 12 -11 6 -15 14 9 14 15 -6 0 
9 1 14 17 8 0 6 -3 -2 1 -14 14 -9 3 8 9 10 8 17 -16 
-4 4 2 17 12 4 4 10 -7 12 15 4 10 14 10 3 9 8 2 7 
8 -10 12 17 0 6 16 3 3 -6 15 0 10 10 5 15 4 -7 -4 -2 
10 -5 16 -9 4 -10 -2 14 2 10 -11 3 11 16 2 17 -12 -3 2 12 
8 -14 3 15 16 -17 9 13 -15 5 9 11 2 -6 5 7 4 1 13 3 
-14 -11 11 8 -6 17 -1 15 7 10 17 4 13 1 -7 15 10 0 8 7 
7 8 0 10 15 -7 1 13 4 17 10 7 15 -1 17 -6 8 11 -11 -14 
3 13 1 4 7 5 -6 2 11 9 5 -15 13 9 -17 16 15 3 -14 8 
12 2 -3 -12 17 2 16 11 3 -11 10 2 14 -2 -10 4 -9 16 -5 10 
-2 -4 -7 4 15 5 10 10 0 15 -6 3 3 16 6 0 17 12 -10 8 
7 2 8 9 3 10 14 10 4 15 12 -7 10 4 4 12 17 2 4 -4 
-16 17 8 10 9 8 3 -9 14 -14 1 -2 -3 6 0 8 17 14 1 9 
0 -6 15 14 9 14 -15 6 -11 12 11 0 -14 14 1 16 -7 -9 -14 8 
6 -2 -7 11 -16 14 14 4 7 16 3 1 5 10 6 0 3 -1 7 1 
2 -10 4 2 11 5 8 12 -12 2 8 -6 -9 4 -13 3 14 -14 -2 12 
17 4 -12 6 8 17 0 -9 6 13 11 17 -9 8 5 7 12 -16 9 5 
90
1
10 17
9 2
0
0
