20 20
9 2 1 -20 11 11 10 1 13 17 -5 6 3 13 17 4 7 11 23 19 
-13 3 7 8 11 3 8 7 -15 16 -20 5 21 8 22 17 3 2 23 15 
15 -15 20 20 13 8 10 8 6 3 -12 22 4 20 21 23 16 -18 12 14 
-2 15 6 7 22 23 -6 -1 10 -3 13 17 22 5 19 14 -6 1 12 11 
-13 7 0 -14 15 8 18 2 -22 15 -1 9 8 2 3 11 0 16 17 7 
11 21 14 13 11 -23 -11 -9 4 13 -15 8 19 23 -22 17 20 3 14 -17 
1 8 3 -22 6 18 2 3 -10 -8 21 -20 -3 -4 19 5 -6 22 1 9 
-6 3 22 0 1 20 6 12 -2 -3 4 3 8 20 5 6 10 19 -16 12 
21 1 9 11 23 7 2 23 16 -22 14 0 23 20 21 11 -14 17 3 4 
21 11 -18 21 11 -19 -5 10 10 22 17 18 6 4 12 -17 23 21 -20 18 
18 -20 21 23 -17 12 4 6 18 17 22 10 10 -5 -19 11 21 -18 11 21 
4 3 17 -14 11 21 20 23 0 14 -22 16 23 2 7 23 11 9 1 21 
12 -16 19 10 6 5 20 8 3 4 -3 -2 12 6 20 1 0 22 3 -6 
9 1 22 -6 5 19 -4 -3 -20 21 -8 -10 3 2 18 6 -22 3 8 1 
-17 14 3 20 17 -22 23 19 8 -15 13 4 -9 -11 -23 11 13 14 21 11 
7 17 16 0 11 3 2 8 9 -1 15 -22 2 18 8 15 -14 0 7 -13 
11 12 1 -6 14 19 5 22 17 13 -3 10 -1 -6 23 22 7 6 15 -2 
14 12 -18 16 23 21 20 4 22 -12 3 6 8 10 8 13 20 20 -15 15 
15 23 2 3 17 22 8 21 5 -20 16 -15 7 8 3 11 8 7 3 -13 
19 23 11 7 4 17 13 3 6 -5 17 13 1 10 11 11 -20 1 2 9 
151
1
17 5
2 14
0
0
