20 20
5 -25 -11 25 -1 16 14 21 11 12 -2 21 7 6 4 16 22 22 20 3 
26 19 -7 15 20 20 9 3 17 11 27 0 16 4 0 10 12 10 7 6 
-25 0 15 20 -5 14 -5 -1 3 3 8 6 -7 -9 6 1 10 -10 4 10 
0 13 17 23 14 27 16 25 -18 19 0 8 7 20 24 11 -17 5 -12 14 
-22 22 19 11 24 10 18 24 21 14 0 4 -9 2 11 19 24 -26 14 5 
13 11 10 -13 -22 4 12 3 8 -24 12 24 25 12 -13 -23 0 5 3 5 
7 8 -5 11 -26 -1 -27 13 12 16 -25 22 12 -18 -18 20 27 11 -2 19 
4 -14 26 -7 7 17 -24 7 16 19 0 6 3 -8 -5 9 20 2 4 -17 
22 14 2 -20 7 11 -19 5 2 3 26 20 11 24 23 -12 8 26 7 7 
2 21 22 9 3 12 -6 27 -19 26 -11 3 27 5 4 -3 2 21 -6 -10 
-10 -6 21 2 -3 4 5 27 3 -11 26 -19 27 -6 12 3 9 22 21 2 
7 7 26 8 -12 23 24 11 20 26 3 2 5 -19 11 7 -20 2 14 22 
-17 4 2 20 9 -5 -8 3 6 0 19 16 7 -24 17 7 -7 26 -14 4 
19 -2 11 27 20 -18 -18 12 22 -25 16 12 13 -27 -1 -26 11 -5 8 7 
5 3 5 0 -23 -13 12 25 24 12 -24 8 3 12 4 -22 -13 10 11 13 
5 14 -26 24 19 11 2 -9 4 0 14 21 24 18 10 24 11 19 22 -22 
14 -12 5 -17 11 24 20 7 8 0 19 -18 25 16 27 14 23 17 13 0 
10 4 -10 10 1 6 -9 -7 6 8 3 3 -1 -5 14 -5 20 15 0 -25 
6 7 10 12 10 0 4 16 0 27 11 17 3 9 20 20 15 -7 19 26 
3 20 22 22 16 4 6 7 21 -2 12 11 21 14 16 -1 25 -11 -25 5 
91
1
3 12
16 7
0
0
