20 20
14 0 -9 12 4 -15 -10 0 16 19 -8 12 7 2 17 20 13 0 -18 14 
15 -3 9 14 12 12 5 5 4 5 20 12 -10 13 16 -12 -1 16 18 4 
7 -18 -18 -3 14 -11 4 13 11 14 -6 20 1 3 15 3 -9 -9 -6 15 
19 3 15 14 11 -14 -16 1 20 10 20 4 -12 -3 -1 13 6 5 8 -16 
18 9 17 2 8 -18 20 10 17 20 0 15 -15 6 18 11 -15 -16 -14 10 
19 1 17 -7 8 16 9 12 -4 3 16 10 5 6 15 1 2 10 19 15 
13 4 17 -19 4 9 18 -10 -17 1 0 1 19 19 18 -2 2 15 -16 18 
19 3 -13 -16 1 7 1 2 9 6 8 18 8 6 5 11 4 17 5 -3 
18 3 14 4 14 12 6 0 7 20 11 18 -2 -10 6 1 9 5 16 -14 
19 10 -19 4 8 -18 20 16 4 18 15 7 0 13 13 6 5 9 -20 8 
8 -20 9 5 6 13 13 0 7 15 18 4 16 20 -18 8 4 -19 10 19 
-14 16 5 9 1 6 -10 -2 18 11 20 7 0 6 12 14 4 14 3 18 
-3 5 17 4 11 5 6 8 18 8 6 9 2 1 7 1 -16 -13 3 19 
18 -16 15 2 -2 18 19 19 1 0 1 -17 -10 18 9 4 -19 17 4 13 
15 19 10 2 1 15 6 5 10 16 3 -4 12 9 16 8 -7 17 1 19 
10 -14 -16 -15 11 18 6 -15 15 0 20 17 10 20 -18 8 2 17 9 18 
-16 8 5 6 13 -1 -3 -12 4 20 10 20 1 -16 -14 11 14 15 3 19 
15 -6 -9 -9 3 15 3 1 20 -6 14 11 13 4 -11 14 -3 -18 -18 7 
4 18 16 -1 -12 16 13 -10 12 20 5 4 5 5 12 12 14 9 -3 15 
14 -18 0 13 20 17 2 7 12 -8 19 16 0 -10 -15 4 12 -9 0 14 
82
1
13 6
6 13
0
0
