20 20
-11 21 -8 15 -4 12 -16 14 22 10 -13 1 -12 6 1 11 -14 -6 1 5 
11 0 15 22 17 15 3 -5 14 12 -4 -15 22 22 13 -13 22 14 4 -4 
-11 12 13 5 -19 2 2 14 13 18 13 12 21 15 8 -22 -18 11 20 18 
15 13 18 1 2 20 -6 19 0 -2 7 -7 7 9 1 10 5 17 2 8 
-17 21 10 10 22 -10 15 8 7 -11 -4 9 11 7 -15 11 2 5 17 19 
-8 21 2 12 3 10 -2 15 5 10 -17 -18 4 10 12 9 19 4 8 14 
18 11 13 11 -7 18 21 4 20 -5 6 8 19 6 2 19 -2 -2 -6 10 
-18 -1 14 6 12 19 3 19 9 2 4 21 15 -8 -14 21 16 21 0 9 
-9 3 7 13 -17 -11 -17 4 17 14 2 -19 5 -10 -16 3 20 15 21 7 
12 12 15 -7 -13 -18 -14 19 6 -12 16 -1 9 11 18 19 6 10 20 7 
7 20 10 6 19 18 11 9 -1 16 -12 6 19 -14 -18 -13 -7 15 12 12 
7 21 15 20 3 -16 -10 5 -19 2 14 17 4 -17 -11 -17 13 7 3 -9 
9 0 21 16 21 -14 -8 15 21 4 2 9 19 3 19 12 6 14 -1 -18 
10 -6 -2 -2 19 2 6 19 8 6 -5 20 4 21 18 -7 11 13 11 18 
14 8 4 19 9 12 10 4 -18 -17 10 5 15 -2 10 3 12 2 21 -8 
19 17 5 2 11 -15 7 11 9 -4 -11 7 8 15 -10 22 10 10 21 -17 
8 2 17 5 10 1 9 7 -7 7 -2 0 19 -6 20 2 1 18 13 15 
18 20 11 -18 -22 8 15 21 12 13 18 13 14 2 2 -19 5 13 12 -11 
-4 4 14 22 -13 13 22 22 -15 -4 12 14 -5 3 15 17 22 15 0 11 
5 1 -6 -14 11 1 6 -12 1 -13 10 22 14 -16 12 -4 15 -8 21 -11 
52
1
8 15
11 4
0
0
