20 20
2 12 20 9 0 -27 25 1 28 16 17 1 2 -26 14 13 -9 13 19 2 
24 -7 13 16 10 14 20 2 21 -5 22 -22 17 25 18 -16 -3 -6 19 -27 
4 5 2 -22 28 16 21 10 11 23 -27 30 -16 27 18 28 -6 -28 6 0 
23 -18 19 9 28 8 -28 21 14 -2 -18 30 29 -23 24 9 25 6 0 -15 
19 19 24 0 2 28 -5 -24 18 -5 29 17 20 11 -5 30 -25 -16 27 -5 
2 4 20 26 2 2 30 22 2 7 4 11 -21 -9 4 6 2 17 -30 2 
-9 10 18 -14 8 -14 10 26 -4 17 24 -7 30 22 20 -5 6 27 3 26 
-4 18 4 25 28 11 22 -4 26 -5 23 14 9 21 28 19 -7 12 28 16 
22 20 1 -11 28 18 3 5 -8 2 10 29 -8 25 -26 30 10 26 -24 -30 
-4 19 -5 2 22 29 15 -27 27 22 13 -10 21 -19 -8 7 13 30 4 27 
27 4 30 13 7 -8 -19 21 -10 13 22 27 -27 15 29 22 2 -5 19 -4 
-30 -24 26 10 30 -26 25 -8 29 10 2 -8 5 3 18 28 -11 1 20 22 
16 28 12 -7 19 28 21 9 14 23 -5 26 -4 22 11 28 25 4 18 -4 
26 3 27 6 -5 20 22 30 -7 24 17 -4 26 10 -14 8 -14 18 10 -9 
2 -30 17 2 6 4 -9 -21 11 4 7 2 22 30 2 2 26 20 4 2 
-5 27 -16 -25 30 -5 11 20 17 29 -5 18 -24 -5 28 2 0 24 19 19 
-15 0 6 25 9 24 -23 29 30 -18 -2 14 21 -28 8 28 9 19 -18 23 
0 6 -28 -6 28 18 27 -16 30 -27 23 11 10 21 16 28 -22 2 5 4 
-27 19 -6 -3 -16 18 25 17 -22 22 -5 21 2 20 14 10 16 13 -7 24 
2 19 13 -9 13 14 -26 2 1 17 16 28 1 25 -27 0 9 20 12 2 
92
1
8 14
11 5
0
0
