20 20
-8 -14 5 10 -7 12 4 4 14 -3 1 4 6 12 12 0 9 8 14 -2 
9 13 -10 11 8 3 4 7 5 9 8 -8 8 6 7 11 10 5 14 9 
9 -8 14 12 13 11 12 12 -9 2 3 -2 3 6 5 8 4 -13 1 -14 
11 7 6 -7 6 5 -11 -9 1 4 6 -7 2 10 1 0 0 -6 9 11 
-7 -6 -13 12 13 2 12 5 1 12 14 9 -3 1 9 9 6 0 13 11 
3 11 -2 -13 6 8 -1 -3 9 -9 -6 12 -5 -14 -12 -9 11 1 11 12 
1 11 3 14 9 3 14 11 4 3 5 5 5 11 -9 2 12 -1 -9 10 
1 -4 6 8 7 12 12 10 3 -7 3 -14 2 -12 6 7 11 9 -7 -13 
13 1 -9 6 10 1 -11 -8 -3 6 14 10 7 13 3 10 5 4 14 2 
12 8 12 -1 5 -2 1 1 10 10 -14 12 3 -7 8 11 -5 4 12 14 
14 12 4 -5 11 8 -7 3 12 -14 10 10 1 1 -2 5 -1 12 8 12 
2 14 4 5 10 3 13 7 10 14 6 -3 -8 -11 1 10 6 -9 1 13 
-13 -7 9 11 7 6 -12 2 -14 3 -7 3 10 12 12 7 8 6 -4 1 
10 -9 -1 12 2 -9 11 5 5 5 3 4 11 14 3 9 14 3 11 1 
12 11 1 11 -9 -12 -14 -5 12 -6 -9 9 -3 -1 8 6 -13 -2 11 3 
11 13 0 6 9 9 1 -3 9 14 12 1 5 12 2 13 12 -13 -6 -7 
11 9 -6 0 0 1 10 2 -7 6 4 1 -9 -11 5 6 -7 6 7 11 
-14 1 -13 4 8 5 6 3 -2 3 2 -9 12 12 11 13 12 14 -8 9 
9 14 5 10 11 7 6 8 -8 8 9 5 7 4 3 8 11 -10 13 9 
-2 14 8 9 0 12 12 6 4 1 -3 14 4 4 12 -7 10 5 -14 -8 
198
1
6 2
13 17
0
0
