20 20
-12 20 3 -2 22 5 11 8 12 4 21 9 12 8 -2 10 5 -12 9 -9 
10 11 20 13 17 7 6 -6 -20 20 21 -20 0 22 -6 -4 2 21 13 23 
21 17 6 -17 11 7 12 14 8 2 20 7 8 22 6 16 6 5 -5 6 
7 10 19 -3 12 16 3 -3 13 5 -12 4 1 8 4 22 -16 -14 5 0 
2 1 16 -13 10 19 22 -23 2 14 15 14 11 4 9 2 16 3 13 2 
2 3 23 19 -18 4 6 -18 -16 3 -13 6 8 19 17 10 17 -18 15 2 
16 5 -21 16 15 10 12 14 2 0 9 11 2 0 16 0 -5 12 -20 -2 
3 8 3 7 4 17 22 4 0 -16 12 1 10 11 -17 23 19 18 -11 4 
-12 21 14 -9 9 1 15 -10 19 -11 20 1 -14 10 3 7 3 6 11 20 
12 4 -10 18 -2 4 10 23 9 -9 -19 5 2 -23 17 17 3 16 8 19 
19 8 16 3 17 17 -23 2 5 -19 -9 9 23 10 4 -2 18 -10 4 12 
20 11 6 3 7 3 10 -14 1 20 -11 19 -10 15 1 9 -9 14 21 -12 
4 -11 18 19 23 -17 11 10 1 12 -16 0 4 22 17 4 7 3 8 3 
-2 -20 12 -5 0 16 0 2 11 9 0 2 14 12 10 15 16 -21 5 16 
2 15 -18 17 10 17 19 8 6 -13 3 -16 -18 6 4 -18 19 23 3 2 
2 13 3 16 2 9 4 11 14 15 14 2 -23 22 19 10 -13 16 1 2 
0 5 -14 -16 22 4 8 1 4 -12 5 13 -3 3 16 12 -3 19 10 7 
6 -5 5 6 16 6 22 8 7 20 2 8 14 12 7 11 -17 6 17 21 
23 13 21 2 -4 -6 22 0 -20 21 20 -20 -6 6 7 17 13 20 11 10 
-9 9 -12 5 10 -2 8 12 9 21 4 12 8 11 5 22 -2 3 20 -12 
139
1
3 17
16 2
0
0
