20 20
7 9 3 -5 -14 -2 10 -4 7 1 -5 13 11 9 1 13 11 12 13 1 
4 6 5 -8 -3 4 8 13 -7 -8 13 5 12 -4 14 8 4 12 8 11 
5 13 10 12 6 -9 0 3 11 7 2 7 2 1 14 -12 -9 8 11 -13 
6 8 -13 11 2 -7 2 12 10 9 -8 -2 -10 3 3 -7 13 -3 11 9 
0 11 8 -5 11 12 -2 6 12 12 4 4 4 -1 2 12 9 4 10 -3 
10 3 -11 4 4 -11 1 -7 6 7 10 2 0 1 7 10 2 9 4 8 
14 7 14 2 0 -11 9 12 -3 0 2 12 1 3 0 3 13 3 7 1 
4 -5 4 7 6 -8 4 10 10 4 -7 5 5 0 5 6 4 11 12 5 
9 10 -4 9 8 -4 -7 11 -9 -8 2 -9 8 12 -6 14 8 -10 4 -6 
0 13 -2 -4 7 14 3 12 12 -11 3 7 6 3 12 13 10 10 13 -7 
-7 13 10 10 13 12 3 6 7 3 -11 12 12 3 14 7 -4 -2 13 0 
-6 4 -10 8 14 -6 12 8 -9 2 -8 -9 11 -7 -4 8 9 -4 10 9 
5 12 11 4 6 5 0 5 5 -7 4 10 10 4 -8 6 7 4 -5 4 
1 7 3 13 3 0 3 1 12 2 0 -3 12 9 -11 0 2 14 7 14 
8 4 9 2 10 7 1 0 2 10 7 6 -7 1 -11 4 4 -11 3 10 
-3 10 4 9 12 2 -1 4 4 4 12 12 6 -2 12 11 -5 8 11 0 
9 11 -3 13 -7 3 3 -10 -2 -8 9 10 12 2 -7 2 11 -13 8 6 
-13 11 8 -9 -12 14 1 2 7 2 7 11 3 0 -9 6 12 10 13 5 
11 8 12 4 8 14 -4 12 5 13 -8 -7 13 8 4 -3 -8 5 6 4 
1 13 12 11 13 1 9 11 13 -5 1 7 -4 10 -2 -14 -5 3 9 7 
148
1
19 18
0 1
0
0
