20 20
3 8 13 13 15 12 4 14 -7 -15 0 9 14 14 3 16 9 12 -16 13 
16 -4 9 8 13 -12 15 10 3 -10 6 -5 -14 -11 11 1 -17 17 12 11 
0 -9 16 4 10 2 17 5 10 5 2 -3 13 10 0 1 17 5 17 7 
-1 -5 -9 14 9 8 16 11 17 13 3 17 3 -12 13 4 -17 6 2 14 
10 -13 8 4 -5 17 -5 5 7 0 14 11 3 10 -1 -9 -6 -6 3 17 
12 5 -9 -2 1 5 9 -15 14 -13 16 10 13 -12 15 -5 6 3 6 11 
16 8 13 0 -5 8 4 14 7 7 14 3 5 -4 5 -16 6 8 -8 17 
15 7 9 17 -15 10 13 13 17 0 9 8 15 16 13 10 5 -5 13 14 
-6 10 -15 10 15 0 17 -1 17 16 6 -2 -5 2 -17 -13 -5 17 0 6 
9 9 8 -16 16 17 -16 6 5 -15 12 7 -7 17 16 8 -15 16 9 -17 
-17 9 16 -15 8 16 17 -7 7 12 -15 5 6 -16 17 16 -16 8 9 9 
6 0 17 -5 -13 -17 2 -5 -2 6 16 17 -1 17 0 15 10 -15 10 -6 
14 13 -5 5 10 13 16 15 8 9 0 17 13 13 10 -15 17 9 7 15 
17 -8 8 6 -16 5 -4 5 3 14 7 7 14 4 8 -5 0 13 8 16 
11 6 3 6 -5 15 -12 13 10 16 -13 14 -15 9 5 1 -2 -9 5 12 
17 3 -6 -6 -9 -1 10 3 11 14 0 7 5 -5 17 -5 4 8 -13 10 
14 2 6 -17 4 13 -12 3 17 3 13 17 11 16 8 9 14 -9 -5 -1 
7 17 5 17 1 0 10 13 -3 2 5 10 5 17 2 10 4 16 -9 0 
11 12 17 -17 1 11 -11 -14 -5 6 -10 3 10 15 -12 13 8 9 -4 16 
13 -16 12 9 16 3 14 14 9 0 -15 -7 14 4 12 15 13 13 8 3 
97
1
12 11
7 8
0
0
