20 20
19 1 21 19 5 2 4 2 -2 -22 -23 23 2 26 22 3 1 23 16 19 
12 19 8 9 24 26 27 13 -17 13 12 14 28 12 -20 -22 21 17 16 1 
4 28 10 15 21 13 -20 8 -20 2 20 23 7 24 3 12 2 28 0 9 
4 -26 9 21 27 -6 23 27 24 7 -17 4 -16 -17 7 10 20 5 0 10 
6 21 10 23 11 17 11 25 23 10 1 3 5 22 19 21 -9 12 24 20 
21 8 14 8 4 15 22 17 17 8 7 24 9 11 -6 18 20 12 20 23 
14 15 5 18 -27 28 21 26 20 3 28 3 13 -14 5 15 -19 -7 17 24 
-4 -17 17 19 15 16 22 23 -7 2 12 -6 21 17 28 25 24 14 -28 9 
0 5 0 -27 26 -8 -4 -28 -28 -28 4 14 22 -24 16 21 2 9 -13 20 
-27 6 -1 24 0 -8 14 2 12 24 5 -11 19 -6 2 28 9 -15 5 -6 
-6 5 -15 9 28 2 -6 19 -11 5 24 12 2 14 -8 0 24 -1 6 -27 
20 -13 9 2 21 16 -24 22 14 4 -28 -28 -28 -4 -8 26 -27 0 5 0 
9 -28 14 24 25 28 17 21 -6 12 2 -7 23 22 16 15 19 17 -17 -4 
24 17 -7 -19 15 5 -14 13 3 28 3 20 26 21 28 -27 18 5 15 14 
23 20 12 20 18 -6 11 9 24 7 8 17 17 22 15 4 8 14 8 21 
20 24 12 -9 21 19 22 5 3 1 10 23 25 11 17 11 23 10 21 6 
10 0 5 20 10 7 -17 -16 4 -17 7 24 27 23 -6 27 21 9 -26 4 
9 0 28 2 12 3 24 7 23 20 2 -20 8 -20 13 21 15 10 28 4 
1 16 17 21 -22 -20 12 28 14 12 13 -17 13 27 26 24 9 8 19 12 
19 16 23 1 3 22 26 2 23 -23 -22 -2 2 4 2 5 19 21 1 19 
180
1
4 11
15 8
0
0
