20 20
17 -14 5 9 14 -1 5 6 -20 12 18 22 -6 -12 20 0 2 4 22 -15 
-2 6 29 19 -14 3 -24 -29 -2 27 -9 -6 21 27 8 29 19 25 11 5 
18 7 27 23 17 25 7 14 -29 27 0 -22 22 0 11 -4 -7 25 8 5 
15 14 22 -10 5 16 12 4 -5 10 24 -16 14 22 25 -3 23 15 22 -11 
6 -2 20 27 16 7 -8 28 26 23 1 25 20 -28 -13 21 18 -18 6 -1 
26 21 14 8 29 26 10 22 21 9 17 20 11 11 12 9 0 25 16 -21 
-16 27 6 -28 9 -16 16 9 16 23 -18 -2 18 26 -20 15 18 26 2 9 
-23 11 24 -5 28 24 9 10 25 -28 12 -20 12 2 -12 29 2 -4 7 13 
-14 -15 6 -2 19 11 20 17 16 23 -17 26 -1 -16 -19 1 -24 -12 11 -1 
11 12 28 11 18 8 4 -20 4 21 20 27 -25 22 -27 8 0 27 -16 7 
7 -16 27 0 8 -27 22 -25 27 20 21 4 -20 4 8 18 11 28 12 11 
-1 11 -12 -24 1 -19 -16 -1 26 -17 23 16 17 20 11 19 -2 6 -15 -14 
13 7 -4 2 29 -12 2 12 -20 12 -28 25 10 9 24 28 -5 24 11 -23 
9 2 26 18 15 -20 26 18 -2 -18 23 16 9 16 -16 9 -28 6 27 -16 
-21 16 25 0 9 12 11 11 20 17 9 21 22 10 26 29 8 14 21 26 
-1 6 -18 18 21 -13 -28 20 25 1 23 26 28 -8 7 16 27 20 -2 6 
-11 22 15 23 -3 25 22 14 -16 24 10 -5 4 12 16 5 -10 22 14 15 
5 8 25 -7 -4 11 0 22 -22 0 27 -29 14 7 25 17 23 27 7 18 
5 11 25 19 29 8 27 21 -6 -9 27 -2 -29 -24 3 -14 19 29 6 -2 
-15 22 4 2 0 20 -12 -6 22 18 12 -20 6 5 -1 14 9 5 -14 17 
74
1
17 4
2 15
0
0
