20 20
17 -8 18 -6 11 17 -9 3 14 5 18 18 16 0 12 17 9 -6 12 11 
9 2 11 -1 0 6 -1 5 -14 2 -16 3 14 3 16 12 4 17 14 11 
10 13 8 2 17 1 15 0 4 6 0 -10 16 -15 15 5 16 -8 17 6 
-2 8 5 9 12 8 -13 3 -8 13 17 -4 11 11 5 2 11 1 1 14 
8 13 10 8 5 -2 4 -10 7 15 6 -15 16 -7 17 2 7 -12 17 17 
11 10 13 0 -12 6 10 9 11 14 13 9 18 -12 -4 3 18 -17 -2 16 
-2 13 -5 6 -4 11 12 13 17 4 -5 3 5 0 -3 18 9 3 4 -11 
-13 2 17 9 11 -5 -15 12 0 -6 2 -8 9 4 11 10 15 7 14 7 
14 16 1 3 13 6 18 -1 17 10 6 7 18 7 10 0 -14 11 2 14 
6 5 17 15 11 3 9 -7 4 17 14 -5 15 5 2 5 10 -6 13 -5 
-5 13 -6 10 5 2 5 15 -5 14 17 4 -7 9 3 11 15 17 5 6 
14 2 11 -14 0 10 7 18 7 6 10 17 -1 18 6 13 3 1 16 14 
7 14 7 15 10 11 4 9 -8 2 -6 0 12 -15 -5 11 9 17 2 -13 
-11 4 3 9 18 -3 0 5 3 -5 4 17 13 12 11 -4 6 -5 13 -2 
16 -2 -17 18 3 -4 -12 18 9 13 14 11 9 10 6 -12 0 13 10 11 
17 17 -12 7 2 17 -7 16 -15 6 15 7 -10 4 -2 5 8 10 13 8 
14 1 1 11 2 5 11 11 -4 17 13 -8 3 -13 8 12 9 5 8 -2 
6 17 -8 16 5 15 -15 16 -10 0 6 4 0 15 1 17 2 8 13 10 
11 14 17 4 12 16 3 14 3 -16 2 -14 5 -1 6 0 -1 11 2 9 
11 12 -6 9 17 12 0 16 18 18 5 14 3 -9 17 11 -6 18 -8 17 
115
1
7 13
12 6
0
0
