20 20
-2 9 -2 7 4 6 6 2 -3 -7 7 -2 8 6 -3 -2 8 -10 6 3 
5 4 8 3 -6 10 4 1 10 7 -5 8 6 -2 3 2 9 -5 7 8 
7 10 3 6 6 7 6 -8 6 5 6 1 9 6 1 10 7 4 1 -6 
11 -2 5 11 1 11 7 11 9 8 1 11 6 -1 -2 7 0 6 3 9 
3 -11 7 6 5 4 6 3 2 1 -3 3 3 10 2 8 6 5 11 6 
3 -2 -3 -2 11 -1 -1 9 9 -1 2 8 9 1 5 4 9 6 -6 9 
1 9 -2 10 7 7 4 11 -7 7 3 10 0 -9 7 4 5 -10 10 -3 
5 -8 11 11 -10 6 2 2 2 -4 -10 9 8 3 8 7 1 4 5 8 
2 1 -4 6 3 -10 3 0 -6 -10 -3 0 10 9 5 11 3 3 2 5 
0 3 1 9 -9 9 1 4 -2 7 0 6 10 2 4 0 -5 -1 2 0 
0 2 -1 -5 0 4 2 10 6 0 7 -2 4 1 9 -9 9 1 3 0 
5 2 3 3 11 5 9 10 0 -3 -10 -6 0 3 -10 3 6 -4 1 2 
8 5 4 1 7 8 3 8 9 -10 -4 2 2 2 6 -10 11 11 -8 5 
-3 10 -10 5 4 7 -9 0 10 3 7 -7 11 4 7 7 10 -2 9 1 
9 -6 6 9 4 5 1 9 8 2 -1 9 9 -1 -1 11 -2 -3 -2 3 
6 11 5 6 8 2 10 3 3 -3 1 2 3 6 4 5 6 7 -11 3 
9 3 6 0 7 -2 -1 6 11 1 8 9 11 7 11 1 11 5 -2 11 
-6 1 4 7 10 1 6 9 1 6 5 6 -8 6 7 6 6 3 10 7 
8 7 -5 9 2 3 -2 6 8 -5 7 10 1 4 10 -6 3 8 4 5 
3 6 -10 8 -2 -3 6 8 -2 7 -7 -3 2 6 6 4 7 -2 9 -2 
98
1
5 4
14 15
0
0
