20 20
17 0 15 10 -6 15 -8 16 16 12 24 8 15 5 18 7 19 15 -8 11 
-14 12 1 5 9 -21 5 3 13 -1 8 22 8 -14 17 10 9 10 1 14 
14 -11 2 6 4 1 11 -22 16 18 0 8 12 13 3 17 5 9 17 15 
10 14 -4 16 13 11 15 -20 23 6 -2 21 7 1 16 10 21 -17 -17 20 
4 22 -21 8 -21 16 6 4 12 -13 -12 -20 20 6 6 -24 16 -9 22 19 
18 12 22 6 3 21 23 23 11 21 16 7 -21 11 11 17 18 20 5 16 
-17 -8 1 -4 -13 11 -8 -2 12 13 14 20 18 1 16 20 14 -6 -6 14 
8 -20 14 -6 22 -15 17 -23 10 21 -24 21 -16 -15 0 -20 24 -7 5 16 
-10 24 7 12 5 4 24 11 -20 23 3 6 -9 15 7 24 6 13 22 23 
4 -21 -18 2 1 -1 0 10 4 22 15 8 3 -18 10 1 -14 2 -23 3 
3 -23 2 -14 1 10 -18 3 8 15 22 4 10 0 -1 1 2 -18 -21 4 
23 22 13 6 24 7 15 -9 6 3 23 -20 11 24 4 5 12 7 24 -10 
16 5 -7 24 -20 0 -15 -16 21 -24 21 10 -23 17 -15 22 -6 14 -20 8 
14 -6 -6 14 20 16 1 18 20 14 13 12 -2 -8 11 -13 -4 1 -8 -17 
16 5 20 18 17 11 11 -21 7 16 21 11 23 23 21 3 6 22 12 18 
19 22 -9 16 -24 6 6 20 -20 -12 -13 12 4 6 16 -21 8 -21 22 4 
20 -17 -17 21 10 16 1 7 21 -2 6 23 -20 15 11 13 16 -4 14 10 
15 17 9 5 17 3 13 12 8 0 18 16 -22 11 1 4 6 2 -11 14 
14 1 10 9 10 17 -14 8 22 8 -1 13 3 5 -21 9 5 1 12 -14 
11 -8 15 19 7 18 5 15 8 24 12 16 16 -8 15 -6 10 15 0 17 
177
1
3 14
16 5
0
0
