20 20
4 2 20 4 10 1 1 16 4 -9 16 0 13 2 10 16 13 18 6 5 
20 21 9 5 1 13 -17 -16 20 18 -10 15 8 -20 9 7 -4 14 4 6 
14 -11 8 -10 15 19 8 22 20 9 14 1 14 -14 19 2 20 9 3 22 
9 20 19 -11 18 4 2 4 -19 20 22 11 6 20 8 -9 17 1 -8 10 
3 18 22 5 14 -19 14 13 21 5 5 7 22 11 15 6 3 -1 6 8 
1 -15 2 5 16 12 5 -4 15 -9 4 16 14 6 22 8 14 11 2 8 
-3 9 4 7 -5 20 7 17 15 19 19 15 -7 -10 5 -19 0 9 6 -5 
-12 21 0 17 -6 15 5 -20 10 -5 15 -4 -11 6 14 -14 9 7 20 10 
9 12 7 -18 -19 5 11 -1 13 22 -17 3 7 12 16 0 12 14 -22 -5 
10 11 3 11 8 21 7 21 2 6 16 10 -15 5 6 -12 20 10 21 12 
12 21 10 20 -12 6 5 -15 10 16 6 2 21 7 21 8 11 3 11 10 
-5 -22 14 12 0 16 12 7 3 -17 22 13 -1 11 5 -19 -18 7 12 9 
10 20 7 9 -14 14 6 -11 -4 15 -5 10 -20 5 15 -6 17 0 21 -12 
-5 6 9 0 -19 5 -10 -7 15 19 19 15 17 7 20 -5 7 4 9 -3 
8 2 11 14 8 22 6 14 16 4 -9 15 -4 5 12 16 5 2 -15 1 
8 6 -1 3 6 15 11 22 7 5 5 21 13 14 -19 14 5 22 18 3 
10 -8 1 17 -9 8 20 6 11 22 20 -19 4 2 4 18 -11 19 20 9 
22 3 9 20 2 19 -14 14 1 14 9 20 22 8 19 15 -10 8 -11 14 
6 4 14 -4 7 9 -20 8 15 -10 18 20 -16 -17 13 1 5 9 21 20 
5 6 18 13 16 10 2 13 0 16 -9 4 16 1 1 10 4 20 2 4 
38
1
4 13
15 6
0
0
