20 20
4 9 12 14 4 20 2 -3 13 12 -17 8 13 0 14 20 5 19 -4 18 
8 4 11 6 19 19 13 5 3 5 12 13 6 10 20 -19 19 3 5 7 
20 -20 -14 -16 10 6 6 8 18 -9 1 -17 18 -5 19 8 7 18 -9 4 
8 6 16 17 15 3 5 18 11 20 -6 -8 -10 5 11 7 -10 8 -1 19 
5 17 -1 3 3 0 20 18 -7 6 3 2 17 -3 6 3 9 2 5 12 
-19 4 -4 8 -10 -9 14 -5 2 12 20 -17 15 1 -5 12 0 4 5 10 
20 12 0 -18 10 -18 14 16 19 16 5 15 11 4 9 19 7 -11 2 1 
18 -14 -2 19 1 -12 2 5 17 -13 12 -2 13 11 -9 -3 12 1 6 2 
-19 5 4 -20 2 2 8 7 15 5 -12 8 -2 -11 7 3 -9 7 16 3 
18 20 15 8 8 -4 0 10 5 15 20 6 -15 1 5 13 12 9 -15 -19 
-19 -15 9 12 13 5 1 -15 6 20 15 5 10 0 -4 8 8 15 20 18 
3 16 7 -9 3 7 -11 -2 8 -12 5 15 7 8 2 2 -20 4 5 -19 
2 6 1 12 -3 -9 11 13 -2 12 -13 17 5 2 -12 1 19 -2 -14 18 
1 2 -11 7 19 9 4 11 15 5 16 19 16 14 -18 10 -18 0 12 20 
10 5 4 0 12 -5 1 15 -17 20 12 2 -5 14 -9 -10 8 -4 4 -19 
12 5 2 9 3 6 -3 17 2 3 6 -7 18 20 0 3 3 -1 17 5 
19 -1 8 -10 7 11 5 -10 -8 -6 20 11 18 5 3 15 17 16 6 8 
4 -9 18 7 8 19 -5 18 -17 1 -9 18 8 6 6 10 -16 -14 -20 20 
7 5 3 19 -19 20 10 6 13 12 5 3 5 13 19 19 6 11 4 8 
18 -4 19 5 20 14 0 13 8 -17 12 13 -3 2 20 4 14 12 9 4 
183
1
11 5
8 14
0
0
