20 20
25 29 28 -17 -12 1 29 4 23 -24 -11 -27 -22 0 16 -4 17 15 12 6 
19 21 16 -25 -2 26 27 10 19 24 19 27 14 1 5 29 -20 8 5 0 
25 9 -30 -26 2 24 -13 -30 19 -7 -22 -14 2 14 19 4 8 7 -24 10 
25 -27 -23 29 19 11 6 18 0 24 -19 -17 -13 7 16 -27 25 -11 0 1 
8 21 23 -3 12 6 -17 16 3 5 15 28 23 -6 -11 14 6 22 2 -20 
7 12 -6 -25 -15 -26 12 26 -6 5 17 -15 26 -14 24 21 9 -29 -18 13 
16 17 16 -9 26 18 14 19 4 5 4 10 19 -27 9 1 9 5 -27 21 
22 22 18 5 2 -2 9 -30 -10 22 7 25 6 30 0 7 13 27 30 -27 
5 28 29 15 22 7 27 6 23 17 4 13 25 7 3 30 24 5 -23 29 
1 0 -1 -19 22 -10 26 -15 25 -21 -2 14 -12 22 24 -17 -26 1 -1 -6 
-6 -1 1 -26 -17 24 22 -12 14 -2 -21 25 -15 26 -10 22 -19 -1 0 1 
29 -23 5 24 30 3 7 25 13 4 17 23 6 27 7 22 15 29 28 5 
-27 30 27 13 7 0 30 6 25 7 22 -10 -30 9 -2 2 5 18 22 22 
21 -27 5 9 1 9 -27 19 10 4 5 4 19 14 18 26 -9 16 17 16 
13 -18 -29 9 21 24 -14 26 -15 17 5 -6 26 12 -26 -15 -25 -6 12 7 
-20 2 22 6 14 -11 -6 23 28 15 5 3 16 -17 6 12 -3 23 21 8 
1 0 -11 25 -27 16 7 -13 -17 -19 24 0 18 6 11 19 29 -23 -27 25 
10 -24 7 8 4 19 14 2 -14 -22 -7 19 -30 -13 24 2 -26 -30 9 25 
0 5 8 -20 29 5 1 14 27 19 24 19 10 27 26 -2 -25 16 21 19 
6 12 15 17 -4 16 0 -22 -27 -11 -24 23 4 29 1 -12 -17 28 29 25 
93
1
19 17
0 2
0
0
