20 20
19 12 6 2 12 6 8 4 2 3 -18 19 -5 -6 -20 12 -17 9 19 9 
-13 16 15 12 1 15 -3 5 16 -8 12 20 6 -16 -1 12 6 13 8 -15 
6 17 4 20 2 13 5 -17 -3 7 2 15 16 6 -19 17 8 12 2 -13 
8 -10 9 4 6 16 -15 6 4 8 15 12 12 17 17 -1 19 1 4 -12 
12 12 11 9 13 -5 2 7 10 4 -9 2 15 17 8 1 19 -16 6 1 
17 9 -17 12 4 10 -11 -7 14 3 7 19 4 18 -15 2 19 8 1 8 
-16 10 18 11 16 19 7 11 -19 12 19 7 1 16 1 1 -6 12 18 -19 
-13 -15 0 -9 15 14 10 -12 -8 13 7 12 17 8 2 4 14 14 19 -19 
-18 10 3 -2 -7 -16 17 -16 -14 10 8 18 -17 4 -5 9 17 2 -6 19 
19 18 6 -12 5 15 12 2 19 15 15 9 4 4 12 17 -16 -3 11 -5 
-5 11 -3 -16 17 12 4 4 9 15 15 19 2 12 15 5 -12 6 18 19 
19 -6 2 17 9 -5 4 -17 18 8 10 -14 -16 17 -16 -7 -2 3 10 -18 
-19 19 14 14 4 2 8 17 12 7 13 -8 -12 10 14 15 -9 0 -15 -13 
-19 18 12 -6 1 1 16 1 7 19 12 -19 11 7 19 16 11 18 10 -16 
8 1 8 19 2 -15 18 4 19 7 3 14 -7 -11 10 4 12 -17 9 17 
1 6 -16 19 1 8 17 15 2 -9 4 10 7 2 -5 13 9 11 12 12 
-12 4 1 19 -1 17 17 12 12 15 8 4 6 -15 16 6 4 9 -10 8 
-13 2 12 8 17 -19 6 16 15 2 7 -3 -17 5 13 2 20 4 17 6 
-15 8 13 6 12 -1 -16 6 20 12 -8 16 5 -3 15 1 12 15 16 -13 
9 19 9 -17 12 -20 -6 -5 19 -18 3 2 4 8 6 12 2 6 12 19 
95
1
15 1
4 18
0
0
