20 20
18 11 26 24 -21 -30 6 20 -3 25 24 28 8 26 17 9 18 -26 -8 14 
-1 -26 -12 27 29 11 0 25 -8 9 21 -17 19 5 -17 20 -3 8 26 30 
10 20 7 24 -27 -13 13 30 27 4 -27 25 22 21 10 3 16 5 15 10 
20 24 2 -15 9 11 -26 13 20 16 16 9 7 -27 -24 10 -11 16 5 16 
11 -20 -11 3 12 -19 -2 19 -2 17 21 11 8 -8 13 7 -5 27 2 19 
-1 19 7 -25 6 9 -7 10 28 14 -27 28 14 -8 4 11 0 -16 4 -25 
18 -5 30 1 7 -28 24 5 29 12 -27 -19 11 30 -8 10 16 27 15 -22 
12 -16 21 15 16 27 -4 22 30 -19 11 3 1 18 5 18 -5 -28 29 11 
10 26 -19 15 28 10 5 -12 -2 -22 -19 14 21 13 11 19 2 -9 2 4 
13 17 -9 30 5 21 4 9 25 3 7 27 2 -26 28 -26 30 7 24 11 
11 24 7 30 -26 28 -26 2 27 7 3 25 9 4 21 5 30 -9 17 13 
4 2 -9 2 19 11 13 21 14 -19 -22 -2 -12 5 10 28 15 -19 26 10 
11 29 -28 -5 18 5 18 1 3 11 -19 30 22 -4 27 16 15 21 -16 12 
-22 15 27 16 10 -8 30 11 -19 -27 12 29 5 24 -28 7 1 30 -5 18 
-25 4 -16 0 11 4 -8 14 28 -27 14 28 10 -7 9 6 -25 7 19 -1 
19 2 27 -5 7 13 -8 8 11 21 17 -2 19 -2 -19 12 3 -11 -20 11 
16 5 16 -11 10 -24 -27 7 9 16 16 20 13 -26 11 9 -15 2 24 20 
10 15 5 16 3 10 21 22 25 -27 4 27 30 13 -13 -27 24 7 20 10 
30 26 8 -3 20 -17 5 19 -17 21 9 -8 25 0 11 29 27 -12 -26 -1 
14 -8 -26 18 9 17 26 8 28 24 25 -3 20 6 -30 -21 24 26 11 18 
35
1
9 0
10 19
0
0
