20 20
-7 12 -2 8 17 -11 -4 7 -9 20 17 -3 4 0 0 -2 3 18 20 -10 
19 7 20 -1 8 10 -16 17 9 -18 17 2 8 -2 16 12 14 16 20 11 
20 -16 -2 13 17 -1 12 2 16 11 18 0 7 -19 8 -1 15 8 1 17 
8 13 -4 20 -17 12 19 -17 14 7 7 -18 13 17 13 18 19 20 5 9 
17 5 4 11 7 4 -8 11 12 14 3 -2 -7 13 15 19 6 12 11 5 
1 19 -13 11 8 17 2 5 2 17 11 19 -16 14 10 -2 18 0 -15 20 
-8 1 17 16 9 10 3 -5 1 1 -8 -7 5 12 17 2 -20 2 16 5 
-15 1 15 13 10 10 -5 6 14 18 -10 13 -11 15 12 7 12 14 18 4 
-9 -5 -7 20 7 -18 -17 -7 -15 17 17 4 18 3 16 -19 7 -4 -5 -18 
-20 16 -1 8 6 -14 -18 12 10 18 1 -16 -19 11 -17 -16 16 5 -20 -3 
-3 -20 5 16 -16 -17 11 -19 -16 1 18 10 12 -18 -14 6 8 -1 16 -20 
-18 -5 -4 7 -19 16 3 18 4 17 17 -15 -7 -17 -18 7 20 -7 -5 -9 
4 18 14 12 7 12 15 -11 13 -10 18 14 6 -5 10 10 13 15 1 -15 
5 16 2 -20 2 17 12 5 -7 -8 1 1 -5 3 10 9 16 17 1 -8 
20 -15 0 18 -2 10 14 -16 19 11 17 2 5 2 17 8 11 -13 19 1 
5 11 12 6 19 15 13 -7 -2 3 14 12 11 -8 4 7 11 4 5 17 
9 5 20 19 18 13 17 13 -18 7 7 14 -17 19 12 -17 20 -4 13 8 
17 1 8 15 -1 8 -19 7 0 18 11 16 2 12 -1 17 13 -2 -16 20 
11 20 16 14 12 16 -2 8 2 17 -18 9 17 -16 10 8 -1 20 7 19 
-10 20 18 3 -2 0 0 4 -3 17 20 -9 7 -4 -11 17 8 -2 12 -7 
127
1
1 8
18 11
0
0
