20 20
17 26 -17 23 13 24 -24 8 3 27 22 -10 24 8 11 4 27 25 27 -14 
7 -8 6 8 21 2 27 27 26 -6 27 -3 9 -29 5 26 -21 2 4 3 
20 22 16 20 16 -15 27 -13 26 24 2 -17 3 5 20 -14 22 18 3 28 
28 -14 22 -26 1 4 4 -5 10 11 17 24 12 18 8 -5 1 26 14 -6 
9 1 24 20 11 3 29 7 25 1 11 27 4 4 8 5 1 -18 28 21 
3 7 7 -26 4 24 17 1 26 4 12 12 17 21 16 20 24 19 22 1 
-16 20 -5 -28 27 17 16 1 6 7 22 -8 -12 19 29 16 22 28 2 27 
-18 12 10 -2 1 23 18 18 -16 -10 21 18 0 -18 20 27 -25 25 28 -15 
13 3 7 12 -4 0 18 -21 25 -22 14 10 1 9 -22 11 -14 13 9 10 
2 20 18 11 -26 1 7 18 6 24 17 29 1 -18 -25 9 19 28 0 -26 
-26 0 28 19 9 -25 -18 1 29 17 24 6 18 7 1 -26 11 18 20 2 
10 9 13 -14 11 -22 9 1 10 14 -22 25 -21 18 0 -4 12 7 3 13 
-15 28 25 -25 27 20 -18 0 18 21 -10 -16 18 18 23 1 -2 10 12 -18 
27 2 28 22 16 29 19 -12 -8 22 7 6 1 16 17 27 -28 -5 20 -16 
1 22 19 24 20 16 21 17 12 12 4 26 1 17 24 4 -26 7 7 3 
21 28 -18 1 5 8 4 4 27 11 1 25 7 29 3 11 20 24 1 9 
-6 14 26 1 -5 8 18 12 24 17 11 10 -5 4 4 1 -26 22 -14 28 
28 3 18 22 -14 20 5 3 -17 2 24 26 -13 27 -15 16 20 16 22 20 
3 4 2 -21 26 5 -29 9 -3 27 -6 26 27 27 2 21 8 6 -8 7 
-14 27 25 27 4 11 8 24 -10 22 27 3 8 -24 24 13 23 -17 26 17 
60
1
14 19
5 0
0
0
