20 20
2 6 -9 4 1 -8 -2 3 10 -4 8 6 -7 9 -4 4 5 8 6 1 
9 -9 2 9 4 -10 11 6 11 6 5 5 1 9 11 8 -11 7 -3 10 
3 9 -5 -10 6 9 2 -2 10 9 6 5 -7 8 3 3 9 -2 6 11 
5 6 7 8 10 3 9 11 11 4 1 -4 1 -10 3 9 6 -9 5 1 
-11 -9 -11 2 5 1 9 1 1 2 2 4 4 6 2 5 2 -10 8 8 
10 6 -1 5 10 1 -6 5 -3 5 -3 -7 7 11 3 11 8 -2 11 8 
2 3 -1 -10 -8 4 11 1 -9 -6 2 11 -9 6 -9 0 6 3 8 2 
0 0 8 -11 6 -5 -1 7 0 -9 7 9 2 8 9 2 9 -2 -4 3 
-9 1 -9 -6 5 0 5 3 1 -5 9 8 -11 -2 8 9 1 4 -1 -5 
1 2 11 6 1 10 8 2 0 11 0 9 6 -11 8 -8 1 11 -1 10 
10 -1 11 1 -8 8 -11 6 9 0 11 0 2 8 10 1 6 11 2 1 
-5 -1 4 1 9 8 -2 -11 8 9 -5 1 3 5 0 5 -6 -9 1 -9 
3 -4 -2 9 2 9 8 2 9 7 -9 0 7 -1 -5 6 -11 8 0 0 
2 8 3 6 0 -9 6 -9 11 2 -6 -9 1 11 4 -8 -10 -1 3 2 
8 11 -2 8 11 3 11 7 -7 -3 5 -3 5 -6 1 10 5 -1 6 10 
8 8 -10 2 5 2 6 4 4 2 2 1 1 9 1 5 2 -11 -9 -11 
1 5 -9 6 9 3 -10 1 -4 1 4 11 11 9 3 10 8 7 6 5 
11 6 -2 9 3 3 8 -7 5 6 9 10 -2 2 9 6 -10 -5 9 3 
10 -3 7 -11 8 11 9 1 5 5 6 11 6 11 -10 4 9 2 -9 9 
1 6 8 5 4 -4 9 -7 6 8 -4 10 3 -2 -8 1 4 -9 6 2 
83
1
12 14
7 5
0
0
