20 20
22 21 -10 -24 5 8 15 -2 11 -13 14 17 1 0 18 -6 3 -9 15 10 
24 2 2 26 25 23 21 7 -19 22 24 19 4 2 -12 22 8 13 26 0 
-5 2 18 7 -10 13 -3 -9 10 11 12 15 16 -16 9 -23 0 15 17 21 
9 14 -23 11 25 14 5 8 -1 21 1 26 6 15 2 22 3 26 13 22 
18 10 0 23 -24 25 3 21 5 3 -13 3 17 16 19 0 -7 26 20 0 
5 24 26 20 3 15 10 -2 23 7 -25 -11 24 12 14 8 7 15 -17 25 
20 20 4 13 10 15 8 3 9 -22 1 -5 4 16 -5 20 15 19 2 16 
13 21 15 0 20 19 0 -14 -10 18 5 8 3 3 9 5 -21 3 -4 16 
15 4 -1 10 -20 6 14 23 -6 3 -21 11 21 22 24 22 18 1 18 6 
18 14 19 1 22 8 -16 8 24 19 11 -21 -2 -1 15 -8 4 4 8 4 
4 8 4 4 -8 15 -1 -2 -21 11 19 24 8 -16 8 22 1 19 14 18 
6 18 1 18 22 24 22 21 11 -21 3 -6 23 14 6 -20 10 -1 4 15 
16 -4 3 -21 5 9 3 3 8 5 18 -10 -14 0 19 20 0 15 21 13 
16 2 19 15 20 -5 16 4 -5 1 -22 9 3 8 15 10 13 4 20 20 
25 -17 15 7 8 14 12 24 -11 -25 7 23 -2 10 15 3 20 26 24 5 
0 20 26 -7 0 19 16 17 3 -13 3 5 21 3 25 -24 23 0 10 18 
22 13 26 3 22 2 15 6 26 1 21 -1 8 5 14 25 11 -23 14 9 
21 17 15 0 -23 9 -16 16 15 12 11 10 -9 -3 13 -10 7 18 2 -5 
0 26 13 8 22 -12 2 4 19 24 22 -19 7 21 23 25 26 2 2 24 
10 15 -9 3 -6 18 0 1 17 14 -13 11 -2 15 8 5 -24 -10 21 22 
72
1
19 2
0 17
0
0
