20 20
-13 -22 -1 -13 3 -15 12 5 15 -7 11 -16 15 14 22 12 19 19 13 -7 
2 0 7 16 23 4 19 16 13 11 -1 -19 13 21 5 8 20 -23 -7 21 
8 1 1 -14 21 11 -10 13 10 -8 -13 -13 -5 -23 1 -19 13 -6 17 23 
21 0 11 19 15 22 -8 -18 22 18 -2 10 6 1 -13 22 11 6 -13 1 
20 -4 9 -9 -7 18 9 -17 5 -5 2 2 -14 2 5 -13 19 16 23 8 
13 18 3 0 -11 15 -10 13 17 15 21 -20 9 17 2 19 13 2 -4 2 
2 19 13 13 18 21 19 15 6 7 18 8 18 21 23 -15 15 5 6 16 
6 17 12 -20 19 12 1 7 1 -8 2 -6 -17 17 1 -6 20 19 13 23 
-17 23 -13 10 16 20 21 11 -20 2 -7 3 3 -10 -20 6 -17 18 -5 11 
3 17 15 -18 17 -12 -23 4 23 13 22 1 17 15 -21 22 7 18 -19 -12 
-12 -19 18 7 22 -21 15 17 1 22 13 23 4 -23 -12 17 -18 15 17 3 
11 -5 18 -17 6 -20 -10 3 3 -7 2 -20 11 21 20 16 10 -13 23 -17 
23 13 19 20 -6 1 17 -17 -6 2 -8 1 7 1 12 19 -20 12 17 6 
16 6 5 15 -15 23 21 18 8 18 7 6 15 19 21 18 13 13 19 2 
2 -4 2 13 19 2 17 9 -20 21 15 17 13 -10 15 -11 0 3 18 13 
8 23 16 19 -13 5 2 -14 2 2 -5 5 -17 9 18 -7 -9 9 -4 20 
1 -13 6 11 22 -13 1 6 10 -2 18 22 -18 -8 22 15 19 11 0 21 
23 17 -6 13 -19 1 -23 -5 -13 -13 -8 10 13 -10 11 21 -14 1 1 8 
21 -7 -23 20 8 5 21 13 -19 -1 11 13 16 19 4 23 16 7 0 2 
-7 13 19 19 12 22 14 15 -16 11 -7 15 5 12 -15 3 -13 -1 -22 -13 
88
1
16 11
3 8
0
0
