20 20
14 11 13 -8 -14 -13 5 -2 13 9 -9 0 10 -15 16 9 15 14 8 14 
3 0 -5 8 -7 8 -10 13 -3 16 11 8 9 -3 14 2 13 9 2 1 
6 5 -16 15 12 2 15 11 11 -7 12 12 1 8 8 -8 4 5 16 -11 
7 5 13 1 16 -7 14 6 8 -10 14 2 -3 10 -2 3 9 -12 -15 5 
13 -12 0 8 -6 -3 4 11 0 12 13 -12 16 13 -10 6 9 2 -13 8 
16 -14 -11 -10 3 9 -11 -9 11 3 2 10 -4 -8 2 2 -9 15 14 6 
7 12 -7 5 16 1 -7 1 16 2 0 -16 10 2 -5 14 5 5 3 15 
4 -10 -3 14 15 11 14 12 -2 -6 15 -3 -2 16 -8 -11 10 6 11 11 
-13 -7 3 15 10 12 -3 -12 4 -9 -12 -4 4 -15 15 9 15 15 -3 2 
7 13 9 11 1 5 2 0 10 1 7 -11 16 14 11 10 -10 2 3 8 
8 3 2 -10 10 11 14 16 -11 7 1 10 0 2 5 1 11 9 13 7 
2 -3 15 15 9 15 -15 4 -4 -12 -9 4 -12 -3 12 10 15 3 -7 -13 
11 11 6 10 -11 -8 16 -2 -3 15 -6 -2 12 14 11 15 14 -3 -10 4 
15 3 5 5 14 -5 2 10 -16 0 2 16 1 -7 1 16 5 -7 12 7 
6 14 15 -9 2 2 -8 -4 10 2 3 11 -9 -11 9 3 -10 -11 -14 16 
8 -13 2 9 6 -10 13 16 -12 13 12 0 11 4 -3 -6 8 0 -12 13 
5 -15 -12 9 3 -2 10 -3 2 14 -10 8 6 14 -7 16 1 13 5 7 
-11 16 5 4 -8 8 8 1 12 12 -7 11 11 15 2 12 15 -16 5 6 
1 2 9 13 2 14 -3 9 8 11 16 -3 13 -10 8 -7 8 -5 0 3 
14 8 14 15 9 16 -15 10 0 -9 9 13 -2 5 -13 -14 -8 13 11 14 
70
1
2 18
17 1
0
0
