20 20
19 11 21 8 4 11 12 19 11 14 -10 22 18 6 23 16 20 12 5 19 
17 1 -23 2 21 -3 15 13 -19 12 4 14 13 7 -6 5 10 -10 -17 23 
4 9 8 -12 -11 17 9 21 3 23 -19 18 11 10 -10 -12 16 7 -21 -2 
11 9 21 20 17 14 4 13 -5 -3 12 -21 15 2 22 -23 20 -2 0 -19 
-5 -3 20 6 1 23 17 11 18 17 1 16 12 12 -19 -10 13 18 21 19 
1 10 -11 4 -8 -19 0 -15 5 3 23 -8 9 -2 14 12 17 14 21 22 
-4 16 -22 2 20 0 -8 23 20 3 15 0 10 -20 0 22 13 2 19 15 
14 22 -15 19 3 -23 -9 20 23 3 18 19 19 7 6 17 10 -11 6 16 
23 10 23 22 -12 16 19 -16 -3 16 -13 0 15 8 15 -2 20 22 -18 -1 
2 -5 -1 13 -1 -5 -16 17 20 -13 1 5 -2 17 -14 -18 20 7 11 -2 
-2 11 7 20 -18 -14 17 -2 5 1 -13 20 17 -16 -5 -1 13 -1 -5 2 
-1 -18 22 20 -2 15 8 15 0 -13 16 -3 -16 19 16 -12 22 23 10 23 
16 6 -11 10 17 6 7 19 19 18 3 23 20 -9 -23 3 19 -15 22 14 
15 19 2 13 22 0 -20 10 0 15 3 20 23 -8 0 20 2 -22 16 -4 
22 21 14 17 12 14 -2 9 -8 23 3 5 -15 0 -19 -8 4 -11 10 1 
19 21 18 13 -10 -19 12 12 16 1 17 18 11 17 23 1 6 20 -3 -5 
-19 0 -2 20 -23 22 2 15 -21 12 -3 -5 13 4 14 17 20 21 9 11 
-2 -21 7 16 -12 -10 10 11 18 -19 23 3 21 9 17 -11 -12 8 9 4 
23 -17 -10 10 5 -6 7 13 14 4 12 -19 13 15 -3 21 2 -23 1 17 
19 5 12 20 16 23 6 18 22 -10 14 11 19 12 11 4 8 21 11 19 
172
1
16 9
3 10
0
0
