20 20
5 17 9 7 15 -12 11 16 2 15 -14 1 12 -15 -15 3 -5 10 7 1 
15 0 9 14 -9 7 2 8 2 16 2 -19 13 6 15 -16 8 19 10 7 
-3 7 19 15 5 15 -11 5 18 -6 -2 12 16 19 9 19 16 -4 17 -12 
16 -10 12 -15 4 10 13 1 18 -10 1 -2 -18 16 4 1 7 17 -16 14 
-2 10 -19 16 7 6 7 13 9 14 6 -16 2 6 -15 -8 -13 13 -5 4 
-4 8 5 14 13 18 1 11 7 2 -13 19 8 1 -18 11 -14 8 3 -18 
2 16 15 13 12 10 2 2 6 14 -9 7 2 -13 -7 0 17 6 17 4 
1 11 2 -1 11 13 2 -5 6 -3 -19 6 9 -12 8 -14 -18 17 3 -17 
5 0 17 19 11 -6 10 -4 15 -6 14 5 0 3 -16 -12 8 -14 14 -10 
7 8 3 16 -9 13 14 -15 6 19 -1 12 -1 7 15 16 4 -11 16 -1 
-1 16 -11 4 16 15 7 -1 12 -1 19 6 -15 14 13 -9 16 3 8 7 
-10 14 -14 8 -12 -16 3 0 5 14 -6 15 -4 10 -6 11 19 17 0 5 
-17 3 17 -18 -14 8 -12 9 6 -19 -3 6 -5 2 13 11 -1 2 11 1 
4 17 6 17 0 -7 -13 2 7 -9 14 6 2 2 10 12 13 15 16 2 
-18 3 8 -14 11 -18 1 8 19 -13 2 7 11 1 18 13 14 5 8 -4 
4 -5 13 -13 -8 -15 6 2 -16 6 14 9 13 7 6 7 16 -19 10 -2 
14 -16 17 7 1 4 16 -18 -2 1 -10 18 1 13 10 4 -15 12 -10 16 
-12 17 -4 16 19 9 19 16 12 -2 -6 18 5 -11 15 5 15 19 7 -3 
7 10 19 8 -16 15 6 13 -19 2 16 2 8 2 7 -9 14 9 0 15 
1 7 10 -5 3 -15 -15 12 1 -14 15 2 16 11 -12 15 7 9 17 5 
193
1
3 6
16 13
0
0
