20 20
-21 -17 17 6 21 6 -8 0 -20 -13 18 12 -21 8 8 2 -11 16 0 13 
21 -12 0 14 11 13 -2 -2 14 12 8 6 22 1 2 12 11 -13 -17 5 
21 8 -11 -10 20 -11 2 15 5 4 -12 9 10 14 15 4 9 16 11 15 
15 -14 17 -21 17 4 12 6 15 1 6 16 -20 13 19 3 0 21 10 18 
7 10 12 5 9 1 20 15 13 18 1 -13 -7 9 -5 20 10 -6 8 3 
22 14 4 3 -7 15 -10 -21 12 21 11 22 10 -15 -3 8 9 4 16 22 
7 5 1 -7 11 6 21 15 20 9 -14 -19 9 -11 1 4 14 13 19 -19 
8 -6 -21 20 17 8 17 -18 2 18 16 1 -9 9 17 19 -12 -8 10 12 
22 19 1 2 20 12 12 -13 3 19 1 3 0 15 -1 18 7 3 3 8 
18 -3 1 21 14 2 3 15 9 -16 6 -19 21 -12 10 18 19 -6 -2 -20 
-20 -2 -6 19 18 10 -12 21 -19 6 -16 9 15 3 2 14 21 1 -3 18 
8 3 3 7 18 -1 15 0 3 1 19 3 -13 12 12 20 2 1 19 22 
12 10 -8 -12 19 17 9 -9 1 16 18 2 -18 17 8 17 20 -21 -6 8 
-19 19 13 14 4 1 -11 9 -19 -14 9 20 15 21 6 11 -7 1 5 7 
22 16 4 9 8 -3 -15 10 22 11 21 12 -21 -10 15 -7 3 4 14 22 
3 8 -6 10 20 -5 9 -7 -13 1 18 13 15 20 1 9 5 12 10 7 
18 10 21 0 3 19 13 -20 16 6 1 15 6 12 4 17 -21 17 -14 15 
15 11 16 9 4 15 14 10 9 -12 4 5 15 2 -11 20 -10 -11 8 21 
5 -17 -13 11 12 2 1 22 6 8 12 14 -2 -2 13 11 14 0 -12 21 
13 0 16 -11 2 8 8 -21 12 18 -13 -20 0 -8 6 21 6 17 -17 -21 
94
1
16 8
3 11
0
0
