20 20
-22 9 16 12 15 -19 7 25 9 21 9 10 -1 -1 0 7 18 20 23 9 
-10 17 7 6 20 -18 18 20 19 -22 21 -8 -7 10 16 17 1 17 22 -6 
22 13 2 -22 6 13 2 10 -24 -2 20 16 4 7 -10 23 25 0 5 -19 
-12 -15 7 11 5 -3 13 -7 -9 -6 20 -4 4 1 -9 3 12 -14 -7 10 
14 4 17 -23 2 8 6 14 -3 14 15 5 -4 -11 3 -4 24 13 4 -12 
16 21 3 -4 -4 25 -25 12 3 6 18 11 -7 20 3 2 6 -23 4 -8 
21 9 3 5 21 1 20 25 23 6 24 13 12 24 16 13 12 0 25 1 
20 15 7 7 19 -10 22 16 4 -1 11 3 -14 -20 21 0 16 -15 -4 17 
2 0 21 13 3 -19 -8 24 14 13 9 -15 4 -10 7 9 -9 14 1 16 
-20 6 -16 24 -17 13 16 -10 -17 10 8 -14 5 11 21 21 1 18 6 20 
20 6 18 1 21 21 11 5 -14 8 10 -17 -10 16 13 -17 24 -16 6 -20 
16 1 14 -9 9 7 -10 4 -15 9 13 14 24 -8 -19 3 13 21 0 2 
17 -4 -15 16 0 21 -20 -14 3 11 -1 4 16 22 -10 19 7 7 15 20 
1 25 0 12 13 16 24 12 13 24 6 23 25 20 1 21 5 3 9 21 
-8 4 -23 6 2 3 20 -7 11 18 6 3 12 -25 25 -4 -4 3 21 16 
-12 4 13 24 -4 3 -11 -4 5 15 14 -3 14 6 8 2 -23 17 4 14 
10 -7 -14 12 3 -9 1 4 -4 20 -6 -9 -7 13 -3 5 11 7 -15 -12 
-19 5 0 25 23 -10 7 4 16 20 -2 -24 10 2 13 6 -22 2 13 22 
-6 22 17 1 17 16 10 -7 -8 21 -22 19 20 18 -18 20 6 7 17 -10 
9 23 20 18 7 0 -1 -1 10 9 21 9 25 7 -19 15 12 16 9 -22 
82
1
3 7
16 12
0
0
