20 20
-8 4 10 0 10 6 13 7 6 9 7 8 2 2 9 -15 15 3 5 15 
10 -9 6 2 8 0 9 13 1 -15 -13 9 12 -12 -12 7 -7 13 -1 -7 
8 7 9 12 3 -6 7 14 4 -6 6 6 4 -15 15 0 2 1 1 2 
12 -3 9 8 1 0 14 8 3 15 1 10 5 12 2 1 14 1 15 -5 
7 -11 -11 2 4 -6 13 3 15 11 4 12 -10 -6 14 13 -8 -10 -2 7 
12 15 9 2 2 12 1 12 4 7 -8 15 0 2 -12 13 5 -9 11 8 
-9 1 -5 9 7 13 2 10 8 -13 3 11 1 9 1 -15 4 0 0 8 
2 2 13 1 11 -15 7 7 12 14 10 8 -2 2 10 10 -5 13 -11 15 
12 10 0 9 10 -5 -15 1 0 3 14 10 13 1 3 13 -15 -7 14 9 
2 7 8 2 1 14 2 4 13 -14 15 -2 -12 -1 11 12 3 10 11 -7 
-7 11 10 3 12 11 -1 -12 -2 15 -14 13 4 2 14 1 2 8 7 2 
9 14 -7 -15 13 3 1 13 10 14 3 0 1 -15 -5 10 9 0 10 12 
15 -11 13 -5 10 10 2 -2 8 10 14 12 7 7 -15 11 1 13 2 2 
8 0 0 4 -15 1 9 1 11 3 -13 8 10 2 13 7 9 -5 1 -9 
8 11 -9 5 13 -12 2 0 15 -8 7 4 12 1 12 2 2 9 15 12 
7 -2 -10 -8 13 14 -6 -10 12 4 11 15 3 13 -6 4 2 -11 -11 7 
-5 15 1 14 1 2 12 5 10 1 15 3 8 14 0 1 8 9 -3 12 
2 1 1 2 0 15 -15 4 6 6 -6 4 14 7 -6 3 12 9 7 8 
-7 -1 13 -7 7 -12 -12 12 9 -13 -15 1 13 9 0 8 2 6 -9 10 
15 5 3 15 -15 9 2 2 8 7 9 6 7 13 6 10 0 10 4 -8 
60
1
2 0
17 19
0
0
