20 20
0 15 2 7 2 23 3 16 11 3 14 15 15 24 18 12 -13 -12 22 6 
-3 6 4 15 -15 8 20 20 20 22 -15 -5 18 -18 -8 -6 24 13 -11 8 
2 22 19 12 -24 -20 7 13 21 13 -23 8 10 18 13 1 -17 20 24 0 
0 0 4 2 -5 19 14 7 -16 -17 15 -19 -13 3 0 9 11 10 0 -12 
-5 8 5 16 3 24 21 -20 -15 7 11 10 11 19 4 -14 22 -2 15 -9 
5 0 14 23 14 23 24 0 23 13 9 -19 10 17 -7 15 15 18 23 10 
22 23 11 21 12 21 23 -14 13 7 23 -22 19 3 -12 -8 -20 12 -8 19 
20 12 3 8 12 22 4 5 -12 17 -5 -12 15 -24 -15 11 -9 14 -13 10 
22 -16 2 7 10 18 17 7 22 24 -9 -9 18 -16 14 9 15 15 21 -19 
-7 7 15 18 7 0 3 0 12 11 5 2 17 5 6 21 17 18 1 13 
13 1 18 17 21 6 5 17 2 5 11 12 0 3 0 7 18 15 7 -7 
-19 21 15 15 9 14 -16 18 -9 -9 24 22 7 17 18 10 7 2 -16 22 
10 -13 14 -9 11 -15 -24 15 -12 -5 17 -12 5 4 22 12 8 3 12 20 
19 -8 12 -20 -8 -12 3 19 -22 23 7 13 -14 23 21 12 21 11 23 22 
10 23 18 15 15 -7 17 10 -19 9 13 23 0 24 23 14 23 14 0 5 
-9 15 -2 22 -14 4 19 11 10 11 7 -15 -20 21 24 3 16 5 8 -5 
-12 0 10 11 9 0 3 -13 -19 15 -17 -16 7 14 19 -5 2 4 0 0 
0 24 20 -17 1 13 18 10 8 -23 13 21 13 7 -20 -24 12 19 22 2 
8 -11 13 24 -6 -8 -18 18 -5 -15 22 20 20 20 8 -15 15 4 6 -3 
6 22 -12 -13 12 18 24 15 15 14 3 11 16 3 23 2 7 2 15 0 
88
1
17 8
2 11
0
0
