20 20
10 -13 19 6 13 9 20 -8 -15 0 6 10 -1 12 -11 18 18 4 15 3 
-19 8 20 20 3 15 1 14 8 4 -18 -19 -20 -7 3 24 3 6 10 13 
-11 18 -12 5 22 4 -5 -12 1 14 9 20 15 18 0 21 3 18 -5 3 
14 14 -1 22 7 15 21 -23 3 -3 19 -11 22 7 23 18 5 18 -4 -18 
-21 -24 22 18 24 -20 23 21 19 6 -4 4 20 17 14 0 19 19 11 12 
13 5 3 23 -10 19 5 -20 -5 3 6 10 3 0 17 1 -23 10 -12 12 
-6 21 11 -10 -13 6 21 15 12 18 3 4 5 4 1 4 -18 2 11 20 
22 -13 13 7 0 2 20 -5 14 -1 8 8 14 0 18 20 -23 10 -23 17 
16 -24 3 17 8 2 -20 17 15 -16 19 19 3 22 19 18 24 6 11 -8 
24 13 -2 6 11 5 2 0 24 -8 18 24 -11 -6 20 8 11 19 19 18 
18 19 19 11 8 20 -6 -11 24 18 -8 24 0 2 5 11 6 -2 13 24 
-8 11 6 24 18 19 22 3 19 19 -16 15 17 -20 2 8 17 3 -24 16 
17 -23 10 -23 20 18 0 14 8 8 -1 14 -5 20 2 0 7 13 -13 22 
20 11 2 -18 4 1 4 5 4 3 18 12 15 21 6 -13 -10 11 21 -6 
12 -12 10 -23 1 17 0 3 10 6 3 -5 -20 5 19 -10 23 3 5 13 
12 11 19 19 0 14 17 20 4 -4 6 19 21 23 -20 24 18 22 -24 -21 
-18 -4 18 5 18 23 7 22 -11 19 -3 3 -23 21 15 7 22 -1 14 14 
3 -5 18 3 21 0 18 15 20 9 14 1 -12 -5 4 22 5 -12 18 -11 
13 10 6 3 24 3 -7 -20 -19 -18 4 8 14 1 15 3 20 20 8 -19 
3 15 4 18 18 -11 12 -1 10 6 0 -15 -8 20 9 13 6 19 -13 10 
67
1
2 19
17 0
0
0
