20 20
3 2 0 -9 10 -11 -5 9 11 1 6 -12 -15 -13 15 15 3 16 -6 0 
14 17 5 -17 10 -15 -9 6 14 4 15 5 6 16 -17 17 -11 11 -14 14 
7 5 2 -7 17 -11 1 8 8 15 15 0 16 10 1 -9 14 15 10 5 
-2 -13 17 3 17 17 7 15 10 12 -1 12 8 -10 13 -8 -15 12 -7 7 
17 -13 5 8 2 -9 11 14 7 -12 -14 5 12 3 -4 10 13 16 2 8 
2 -3 12 5 6 0 1 17 10 4 4 12 9 -10 -4 6 15 8 11 1 
6 8 2 5 17 14 9 5 10 6 8 3 10 -2 16 13 -8 2 14 -6 
-11 7 -12 15 -3 10 16 -12 6 -15 11 12 13 5 -3 12 -7 -3 4 14 
10 17 5 8 4 16 2 2 11 7 9 7 -11 11 11 13 6 15 14 13 
9 3 -7 -15 1 11 8 10 -6 14 -7 10 2 11 16 0 16 3 7 0 
0 7 3 16 0 16 11 2 10 -7 14 -6 10 8 11 1 -15 -7 3 9 
13 14 15 6 13 11 11 -11 7 9 7 11 2 2 16 4 8 5 17 10 
14 4 -3 -7 12 -3 5 13 12 11 -15 6 -12 16 10 -3 15 -12 7 -11 
-6 14 2 -8 13 16 -2 10 3 8 6 10 5 9 14 17 5 2 8 6 
1 11 8 15 6 -4 -10 9 12 4 4 10 17 1 0 6 5 12 -3 2 
8 2 16 13 10 -4 3 12 5 -14 -12 7 14 11 -9 2 8 5 -13 17 
7 -7 12 -15 -8 13 -10 8 12 -1 12 10 15 7 17 17 3 17 -13 -2 
5 10 15 14 -9 1 10 16 0 15 15 8 8 1 -11 17 -7 2 5 7 
14 -14 11 -11 17 -17 16 6 5 15 4 14 6 -9 -15 10 -17 5 17 14 
0 -6 16 3 15 15 -13 -15 -12 6 1 11 9 -5 -11 10 -9 0 2 3 
192
1
14 16
5 3
0
0
