20 20
25 -18 21 21 13 -8 -22 -14 -30 12 24 14 15 8 18 4 5 18 -18 15 
19 17 -19 9 5 4 1 -15 8 20 24 21 -24 -19 18 -11 23 -19 9 2 
8 -4 20 30 16 16 -11 23 12 -29 15 20 -28 20 6 -21 -25 -19 27 16 
5 17 -5 2 21 16 6 -13 -6 -4 18 19 14 8 9 20 0 10 4 30 
-7 15 28 19 -1 15 18 14 3 -18 23 -3 14 -21 -18 4 -26 2 -8 15 
28 16 5 1 25 -30 13 -20 23 -21 -18 12 -19 -7 -12 30 14 25 14 8 
10 8 -9 1 -24 5 -26 -29 -21 -16 17 1 23 -22 9 25 18 28 -18 4 
2 -16 -19 13 6 -15 7 21 18 1 6 4 17 26 29 29 -3 8 15 -14 
4 29 10 16 28 -5 -29 22 -8 10 -16 10 23 -1 -15 2 2 -18 21 10 
0 20 11 9 20 28 11 21 -14 17 -7 4 7 6 27 11 15 -16 -21 -28 
-28 -21 -16 15 11 27 6 7 4 -7 17 -14 21 11 28 20 9 11 20 0 
10 21 -18 2 2 -15 -1 23 10 -16 10 -8 22 -29 -5 28 16 10 29 4 
-14 15 8 -3 29 29 26 17 4 6 1 18 21 7 -15 6 13 -19 -16 2 
4 -18 28 18 25 9 -22 23 1 17 -16 -21 -29 -26 5 -24 1 -9 8 10 
8 14 25 14 30 -12 -7 -19 12 -18 -21 23 -20 13 -30 25 1 5 16 28 
15 -8 2 -26 4 -18 -21 14 -3 23 -18 3 14 18 15 -1 19 28 15 -7 
30 4 10 0 20 9 8 14 19 18 -4 -6 -13 6 16 21 2 -5 17 5 
16 27 -19 -25 -21 6 20 -28 20 15 -29 12 23 -11 16 16 30 20 -4 8 
2 9 -19 23 -11 18 -19 -24 21 24 20 8 -15 1 4 5 9 -19 17 19 
15 -18 18 5 4 18 8 15 14 24 12 -30 -14 -22 -8 13 21 21 -18 25 
73
1
18 16
1 3
0
0
