20 20
-7 5 23 -12 15 2 2 9 -27 15 23 -26 8 12 11 17 13 8 8 4 
21 5 -29 -29 4 21 14 3 6 23 17 17 14 9 1 14 27 18 28 10 
-20 -11 30 17 20 21 5 25 25 21 -23 18 23 -16 -5 4 25 15 19 -21 
3 6 28 8 -18 2 15 7 21 -5 23 23 26 -12 18 29 19 27 8 22 
-14 8 3 20 1 25 2 4 28 -16 15 24 28 0 24 -16 4 -20 28 7 
28 28 14 15 10 10 -15 -24 1 2 8 1 1 18 23 26 27 -16 30 -20 
16 20 -18 26 7 27 15 -1 11 1 1 5 2 -14 24 30 15 -11 25 30 
-18 21 23 20 18 26 23 27 -20 17 24 5 17 22 20 28 6 15 3 2 
-8 1 2 11 -17 -7 20 29 29 2 17 25 -17 27 10 15 19 22 29 21 
-5 10 7 24 24 12 -23 -3 23 2 13 -30 8 -6 21 7 -3 9 -7 -19 
-19 -7 9 -3 7 21 -6 8 -30 13 2 23 -3 -23 12 24 24 7 10 -5 
21 29 22 19 15 10 27 -17 25 17 2 29 29 20 -7 -17 11 2 1 -8 
2 3 15 6 28 20 22 17 5 24 17 -20 27 23 26 18 20 23 21 -18 
30 25 -11 15 30 24 -14 2 5 1 1 11 -1 15 27 7 26 -18 20 16 
-20 30 -16 27 26 23 18 1 1 8 2 1 -24 -15 10 10 15 14 28 28 
7 28 -20 4 -16 24 0 28 24 15 -16 28 4 2 25 1 20 3 8 -14 
22 8 27 19 29 18 -12 26 23 23 -5 21 7 15 2 -18 8 28 6 3 
-21 19 15 25 4 -5 -16 23 18 -23 21 25 25 5 21 20 17 30 -11 -20 
10 28 18 27 14 1 9 14 17 17 23 6 3 14 21 4 -29 -29 5 21 
4 8 8 13 17 11 12 8 -26 23 15 -27 9 2 2 15 -12 23 5 -7 
128
1
8 16
11 3
0
0
