20 20
10 -24 23 -12 3 3 18 -4 21 14 7 -11 -15 9 9 24 11 -14 12 11 
22 -7 13 9 17 7 12 -3 3 -22 11 14 5 23 8 1 -24 2 4 14 
0 15 4 2 18 22 16 5 23 15 2 12 14 21 8 2 21 -12 5 -17 
-16 7 5 17 9 4 24 3 -10 7 1 3 11 19 11 16 18 7 8 24 
2 -2 -2 -3 -9 22 13 -5 16 -19 22 3 22 -20 10 -16 16 13 20 11 
21 -2 5 18 19 4 9 5 20 -23 18 23 24 6 -23 23 -20 19 16 7 
17 9 11 1 18 9 -8 7 -15 -22 -19 14 -20 4 21 -24 17 8 2 22 
17 -1 0 -8 23 9 15 16 11 -13 4 -18 2 2 -10 16 24 -3 23 8 
4 2 18 -2 17 23 14 20 5 15 0 11 -13 13 22 -4 -23 23 5 17 
13 22 -8 7 7 19 5 -16 15 22 8 -21 -6 -9 1 4 23 16 1 15 
15 1 16 23 4 1 -9 -6 -21 8 22 15 -16 5 19 7 7 -8 22 13 
17 5 23 -23 -4 22 13 -13 11 0 15 5 20 14 23 17 -2 18 2 4 
8 23 -3 24 16 -10 2 2 -18 4 -13 11 16 15 9 23 -8 0 -1 17 
22 2 8 17 -24 21 4 -20 14 -19 -22 -15 7 -8 9 18 1 11 9 17 
7 16 19 -20 23 -23 6 24 23 18 -23 20 5 9 4 19 18 5 -2 21 
11 20 13 16 -16 10 -20 22 3 22 -19 16 -5 13 22 -9 -3 -2 -2 2 
24 8 7 18 16 11 19 11 3 1 7 -10 3 24 4 9 17 5 7 -16 
-17 5 -12 21 2 8 21 14 12 2 15 23 5 16 22 18 2 4 15 0 
14 4 2 -24 1 8 23 5 14 11 -22 3 -3 12 7 17 9 13 -7 22 
11 12 -14 11 24 9 9 -15 -11 7 14 21 -4 18 3 3 -12 23 -24 10 
174
1
19 5
0 14
0
0
