20 20
-11 -4 13 9 24 -6 7 16 -7 14 9 19 -6 18 -15 18 3 16 24 -21 
-5 -1 12 19 -1 14 8 -15 10 4 9 23 -24 -4 -23 4 6 11 -20 17 
-12 -7 16 8 7 -15 -24 5 11 -14 -3 16 3 -11 11 23 20 22 7 23 
6 13 2 -22 3 22 -21 8 24 8 11 10 5 21 15 -23 19 15 7 17 
14 14 22 7 -16 16 -24 16 7 6 -4 9 -12 18 16 16 -21 1 10 1 
-23 -14 12 7 1 8 24 18 20 13 19 18 11 20 -18 19 16 21 23 5 
23 18 -6 -17 -3 7 17 18 17 16 6 -16 13 5 1 9 -13 21 -16 13 
14 -6 -5 -9 8 -21 2 -8 14 6 4 1 -7 -24 -7 -24 11 4 6 12 
15 18 -17 4 23 10 11 19 11 -23 8 13 10 4 22 -6 17 24 -24 7 
17 19 17 17 15 8 16 -14 -1 -1 10 22 -15 16 6 18 21 21 24 14 
14 24 21 21 18 6 16 -15 22 10 -1 -1 -14 16 8 15 17 17 19 17 
7 -24 24 17 -6 22 4 10 13 8 -23 11 19 11 10 23 4 -17 18 15 
12 6 4 11 -24 -7 -24 -7 1 4 6 14 -8 2 -21 8 -9 -5 -6 14 
13 -16 21 -13 9 1 5 13 -16 6 16 17 18 17 7 -3 -17 -6 18 23 
5 23 21 16 19 -18 20 11 18 19 13 20 18 24 8 1 7 12 -14 -23 
1 10 1 -21 16 16 18 -12 9 -4 6 7 16 -24 16 -16 7 22 14 14 
17 7 15 19 -23 15 21 5 10 11 8 24 8 -21 22 3 -22 2 13 6 
23 7 22 20 23 11 -11 3 16 -3 -14 11 5 -24 -15 7 8 16 -7 -12 
17 -20 11 6 4 -23 -4 -24 23 9 4 10 -15 8 14 -1 19 12 -1 -5 
-21 24 16 3 18 -15 18 -6 19 9 14 -7 16 7 -6 24 9 13 -4 -11 
167
1
15 2
4 17
0
0
