20 20
-15 1 7 -3 6 14 3 -14 14 19 6 -16 15 12 0 12 -7 5 -5 15 
19 -12 0 17 2 8 -3 -11 5 -14 2 0 19 15 -11 -18 -2 16 1 19 
10 -10 10 -14 10 -1 15 -1 -3 15 9 10 7 14 -1 3 1 18 -10 11 
16 -17 -8 -19 14 14 2 6 1 0 16 8 0 14 6 -18 -11 10 12 -11 
11 0 4 11 17 -1 2 3 10 0 7 17 17 18 -15 13 4 13 -14 5 
9 13 17 9 4 4 1 14 14 17 13 8 9 5 7 7 -16 1 15 4 
11 4 11 10 0 17 -18 11 -18 2 7 14 19 2 -12 8 16 -17 13 14 
1 9 6 18 9 17 2 5 2 6 -2 -16 -8 -18 1 6 1 4 15 5 
19 11 -6 19 8 2 10 11 10 16 16 -13 16 -5 8 16 0 15 2 15 
6 16 16 10 1 7 15 13 7 4 3 -15 14 -16 17 -10 17 3 -3 11 
11 -3 3 17 -10 17 -16 14 -15 3 4 7 13 15 7 1 10 16 16 6 
15 2 15 0 16 8 -5 16 -13 16 16 10 11 10 2 8 19 -6 11 19 
5 15 4 1 6 1 -18 -8 -16 -2 6 2 5 2 17 9 18 6 9 1 
14 13 -17 16 8 -12 2 19 14 7 2 -18 11 -18 17 0 10 11 4 11 
4 15 1 -16 7 7 5 9 8 13 17 14 14 1 4 4 9 17 13 9 
5 -14 13 4 13 -15 18 17 17 7 0 10 3 2 -1 17 11 4 0 11 
-11 12 10 -11 -18 6 14 0 8 16 0 1 6 2 14 14 -19 -8 -17 16 
11 -10 18 1 3 -1 14 7 10 9 15 -3 -1 15 -1 10 -14 10 -10 10 
19 1 16 -2 -18 -11 15 19 0 2 -14 5 -11 -3 8 2 17 0 -12 19 
15 -5 5 -7 12 0 12 15 -16 6 19 14 -14 3 14 6 -3 7 1 -15 
88
1
15 7
4 12
0
0
