20 20
15 5 4 11 4 15 0 -11 15 12 9 14 5 7 8 4 10 -2 7 7 
3 -2 11 0 15 -1 6 9 5 -4 6 7 10 15 -6 5 2 4 0 14 
3 0 10 -12 -10 9 9 5 11 4 2 0 -7 8 -11 -13 1 11 10 1 
-15 0 -5 -3 14 5 13 4 6 1 -14 7 -2 4 8 -13 -2 -8 14 13 
15 11 4 0 -9 4 11 -4 10 6 4 3 10 7 15 9 -2 -6 11 -15 
-9 4 1 7 3 3 12 6 -3 3 -1 3 1 2 1 11 0 11 -4 10 
13 13 -13 -6 4 1 -15 8 6 7 9 2 0 13 -8 10 11 15 10 -12 
14 7 13 15 -15 4 4 7 12 12 14 7 4 8 11 5 -7 3 10 5 
13 2 1 13 11 7 9 4 -12 3 12 8 6 -6 0 6 15 10 10 2 
3 1 7 -1 12 6 -5 3 12 -1 11 7 15 12 0 13 7 11 12 15 
15 12 11 7 13 0 12 15 7 11 -1 12 3 -5 6 12 -1 7 1 3 
2 10 10 15 6 0 -6 6 8 12 3 -12 4 9 7 11 13 1 2 13 
5 10 3 -7 5 11 8 4 7 14 12 12 7 4 4 -15 15 13 7 14 
-12 10 15 11 10 -8 13 0 2 9 7 6 8 -15 1 4 -6 -13 13 13 
10 -4 11 0 11 1 2 1 3 -1 3 -3 6 12 3 3 7 1 4 -9 
-15 11 -6 -2 9 15 7 10 3 4 6 10 -4 11 4 -9 0 4 11 15 
13 14 -8 -2 -13 8 4 -2 7 -14 1 6 4 13 5 14 -3 -5 0 -15 
1 10 11 1 -13 -11 8 -7 0 2 4 11 5 9 9 -10 -12 10 0 3 
14 0 4 2 5 -6 15 10 7 6 -4 5 9 6 -1 15 0 11 -2 3 
7 7 -2 10 4 8 7 5 14 9 12 15 -11 0 15 4 11 4 5 15 
73
1
10 14
9 5
0
0
