20 20
-2 15 9 -18 8 5 18 2 8 10 18 -8 -18 15 18 11 8 -7 15 10 
7 -18 19 4 5 -7 -6 -4 9 10 11 2 19 7 1 14 13 17 8 10 
14 -15 19 14 0 -19 -6 1 9 -9 2 9 19 -10 -6 -2 0 -9 7 -14 
11 6 0 11 2 18 3 0 1 -5 -14 2 17 7 11 17 -16 13 -7 1 
19 11 1 15 18 19 8 18 11 10 13 -3 2 15 -16 -17 18 -14 2 16 
10 7 -9 1 -7 8 4 12 -11 12 13 13 5 -13 -17 17 -10 5 13 9 
19 -10 14 18 7 -3 19 4 7 1 2 -2 5 10 -9 12 3 -1 -3 18 
-14 7 7 -4 7 19 15 1 6 13 -16 5 -2 -17 2 10 15 13 -18 11 
4 12 -2 13 -8 7 5 14 8 0 14 -1 19 4 2 2 19 -3 -18 13 
18 -11 14 17 -5 -19 6 9 8 2 3 6 18 15 18 2 16 16 10 2 
2 10 16 16 2 18 15 18 6 3 2 8 9 6 -19 -5 17 14 -11 18 
13 -18 -3 19 2 2 4 19 -1 14 0 8 14 5 7 -8 13 -2 12 4 
11 -18 13 15 10 2 -17 -2 5 -16 13 6 1 15 19 7 -4 7 7 -14 
18 -3 -1 3 12 -9 10 5 -2 2 1 7 4 19 -3 7 18 14 -10 19 
9 13 5 -10 17 -17 -13 5 13 13 12 -11 12 4 8 -7 1 -9 7 10 
16 2 -14 18 -17 -16 15 2 -3 13 10 11 18 8 19 18 15 1 11 19 
1 -7 13 -16 17 11 7 17 2 -14 -5 1 0 3 18 2 11 0 6 11 
-14 7 -9 0 -2 -6 -10 19 9 2 -9 9 1 -6 -19 0 14 19 -15 14 
10 8 17 13 14 1 7 19 2 11 10 9 -4 -6 -7 5 4 19 -18 7 
10 15 -7 8 11 18 15 -18 -8 18 10 8 2 18 5 8 -18 9 15 -2 
150
1
8 16
11 3
0
0
