20 20
6 3 6 3 12 9 1 11 9 3 12 11 9 3 14 7 -2 12 1 7 
12 15 -1 8 16 12 7 6 8 -14 5 1 6 15 -10 3 0 8 0 8 
14 15 2 6 5 12 7 7 5 8 2 1 7 7 1 -13 11 9 -9 8 
15 11 1 1 -8 13 3 2 -10 7 16 1 -4 2 13 -12 13 2 -2 16 
3 2 0 -6 2 12 16 4 3 -8 12 -10 9 6 -15 10 2 -4 8 8 
-11 -5 -15 13 3 5 11 15 -12 2 9 14 5 1 15 9 12 -11 9 11 
8 15 4 15 3 7 14 2 15 14 13 16 11 2 4 -1 6 -15 9 8 
5 6 5 -13 4 12 13 -6 4 16 1 10 1 -4 9 -6 6 16 -1 -3 
16 -14 -7 13 10 11 -8 -8 4 6 -11 -8 -2 12 -7 10 7 14 -2 -2 
16 8 5 -12 4 15 14 9 -3 -5 12 15 6 1 12 -11 -10 9 3 3 
3 3 9 -10 -11 12 1 6 15 12 -5 -3 9 14 15 4 -12 5 8 16 
-2 -2 14 7 10 -7 12 -2 -8 -11 6 4 -8 -8 11 10 13 -7 -14 16 
-3 -1 16 6 -6 9 -4 1 10 1 16 4 -6 13 12 4 -13 5 6 5 
8 9 -15 6 -1 4 2 11 16 13 14 15 2 14 7 3 15 4 15 8 
11 9 -11 12 9 15 1 5 14 9 2 -12 15 11 5 3 13 -15 -5 -11 
8 8 -4 2 10 -15 6 9 -10 12 -8 3 4 16 12 2 -6 0 2 3 
16 -2 2 13 -12 13 2 -4 1 16 7 -10 2 3 13 -8 1 1 11 15 
8 -9 9 11 -13 1 7 7 1 2 8 5 7 7 12 5 6 2 15 14 
8 0 8 0 3 -10 15 6 1 5 -14 8 6 7 12 16 8 -1 15 12 
7 1 12 -2 7 14 3 9 11 12 3 9 11 1 9 12 3 6 3 6 
40
1
14 12
5 7
0
0
