20 20
-10 0 8 -12 -14 -16 -1 20 2 15 7 5 6 -18 20 -4 6 6 6 14 
12 22 4 17 14 15 11 4 20 14 9 6 0 0 -5 9 23 9 21 -6 
3 20 -15 1 6 4 -19 -2 -20 -4 5 20 20 7 -8 -13 23 -19 12 -14 
6 16 8 4 3 -15 -14 20 6 6 5 16 0 18 -12 -11 -2 7 -10 5 
-20 9 -18 -18 12 10 17 -19 -7 8 5 17 23 20 -11 -12 4 4 -1 -17 
10 21 10 15 -20 20 3 13 16 13 13 19 19 5 6 21 -16 20 1 21 
19 21 5 18 2 -22 1 9 16 20 17 9 12 18 2 10 10 12 -12 13 
15 2 23 3 16 7 21 10 22 13 1 22 6 8 10 -8 -11 -7 -15 15 
-8 23 15 22 22 12 13 -8 6 -8 5 11 -6 6 -18 1 23 8 8 20 
16 2 12 15 8 2 5 5 -9 9 3 8 2 23 23 7 2 11 19 23 
23 19 11 2 7 23 23 2 8 3 9 -9 5 5 2 8 15 12 2 16 
20 8 8 23 1 -18 6 -6 11 5 -8 6 -8 13 12 22 22 15 23 -8 
15 -15 -7 -11 -8 10 8 6 22 1 13 22 10 21 7 16 3 23 2 15 
13 -12 12 10 10 2 18 12 9 17 20 16 9 1 -22 2 18 5 21 19 
21 1 20 -16 21 6 5 19 19 13 13 16 13 3 20 -20 15 10 21 10 
-17 -1 4 4 -12 -11 20 23 17 5 8 -7 -19 17 10 12 -18 -18 9 -20 
5 -10 7 -2 -11 -12 18 0 16 5 6 6 20 -14 -15 3 4 8 16 6 
-14 12 -19 23 -13 -8 7 20 20 5 -4 -20 -2 -19 4 6 1 -15 20 3 
-6 21 9 23 9 -5 0 0 6 9 14 20 4 11 15 14 17 4 22 12 
14 6 6 6 -4 20 -18 6 5 7 15 2 20 -1 -16 -14 -12 8 0 -10 
78
1
6 17
13 2
0
0
