20 20
0 12 23 -20 18 -2 -18 0 0 -3 14 27 8 -13 -4 18 16 7 4 21 
5 -1 15 16 22 10 18 8 -17 17 8 -24 -23 3 -18 12 -1 13 26 17 
-2 3 9 -7 4 2 -19 10 16 27 26 28 15 14 27 16 19 -16 -10 23 
14 16 9 28 24 7 13 3 3 -7 15 7 -9 21 26 10 0 15 -13 26 
5 2 -15 -3 15 16 -19 17 10 24 1 14 -1 25 4 -20 28 0 -18 -20 
0 28 21 8 4 -18 19 27 20 6 6 18 0 -21 28 5 12 -22 1 13 
-23 21 1 16 -1 6 9 12 17 1 21 7 -5 18 25 21 9 -3 4 7 
16 28 22 8 7 18 -23 15 17 -2 1 16 24 -17 25 -9 8 -8 2 -14 
15 10 1 2 3 5 -13 5 27 7 -4 -25 -12 22 15 22 -2 24 24 -3 
-6 -3 3 3 25 15 -21 -23 17 -28 23 7 16 27 20 16 11 18 23 10 
10 23 18 11 16 20 27 16 7 23 -28 17 -23 -21 15 25 3 3 -3 -6 
-3 24 24 -2 22 15 22 -12 -25 -4 7 27 5 -13 5 3 2 1 10 15 
-14 2 -8 8 -9 25 -17 24 16 1 -2 17 15 -23 18 7 8 22 28 16 
7 4 -3 9 21 25 18 -5 7 21 1 17 12 9 6 -1 16 1 21 -23 
13 1 -22 12 5 28 -21 0 18 6 6 20 27 19 -18 4 8 21 28 0 
-20 -18 0 28 -20 4 25 -1 14 1 24 10 17 -19 16 15 -3 -15 2 5 
26 -13 15 0 10 26 21 -9 7 15 -7 3 3 13 7 24 28 9 16 14 
23 -10 -16 19 16 27 14 15 28 26 27 16 10 -19 2 4 -7 9 3 -2 
17 26 13 -1 12 -18 3 -23 -24 8 17 -17 8 18 10 22 16 15 -1 5 
21 4 7 16 18 -4 -13 8 27 14 -3 0 0 -18 -2 18 -20 23 12 0 
168
1
12 10
7 9
0
0
