20 20
20 11 17 3 0 -19 8 -5 -7 18 5 8 -4 8 15 -8 -15 8 11 -20 
16 0 2 14 19 9 6 6 3 -9 -8 6 2 16 5 11 5 -4 8 11 
-8 2 4 5 11 7 -1 12 -4 0 17 3 -2 6 14 18 17 3 19 18 
2 11 1 -14 -4 13 6 -12 18 -9 14 9 -16 19 -8 -3 -6 -11 17 -20 
16 18 19 19 2 11 -7 -14 13 14 20 15 2 17 10 10 -10 5 17 -17 
15 -15 8 -2 -5 -6 17 -19 11 14 -16 7 13 8 10 -10 13 16 -12 0 
3 8 -16 12 3 9 15 -9 16 -1 -12 -20 -3 6 5 -18 7 16 18 13 
10 19 7 15 19 0 18 -8 -13 19 -9 10 18 14 -7 20 11 20 9 18 
7 4 18 7 4 -12 -14 20 12 4 1 -16 8 0 19 0 13 15 4 3 
14 2 18 10 14 12 10 1 11 -8 19 7 -14 18 -6 3 2 15 18 4 
4 18 15 2 3 -6 18 -14 7 19 -8 11 1 10 12 14 10 18 2 14 
3 4 15 13 0 19 0 8 -16 1 4 12 20 -14 -12 4 7 18 4 7 
18 9 20 11 20 -7 14 18 10 -9 19 -13 -8 18 0 19 15 7 19 10 
13 18 16 7 -18 5 6 -3 -20 -12 -1 16 -9 15 9 3 12 -16 8 3 
0 -12 16 13 -10 10 8 13 7 -16 14 11 -19 17 -6 -5 -2 8 -15 15 
-17 17 5 -10 10 10 17 2 15 20 14 13 -14 -7 11 2 19 19 18 16 
-20 17 -11 -6 -3 -8 19 -16 9 14 -9 18 -12 6 13 -4 -14 1 11 2 
18 19 3 17 18 14 6 -2 3 17 0 -4 12 -1 7 11 5 4 2 -8 
11 8 -4 5 11 5 16 2 6 -8 -9 3 6 6 9 19 14 2 0 16 
-20 11 8 -15 -8 15 8 -4 8 5 18 -7 -5 8 -19 0 3 17 11 20 
100
1
1 14
18 5
0
0
