20 20
-3 10 -4 17 2 -3 1 17 7 6 14 12 -12 22 3 -11 18 19 12 23 
-22 17 4 9 12 21 -1 11 23 20 -7 16 4 -14 16 -7 11 20 2 13 
21 14 19 0 7 -9 -13 -12 -4 14 21 6 19 -15 22 20 7 -8 19 -7 
5 -20 13 1 -12 10 20 -3 22 10 17 -19 21 9 10 13 -23 17 22 4 
2 4 20 16 -3 22 23 9 -15 14 15 11 1 -18 1 7 15 -2 -11 17 
21 17 -16 1 19 21 18 8 23 12 3 -7 -4 -3 -10 12 -10 16 7 -8 
-21 20 18 17 -1 15 9 1 13 7 20 5 7 11 23 -23 12 9 4 3 
14 19 16 -14 9 -9 4 13 -6 17 -23 -19 -12 23 10 12 3 20 1 16 
-4 7 21 -1 18 -4 -3 -2 14 4 -9 20 9 12 -21 -5 4 11 21 -18 
1 0 0 19 23 21 20 -7 7 6 -9 17 -12 -17 -7 -5 2 17 10 10 
10 10 17 2 -5 -7 -17 -12 17 -9 6 7 -7 20 21 23 19 0 0 1 
-18 21 11 4 -5 -21 12 9 20 -9 4 14 -2 -3 -4 18 -1 21 7 -4 
16 1 20 3 12 10 23 -12 -19 -23 17 -6 13 4 -9 9 -14 16 19 14 
3 4 9 12 -23 23 11 7 5 20 7 13 1 9 15 -1 17 18 20 -21 
-8 7 16 -10 12 -10 -3 -4 -7 3 12 23 8 18 21 19 1 -16 17 21 
17 -11 -2 15 7 1 -18 1 11 15 14 -15 9 23 22 -3 16 20 4 2 
4 22 17 -23 13 10 9 21 -19 17 10 22 -3 20 10 -12 1 13 -20 5 
-7 19 -8 7 20 22 -15 19 6 21 14 -4 -12 -13 -9 7 0 19 14 21 
13 2 20 11 -7 16 -14 4 16 -7 20 23 11 -1 21 12 9 4 17 -22 
23 12 19 18 -11 3 22 -12 12 14 6 7 17 1 -3 2 17 -4 10 -3 
85
1
19 15
0 4
0
0
