20 20
28 17 7 28 -23 -20 -11 -30 2 27 13 13 4 12 20 17 22 25 9 23 
27 17 17 9 -2 -21 -10 21 0 -7 12 -23 9 -20 12 20 -7 18 8 9 
6 3 2 11 22 26 28 18 16 -10 30 10 -30 18 8 -28 3 30 21 8 
8 -3 -8 4 17 19 -9 -18 4 7 19 5 -14 -3 11 22 5 3 29 -5 
22 8 -16 12 26 29 10 -9 17 24 2 -12 30 7 -21 -3 19 26 26 24 
8 27 29 10 15 20 -24 -2 -22 17 29 -22 -5 17 -3 14 12 -11 8 -8 
12 15 13 -8 10 24 15 -17 23 9 24 13 2 12 -24 -27 8 7 21 28 
18 22 19 24 12 19 -1 -16 29 -26 11 18 5 10 16 2 14 7 6 -28 
30 18 -13 -11 22 0 27 3 20 21 30 23 -18 30 2 12 30 -7 18 29 
12 10 23 -30 18 20 0 19 2 3 26 -6 12 5 28 6 19 21 12 28 
28 12 21 19 6 28 5 12 -6 26 3 2 19 0 20 18 -30 23 10 12 
29 18 -7 30 12 2 30 -18 23 30 21 20 3 27 0 22 -11 -13 18 30 
-28 6 7 14 2 16 10 5 18 11 -26 29 -16 -1 19 12 24 19 22 18 
28 21 7 8 -27 -24 12 2 13 24 9 23 -17 15 24 10 -8 13 15 12 
-8 8 -11 12 14 -3 17 -5 -22 29 17 -22 -2 -24 20 15 10 29 27 8 
24 26 26 19 -3 -21 7 30 -12 2 24 17 -9 10 29 26 12 -16 8 22 
-5 29 3 5 22 11 -3 -14 5 19 7 4 -18 -9 19 17 4 -8 -3 8 
8 21 30 3 -28 8 18 -30 10 30 -10 16 18 28 26 22 11 2 3 6 
9 8 18 -7 20 12 -20 9 -23 12 -7 0 21 -10 -21 -2 9 17 17 27 
23 9 25 22 17 20 12 4 13 13 27 2 -30 -11 -20 -23 28 7 17 28 
105
1
16 3
3 16
0
0
