20 20
13 3 -5 -6 -8 2 14 3 -3 5 13 -5 9 15 10 1 -13 -3 2 14 
9 -10 -7 6 9 13 6 6 -6 12 4 -5 1 5 -10 -5 4 -9 7 13 
13 6 5 5 1 9 1 7 0 1 11 10 -15 -2 3 9 3 -1 7 3 
-5 15 11 11 -6 8 2 -5 -13 0 4 11 14 11 0 11 -8 11 14 9 
10 -8 5 12 14 -13 6 -10 12 -7 11 2 11 6 8 -5 -5 12 14 3 
-8 -15 8 10 15 9 15 2 8 7 14 14 4 9 5 6 11 9 5 3 
9 4 3 3 8 6 3 -4 -7 -5 -7 -3 -2 13 7 4 2 13 2 3 
-3 -11 13 -8 -4 3 -15 6 14 -14 6 -5 10 2 10 8 15 -8 11 -10 
3 7 5 0 13 -9 5 11 0 6 14 -1 0 -1 -6 -12 3 4 -4 -4 
12 14 10 2 11 10 10 14 -15 -5 7 0 -7 5 11 -10 9 7 -5 -13 
-13 -5 7 9 -10 11 5 -7 0 7 -5 -15 14 10 10 11 2 10 14 12 
-4 -4 4 3 -12 -6 -1 0 -1 14 6 0 11 5 -9 13 0 5 7 3 
-10 11 -8 15 8 10 2 10 -5 6 -14 14 6 -15 3 -4 -8 13 -11 -3 
3 2 13 2 4 7 13 -2 -3 -7 -5 -7 -4 3 6 8 3 3 4 9 
3 5 9 11 6 5 9 4 14 14 7 8 2 15 9 15 10 8 -15 -8 
3 14 12 -5 -5 8 6 11 2 11 -7 12 -10 6 -13 14 12 5 -8 10 
9 14 11 -8 11 0 11 14 11 4 0 -13 -5 2 8 -6 11 11 15 -5 
3 7 -1 3 9 3 -2 -15 10 11 1 0 7 1 9 1 5 5 6 13 
13 7 -9 4 -5 -10 5 1 -5 4 12 -6 6 6 13 9 6 -7 -10 9 
14 2 -3 -13 1 10 15 9 -5 13 5 -3 3 14 2 -8 -6 -5 3 13 
98
1
10 19
9 0
0
0
