20 20
16 5 6 -18 9 -18 13 4 8 -17 13 -6 0 15 8 15 7 17 4 9 
7 8 -18 11 15 -13 -4 4 5 14 8 4 9 4 1 -7 -14 -11 -12 -4 
4 5 15 20 8 -15 12 -10 -7 9 3 -2 8 1 2 -12 -6 20 3 -10 
6 -6 12 -12 19 20 9 11 19 3 11 -2 15 -6 18 10 3 2 16 15 
20 16 -2 -5 20 5 -14 10 17 2 17 18 9 -17 2 18 -14 8 7 -19 
4 6 11 19 8 7 12 -6 18 3 7 -19 -7 11 3 8 18 -15 7 7 
-17 -10 2 9 5 8 17 0 -13 5 20 -12 16 3 0 -13 20 -6 -19 5 
-4 -3 3 10 15 -20 9 4 -6 4 5 18 10 3 8 -14 14 19 3 7 
10 18 11 -14 -9 10 6 2 9 1 -17 -20 0 10 20 2 13 -5 16 6 
4 15 16 -20 3 -7 6 19 -14 2 3 8 8 17 11 15 19 1 -20 11 
11 -20 1 19 15 11 17 8 8 3 2 -14 19 6 -7 3 -20 16 15 4 
6 16 -5 13 2 20 10 0 -20 -17 1 9 2 6 10 -9 -14 11 18 10 
7 3 19 14 -14 8 3 10 18 5 4 -6 4 9 -20 15 10 3 -3 -4 
5 -19 -6 20 -13 0 3 16 -12 20 5 -13 0 17 8 5 9 2 -10 -17 
7 7 -15 18 8 3 11 -7 -19 7 3 18 -6 12 7 8 19 11 6 4 
-19 7 8 -14 18 2 -17 9 18 17 2 17 10 -14 5 20 -5 -2 16 20 
15 16 2 3 10 18 -6 15 -2 11 3 19 11 9 20 19 -12 12 -6 6 
-10 3 20 -6 -12 2 1 8 -2 3 9 -7 -10 12 -15 8 20 15 5 4 
-4 -12 -11 -14 -7 1 4 9 4 8 14 5 4 -4 -13 15 11 -18 8 7 
9 4 17 7 15 8 15 0 -6 13 -17 8 4 13 -18 9 -18 6 5 16 
78
1
17 15
2 4
0
0
