20 20
6 1 -3 9 -6 5 10 5 10 8 1 6 0 10 -6 -7 -2 0 8 4 
-3 8 10 3 10 2 7 1 8 9 4 8 -6 -10 0 2 -4 1 -10 10 
7 4 9 10 5 8 8 10 4 0 9 0 2 1 -9 2 -8 8 7 10 
5 6 8 9 -10 10 1 -7 2 3 -3 9 4 10 9 10 5 8 -7 7 
1 -9 10 4 1 8 6 -2 2 9 -7 4 2 -6 7 2 10 -8 4 2 
2 0 1 0 2 1 -9 5 6 -6 5 0 7 -10 -6 9 8 3 6 1 
0 7 8 9 7 0 8 2 8 -9 4 9 0 10 5 2 9 -2 10 4 
-10 8 5 9 0 5 3 0 1 5 1 1 9 -8 10 8 10 0 1 9 
4 -7 -10 -7 3 4 2 2 7 0 2 2 5 4 6 2 9 9 -3 -9 
10 10 0 -8 2 -7 9 1 9 5 8 -7 -9 -5 10 -1 -1 -3 5 9 
9 5 -3 -1 -1 10 -5 -9 -7 8 5 9 1 9 -7 2 -8 0 10 10 
-9 -3 9 9 2 6 4 5 2 2 0 7 2 2 4 3 -7 -10 -7 4 
9 1 0 10 8 10 -8 9 1 1 5 1 0 3 5 0 9 5 8 -10 
4 10 -2 9 2 5 10 0 9 4 -9 8 2 8 0 7 9 8 7 0 
1 6 3 8 9 -6 -10 7 0 5 -6 6 5 -9 1 2 0 1 0 2 
2 4 -8 10 2 7 -6 2 4 -7 9 2 -2 6 8 1 4 10 -9 1 
7 -7 8 5 10 9 10 4 9 -3 3 2 -7 1 10 -10 9 8 6 5 
10 7 8 -8 2 -9 1 2 0 9 0 4 10 8 8 5 10 9 4 7 
10 -10 1 -4 2 0 -10 -6 8 4 9 8 1 7 2 10 3 10 8 -3 
4 8 0 -2 -7 -6 10 0 6 1 8 10 5 10 5 -6 9 -3 1 6 
84
1
9 17
10 2
0
0
