20 20
8 -10 3 5 0 8 10 -4 5 8 -6 2 5 6 4 9 -3 7 6 7 
0 8 3 7 -7 -8 3 6 7 1 9 6 9 1 7 3 0 9 -2 4 
6 10 1 6 10 6 6 -2 -10 6 5 9 10 -7 -3 8 -2 1 7 6 
7 -8 9 9 -8 10 -6 5 8 -8 5 4 6 -10 2 5 -5 10 3 1 
9 2 10 8 5 7 9 5 5 9 8 9 8 10 4 0 5 -4 -7 -8 
4 5 6 10 -5 1 -7 3 8 8 8 -5 -7 10 6 -2 1 2 -1 9 
10 8 1 3 1 5 8 10 10 1 -1 6 1 8 2 8 -4 4 7 8 
-7 0 -7 -10 -1 2 7 1 -3 10 -5 9 10 2 6 -4 1 4 -1 -5 
2 9 5 -7 -7 5 8 2 2 -8 0 -9 -10 -9 -7 10 8 0 2 -4 
0 2 -3 -8 10 7 7 3 -1 -4 10 9 -5 0 -9 2 -8 7 6 9 
9 6 7 -8 2 -9 0 -5 9 10 -4 -1 3 7 7 10 -8 -3 2 0 
-4 2 0 8 10 -7 -9 -10 -9 0 -8 2 2 8 5 -7 -7 5 9 2 
-5 -1 4 1 -4 6 2 10 9 -5 10 -3 1 7 2 -1 -10 -7 0 -7 
8 7 4 -4 8 2 8 1 6 -1 1 10 10 8 5 1 3 1 8 10 
9 -1 2 1 -2 6 10 -7 -5 8 8 8 3 -7 1 -5 10 6 5 4 
-8 -7 -4 5 0 4 10 8 9 8 9 5 5 9 7 5 8 10 2 9 
1 3 10 -5 5 2 -10 6 4 5 -8 8 5 -6 10 -8 9 9 -8 7 
6 7 1 -2 8 -3 -7 10 9 5 6 -10 -2 6 6 10 6 1 10 6 
4 -2 9 0 3 7 1 9 6 9 1 7 6 3 -8 -7 7 3 8 0 
7 6 7 -3 9 4 6 5 2 -6 8 5 -4 10 8 0 5 3 -10 8 
76
1
9 2
10 17
0
0
