20 20
6 15 15 9 8 11 12 14 8 10 7 14 8 10 -15 -1 10 15 5 13 
11 0 -7 4 -6 5 12 3 12 3 13 -9 -2 -12 3 7 10 11 2 13 
12 -12 -9 12 13 8 5 4 4 9 12 14 -15 1 8 4 15 15 3 2 
2 13 6 0 -9 11 10 6 -10 15 10 2 9 12 -9 -4 14 7 9 10 
7 2 12 15 6 13 6 6 11 14 -14 4 8 -12 14 3 5 6 10 15 
9 3 9 7 14 -2 14 12 10 11 4 12 2 4 8 3 4 9 14 15 
12 10 15 13 1 3 13 -11 11 15 1 -5 7 6 12 5 2 0 9 12 
12 14 -5 3 0 8 -8 11 9 3 3 0 15 14 6 -10 1 9 10 2 
9 1 -11 -10 -11 -4 -15 15 6 11 4 -6 4 5 8 -3 2 11 12 3 
7 -10 -12 -1 15 4 7 -6 14 5 -13 15 -2 7 11 -14 8 15 14 -9 
-9 14 15 8 -14 11 7 -2 15 -13 5 14 -6 7 4 15 -1 -12 -10 7 
3 12 11 2 -3 8 5 4 -6 4 11 6 15 -15 -4 -11 -10 -11 1 9 
2 10 9 1 -10 6 14 15 0 3 3 9 11 -8 8 0 3 -5 14 12 
12 9 0 2 5 12 6 7 -5 1 15 11 -11 13 3 1 13 15 10 12 
15 14 9 4 3 8 4 2 12 4 11 10 12 14 -2 14 7 9 3 9 
15 10 6 5 3 14 -12 8 4 -14 14 11 6 6 13 6 15 12 2 7 
10 9 7 14 -4 -9 12 9 2 10 15 -10 6 10 11 -9 0 6 13 2 
2 3 15 15 4 8 1 -15 14 12 9 4 4 5 8 13 12 -9 -12 12 
13 2 11 10 7 3 -12 -2 -9 13 3 12 3 12 5 -6 4 -7 0 11 
13 5 15 10 -1 -15 10 8 14 7 10 8 14 12 11 8 9 15 15 6 
184
1
0 13
19 6
0
0
