20 20
-17 4 22 20 16 0 7 11 18 9 11 8 -8 13 19 16 15 19 17 20 
17 17 4 22 5 13 3 -6 4 -22 13 0 7 8 10 0 3 3 -16 4 
-10 16 -3 -11 4 1 4 7 16 11 7 22 8 16 6 15 8 7 18 3 
21 5 6 0 13 -9 21 1 -5 -3 8 -20 10 13 17 22 -17 2 21 -14 
18 17 -3 20 1 10 8 -4 19 20 8 14 9 21 -13 3 4 15 17 -20 
10 1 13 11 -16 7 -3 11 22 -17 19 -17 13 -13 14 -21 5 14 -11 20 
-14 -20 1 -1 17 9 14 -10 -1 22 19 0 16 21 -13 4 12 12 17 -16 
3 8 10 19 18 5 15 21 6 2 8 14 1 -19 4 9 21 11 20 3 
20 21 8 14 0 21 16 4 21 5 13 2 1 19 1 -12 20 4 -11 5 
21 10 -22 5 5 17 15 2 13 9 12 21 0 3 8 18 -11 7 21 -12 
-12 21 7 -11 18 8 3 0 21 12 9 13 2 15 17 5 5 -22 10 21 
5 -11 4 20 -12 1 19 1 2 13 5 21 4 16 21 0 14 8 21 20 
3 20 11 21 9 4 -19 1 14 8 2 6 21 15 5 18 19 10 8 3 
-16 17 12 12 4 -13 21 16 0 19 22 -1 -10 14 9 17 -1 1 -20 -14 
20 -11 14 5 -21 14 -13 13 -17 19 -17 22 11 -3 7 -16 11 13 1 10 
-20 17 15 4 3 -13 21 9 14 8 20 19 -4 8 10 1 20 -3 17 18 
-14 21 2 -17 22 17 13 10 -20 8 -3 -5 1 21 -9 13 0 6 5 21 
3 18 7 8 15 6 16 8 22 7 11 16 7 4 1 4 -11 -3 16 -10 
4 -16 3 3 0 10 8 7 0 13 -22 4 -6 3 13 5 22 4 17 17 
20 17 19 15 16 19 13 -8 8 11 9 18 11 7 0 16 20 22 4 -17 
37
1
13 17
6 2
0
0
