20 20
22 12 2 24 27 2 24 -22 2 1 11 5 -18 7 5 10 13 19 7 -9 
0 25 26 19 27 10 -2 23 15 12 23 18 19 -13 23 23 -18 -6 -27 -26 
16 -8 17 8 3 3 20 -20 5 18 22 -3 12 28 -14 14 9 20 -19 0 
19 3 7 3 10 -1 11 1 -27 6 -12 4 -23 2 1 25 9 18 -21 16 
-15 8 17 25 19 -9 25 8 25 -10 4 8 2 26 28 -5 -13 3 12 6 
-7 8 17 -7 26 -24 20 -2 20 12 -6 20 26 23 4 17 20 17 24 3 
10 15 28 24 14 -25 6 19 9 26 10 28 -26 26 18 20 9 20 23 23 
0 10 -8 10 25 6 -25 24 7 9 23 23 10 -13 20 -10 28 8 27 -27 
9 21 21 25 14 -26 28 -21 18 -24 14 5 -8 12 3 21 28 25 7 0 
15 17 -3 24 28 -9 21 21 27 -19 11 -18 -28 -22 12 3 20 5 -3 -24 
-24 -3 5 20 3 12 -22 -28 -18 11 -19 27 21 21 -9 28 24 -3 17 15 
0 7 25 28 21 3 12 -8 5 14 -24 18 -21 28 -26 14 25 21 21 9 
-27 27 8 28 -10 20 -13 10 23 23 9 7 24 -25 6 25 10 -8 10 0 
23 23 20 9 20 18 26 -26 28 10 26 9 19 6 -25 14 24 28 15 10 
3 24 17 20 17 4 23 26 20 -6 12 20 -2 20 -24 26 -7 17 8 -7 
6 12 3 -13 -5 28 26 2 8 4 -10 25 8 25 -9 19 25 17 8 -15 
16 -21 18 9 25 1 2 -23 4 -12 6 -27 1 11 -1 10 3 7 3 19 
0 -19 20 9 14 -14 28 12 -3 22 18 5 -20 20 3 3 8 17 -8 16 
-26 -27 -6 -18 23 23 -13 19 18 23 12 15 23 -2 10 27 19 26 25 0 
-9 7 19 13 10 5 7 -18 5 11 1 2 -22 24 2 27 24 2 12 22 
120
1
0 3
19 16
0
0
