20 20
1 17 3 17 8 25 17 13 -23 13 9 -22 -5 21 28 26 18 1 0 4 
-12 16 20 8 -3 26 8 14 17 11 5 -2 9 7 -26 -12 -16 1 -29 -21 
8 1 -6 -21 4 0 14 26 6 14 26 21 27 19 18 -11 13 21 17 23 
21 8 9 24 20 25 -20 -29 29 -1 -5 20 5 15 0 6 29 25 5 2 
27 12 26 2 14 14 29 26 0 11 -24 -24 24 -28 -16 -6 -13 -14 28 26 
25 15 8 -15 9 17 18 1 19 28 3 6 26 9 -4 18 16 -1 25 2 
23 3 9 18 7 24 -27 9 -17 -15 -14 -12 -25 8 12 17 -20 17 -10 17 
0 7 6 9 11 14 1 21 -5 25 8 25 17 -23 -1 21 -14 23 24 1 
-4 -4 -2 25 12 0 -2 26 8 -26 10 8 -5 4 -26 1 8 3 7 12 
6 6 22 6 8 -4 2 23 -24 29 7 14 13 -21 2 -21 7 -16 14 19 
19 14 -16 7 -21 2 -21 13 14 7 29 -24 23 2 -4 8 6 22 6 6 
12 7 3 8 1 -26 4 -5 8 10 -26 8 26 -2 0 12 25 -2 -4 -4 
1 24 23 -14 21 -1 -23 17 25 8 25 -5 21 1 14 11 9 6 7 0 
17 -10 17 -20 17 12 8 -25 -12 -14 -15 -17 9 -27 24 7 18 9 3 23 
2 25 -1 16 18 -4 9 26 6 3 28 19 1 18 17 9 -15 8 15 25 
26 28 -14 -13 -6 -16 -28 24 -24 -24 11 0 26 29 14 14 2 26 12 27 
2 5 25 29 6 0 15 5 20 -5 -1 29 -29 -20 25 20 24 9 8 21 
23 17 21 13 -11 18 19 27 21 26 14 6 26 14 0 4 -21 -6 1 8 
-21 -29 1 -16 -12 -26 7 9 -2 5 11 17 14 8 26 -3 8 20 16 -12 
4 0 1 18 26 28 21 -5 -22 9 13 -23 13 17 25 8 17 3 17 1 
161
1
4 14
15 5
0
0
