20 20
2 -7 5 17 -29 24 -21 17 10 24 24 10 30 -26 2 12 4 26 27 3 
20 -21 24 -25 17 19 17 1 19 3 -25 -16 15 19 1 25 18 -23 4 2 
-25 14 -23 27 25 2 -4 -13 18 29 15 9 22 1 9 2 20 20 22 16 
14 -24 26 -9 27 5 17 13 -24 20 28 29 -11 25 0 30 -10 1 12 -21 
10 1 3 26 25 18 -16 24 -13 -18 11 15 6 0 -2 29 16 3 26 -26 
21 4 24 -23 25 8 16 -28 30 12 26 10 0 -25 29 -19 14 23 -27 26 
-12 3 -6 6 22 2 13 8 1 21 9 16 -25 28 17 2 24 -8 18 -7 
20 24 2 3 1 11 -9 11 17 25 13 17 12 14 -17 -13 11 1 27 4 
2 24 -26 14 30 1 2 9 13 -25 10 7 14 16 18 6 4 9 5 -17 
21 7 17 10 7 -26 3 1 10 18 4 9 0 -30 13 29 -20 -6 9 20 
20 9 -6 -20 29 13 -30 0 9 4 18 10 1 3 -26 7 10 17 7 21 
-17 5 9 4 6 18 16 14 7 10 -25 13 9 2 1 30 14 -26 24 2 
4 27 1 11 -13 -17 14 12 17 13 25 17 11 -9 11 1 3 2 24 20 
-7 18 -8 24 2 17 28 -25 16 9 21 1 8 13 2 22 6 -6 3 -12 
26 -27 23 14 -19 29 -25 0 10 26 12 30 -28 16 8 25 -23 24 4 21 
-26 26 3 16 29 -2 0 6 15 11 -18 -13 24 -16 18 25 26 3 1 10 
-21 12 1 -10 30 0 25 -11 29 28 20 -24 13 17 5 27 -9 26 -24 14 
16 22 20 20 2 9 1 22 9 15 29 18 -13 -4 2 25 27 -23 14 -25 
2 4 -23 18 25 1 19 15 -16 -25 3 19 1 17 19 17 -25 24 -21 20 
3 27 26 4 12 2 -26 30 10 24 24 10 17 -21 24 -29 17 5 -7 2 
56
1
16 3
3 16
0
0
