20 20
-10 -6 3 9 3 5 20 0 -20 16 -3 -15 4 11 7 11 11 20 2 11 
0 -12 -5 -17 1 -19 2 10 15 -3 20 14 7 5 17 18 5 14 20 4 
19 -19 3 3 17 3 8 4 -8 6 16 -20 17 19 -3 20 7 15 17 3 
18 20 2 -12 19 11 7 -19 1 -13 -20 17 13 3 7 13 16 0 14 0 
15 2 5 -10 14 11 9 13 20 14 10 20 9 15 -5 -5 -15 19 9 6 
-16 7 -19 14 11 -13 19 15 12 12 11 19 -2 -18 -2 9 1 -5 7 -15 
-6 4 16 5 9 0 15 -2 8 14 0 6 18 0 -7 11 8 -15 14 11 
-19 15 14 13 8 -9 -13 1 4 -19 9 5 14 4 15 19 16 -1 15 5 
7 14 16 2 9 18 -15 -5 7 7 3 16 17 14 16 19 18 2 7 12 
-12 11 2 4 12 9 3 -19 14 19 6 14 3 20 -4 -5 11 -8 9 16 
16 9 -8 11 -5 -4 20 3 14 6 19 14 -19 3 9 12 4 2 11 -12 
12 7 2 18 19 16 14 17 16 3 7 7 -5 -15 18 9 2 16 14 7 
5 15 -1 16 19 15 4 14 5 9 -19 4 1 -13 -9 8 13 14 15 -19 
11 14 -15 8 11 -7 0 18 6 0 14 8 -2 15 0 9 5 16 4 -6 
-15 7 -5 1 9 -2 -18 -2 19 11 12 12 15 19 -13 11 14 -19 7 -16 
6 9 19 -15 -5 -5 15 9 20 10 14 20 13 9 11 14 -10 5 2 15 
0 14 0 16 13 7 3 13 17 -20 -13 1 -19 7 11 19 -12 2 20 18 
3 17 15 7 20 -3 19 17 -20 16 6 -8 4 8 3 17 3 3 -19 19 
4 20 14 5 18 17 5 7 14 20 -3 15 10 2 -19 1 -17 -5 -12 0 
11 2 20 11 11 7 11 4 -15 -3 16 -20 0 20 5 3 9 3 -6 -10 
86
1
5 19
14 0
0
0
