20 20
6 2 0 11 5 10 9 -8 2 8 3 -4 7 4 10 5 9 -6 5 3 
-1 11 12 9 7 -7 1 3 -9 3 -12 12 5 3 8 -9 7 -3 0 5 
8 1 1 9 3 -8 6 1 11 -5 0 10 6 6 10 -11 4 9 5 -2 
3 3 12 11 12 6 5 -11 1 -6 2 2 7 13 -13 12 12 4 6 13 
10 0 -8 13 7 -10 10 5 2 -10 -6 8 -1 -7 -13 -7 1 5 -3 9 
4 6 11 -13 4 7 7 13 4 11 13 -9 -1 -12 3 -2 9 5 5 10 
-7 13 11 6 13 4 -10 7 5 0 9 -7 11 11 7 6 -2 6 0 5 
4 9 4 -13 -13 4 5 2 5 13 12 11 -13 2 3 1 8 -6 -10 -5 
10 -9 -4 11 11 -7 -3 3 -6 0 -12 9 -5 2 12 12 -13 -2 5 7 
13 11 4 12 3 2 -5 2 -5 7 2 -12 3 4 13 -1 0 -7 13 11 
11 13 -7 0 -1 13 4 3 -12 2 7 -5 2 -5 2 3 12 4 11 13 
7 5 -2 -13 12 12 2 -5 9 -12 0 -6 3 -3 -7 11 11 -4 -9 10 
-5 -10 -6 8 1 3 2 -13 11 12 13 5 2 5 4 -13 -13 4 9 4 
5 0 6 -2 6 7 11 11 -7 9 0 5 7 -10 4 13 6 11 13 -7 
10 5 5 9 -2 3 -12 -1 -9 13 11 4 13 7 7 4 -13 11 6 4 
9 -3 5 1 -7 -13 -7 -1 8 -6 -10 2 5 10 -10 7 13 -8 0 10 
13 6 4 12 12 -13 13 7 2 2 -6 1 -11 5 6 12 11 12 3 3 
-2 5 9 4 -11 10 6 6 10 0 -5 11 1 6 -8 3 9 1 1 8 
5 0 -3 7 -9 8 3 5 12 -12 3 -9 3 1 -7 7 9 12 11 -1 
3 5 -6 9 5 10 4 7 -4 3 8 2 -8 9 10 5 11 0 2 6 
63
1
6 10
13 9
0
0
