20 20
13 0 -24 22 11 2 13 15 -23 27 12 6 6 14 8 -4 -26 4 12 17 
-11 22 23 -2 -8 17 10 -18 19 21 17 -22 -10 6 17 13 -24 22 4 15 
4 -11 -20 -15 19 19 -1 -14 28 11 2 10 -2 -11 21 6 12 25 6 -5 
27 10 -22 -22 26 -10 27 27 14 16 -28 -28 27 -13 10 13 22 -8 19 25 
11 20 13 7 -25 9 11 10 21 -22 13 28 27 8 17 9 5 5 -16 3 
8 -17 26 8 -10 9 -18 0 7 25 4 24 -4 24 4 23 -13 25 20 14 
-17 -23 7 12 17 -21 15 -4 14 12 16 -25 -21 11 13 -22 18 4 13 -18 
14 8 17 28 15 10 -5 16 4 3 11 18 15 20 3 16 5 10 20 27 
11 10 25 12 -1 2 -24 1 8 18 6 15 14 22 28 -24 -2 22 -16 -6 
-13 25 -4 -5 13 16 27 5 -5 -7 -1 9 19 23 2 6 6 -12 17 28 
28 17 -12 6 6 2 23 19 9 -1 -7 -5 5 27 16 13 -5 -4 25 -13 
-6 -16 22 -2 -24 28 22 14 15 6 18 8 1 -24 2 -1 12 25 10 11 
27 20 10 5 16 3 20 15 18 11 3 4 16 -5 10 15 28 17 8 14 
-18 13 4 18 -22 13 11 -21 -25 16 12 14 -4 15 -21 17 12 7 -23 -17 
14 20 25 -13 23 4 24 -4 24 4 25 7 0 -18 9 -10 8 26 -17 8 
3 -16 5 5 9 17 8 27 28 13 -22 21 10 11 9 -25 7 13 20 11 
25 19 -8 22 13 10 -13 27 -28 -28 16 14 27 27 -10 26 -22 -22 10 27 
-5 6 25 12 6 21 -11 -2 10 2 11 28 -14 -1 19 19 -15 -20 -11 4 
15 4 22 -24 13 17 6 -10 -22 17 21 19 -18 10 17 -8 -2 23 22 -11 
17 12 4 -26 -4 8 14 6 6 12 27 -23 15 13 2 11 22 -24 0 13 
123
1
7 10
12 9
0
0
