20 20
9 1 7 8 8 8 6 7 5 -9 4 10 -4 -7 5 5 -3 10 -8 8 
8 9 0 4 2 4 2 3 4 -5 9 7 7 9 -7 3 8 1 5 4 
-3 2 5 6 1 -1 3 5 2 7 7 -8 -2 10 3 1 -9 -1 8 2 
10 -1 -9 -1 9 8 5 10 -10 5 8 8 5 1 9 5 10 3 7 9 
1 10 -3 -2 9 5 5 1 7 5 7 8 10 -5 2 1 2 4 7 5 
-4 4 8 2 7 2 10 3 1 1 5 -8 5 5 8 10 6 -2 9 6 
1 3 1 5 10 10 9 -10 2 4 0 1 -8 7 9 -9 9 6 6 7 
6 8 1 3 0 8 8 7 -1 4 4 1 5 3 1 -3 5 9 -5 7 
-2 2 7 -4 7 8 1 6 3 1 2 -4 8 -1 10 -10 -1 2 -6 6 
9 3 9 4 7 -10 1 8 7 7 4 1 -3 10 3 9 1 4 -8 3 
3 -8 4 1 9 3 10 -3 1 4 7 7 8 1 -10 7 4 9 3 9 
6 -6 2 -1 -10 10 -1 8 -4 2 1 3 6 1 8 7 -4 7 2 -2 
7 -5 9 5 -3 1 3 5 1 4 4 -1 7 8 8 0 3 1 8 6 
7 6 6 9 -9 9 7 -8 1 0 4 2 -10 9 10 10 5 1 3 1 
6 9 -2 6 10 8 5 5 -8 5 1 1 3 10 2 7 2 8 4 -4 
5 7 4 2 1 2 -5 10 8 7 5 7 1 5 5 9 -2 -3 10 1 
9 7 3 10 5 9 1 5 8 8 5 -10 10 5 8 9 -1 -9 -1 10 
2 8 -1 -9 1 3 10 -2 -8 7 7 2 5 3 -1 1 6 5 2 -3 
4 5 1 8 3 -7 9 7 7 9 -5 4 3 2 4 2 4 0 9 8 
8 -8 10 -3 5 5 -7 -4 10 4 -9 5 7 6 8 8 8 7 1 9 
50
1
18 19
1 0
0
0
