20 20
9 13 17 25 8 15 2 13 26 3 -18 15 -29 8 18 22 24 -15 13 -27 
-29 21 3 15 11 -28 -24 1 12 18 2 23 10 26 19 -4 27 -13 0 -20 
15 6 -13 14 25 17 4 -15 -1 18 15 7 -21 12 1 29 21 3 -19 11 
13 6 17 3 16 0 15 22 -16 20 25 16 -2 -23 -20 -10 -17 10 10 23 
11 15 12 16 12 22 -10 -22 13 21 15 29 -16 20 -24 28 20 12 15 -23 
5 -3 10 3 26 9 17 28 23 -16 11 24 -14 19 16 10 23 12 -2 11 
26 5 -27 25 20 25 27 3 16 -7 16 -28 4 7 15 16 11 -13 7 3 
8 28 1 21 4 3 8 23 -1 7 24 18 25 27 4 21 11 20 27 12 
15 -23 23 26 18 27 9 19 1 9 -6 3 27 4 11 4 24 9 2 -26 
-19 -21 22 1 -8 8 13 7 0 -13 19 5 15 18 4 18 2 9 28 24 
24 28 9 2 18 4 18 15 5 19 -13 0 7 13 8 -8 1 22 -21 -19 
-26 2 9 24 4 11 4 27 3 -6 9 1 19 9 27 18 26 23 -23 15 
12 27 20 11 21 4 27 25 18 24 7 -1 23 8 3 4 21 1 28 8 
3 7 -13 11 16 15 7 4 -28 16 -7 16 3 27 25 20 25 -27 5 26 
11 -2 12 23 10 16 19 -14 24 11 -16 23 28 17 9 26 3 10 -3 5 
-23 15 12 20 28 -24 20 -16 29 15 21 13 -22 -10 22 12 16 12 15 11 
23 10 10 -17 -10 -20 -23 -2 16 25 20 -16 22 15 0 16 3 17 6 13 
11 -19 3 21 29 1 12 -21 7 15 18 -1 -15 4 17 25 14 -13 6 15 
-20 0 -13 27 -4 19 26 10 23 2 18 12 1 -24 -28 11 15 3 21 -29 
-27 13 -15 24 22 18 8 -29 15 -18 3 26 13 2 15 8 25 17 13 9 
133
1
15 4
4 15
0
0
