20 20
5 -21 19 -6 -15 16 19 16 20 -11 3 18 5 9 8 19 0 -9 21 15 
2 15 2 -19 10 -6 3 -14 -9 12 -6 20 4 19 15 5 9 0 12 11 
8 -3 20 -1 0 9 12 4 17 12 -11 7 -10 -6 1 19 19 14 11 7 
13 12 -15 16 -5 14 12 -10 2 20 14 16 19 18 2 20 -16 10 8 8 
11 -14 18 3 -21 -1 18 7 4 4 12 6 16 19 10 21 12 15 7 5 
18 20 9 19 7 2 -13 10 6 13 2 9 1 17 16 -19 -4 -3 7 -9 
1 8 -1 10 10 11 11 10 11 18 20 2 5 13 -4 17 20 8 -13 5 
-4 -5 10 8 -10 1 19 0 6 -4 2 2 0 -2 4 14 19 5 -10 16 
2 4 17 -20 -3 4 -9 8 19 4 -2 -14 14 18 2 2 11 7 12 5 
-13 11 15 16 11 8 -2 4 -12 16 19 16 -10 -21 -13 2 -8 7 9 13 
13 9 7 -8 2 -13 -21 -10 16 19 16 -12 4 -2 8 11 16 15 11 -13 
5 12 7 11 2 2 18 14 -14 -2 4 19 8 -9 4 -3 -20 17 4 2 
16 -10 5 19 14 4 -2 0 2 2 -4 6 0 19 1 -10 8 10 -5 -4 
5 -13 8 20 17 -4 13 5 2 20 18 11 10 11 11 10 10 -1 8 1 
-9 7 -3 -4 -19 16 17 1 9 2 13 6 10 -13 2 7 19 9 20 18 
5 7 15 12 21 10 19 16 6 12 4 4 7 18 -1 -21 3 18 -14 11 
8 8 10 -16 20 2 18 19 16 14 20 2 -10 12 14 -5 16 -15 12 13 
7 11 14 19 19 1 -6 -10 7 -11 12 17 4 12 9 0 -1 20 -3 8 
11 12 0 9 5 15 19 4 20 -6 12 -9 -14 3 -6 10 -19 2 15 2 
15 21 -9 0 19 8 9 5 18 3 -11 20 16 19 16 -15 -6 19 -21 5 
82
1
11 16
8 3
0
0
