20 20
-9 9 -1 0 -9 5 12 13 3 9 13 6 10 -8 10 2 4 3 4 7 
9 13 -11 -10 13 12 2 13 -12 0 14 9 2 4 12 -3 5 1 13 6 
5 2 7 9 -12 5 4 9 -12 1 8 8 9 -1 3 -9 6 8 -8 -2 
11 -12 12 -7 2 7 -9 7 7 13 10 9 3 5 13 -9 -12 13 1 9 
-13 1 2 -5 13 4 8 2 8 4 9 12 12 -9 14 0 11 -11 -14 -2 
7 8 14 11 1 12 13 0 6 11 8 -7 -2 6 2 -13 9 13 7 5 
9 1 9 11 6 5 2 4 12 10 0 3 7 13 2 13 -9 14 11 -8 
9 0 11 3 13 6 7 -7 -5 -7 -7 13 2 9 10 9 6 -6 8 14 
7 11 11 2 12 -6 11 3 5 -14 -10 8 9 -2 7 8 -4 4 2 8 
10 12 10 2 0 -4 13 4 12 14 -14 0 9 4 12 -7 3 8 2 1 
1 2 8 3 -7 12 4 9 0 -14 14 12 4 13 -4 0 2 10 12 10 
8 2 4 -4 8 7 -2 9 8 -10 -14 5 3 11 -6 12 2 11 11 7 
14 8 -6 6 9 10 9 2 13 -7 -7 -5 -7 7 6 13 3 11 0 9 
-8 11 14 -9 13 2 13 7 3 0 10 12 4 2 5 6 11 9 1 9 
5 7 13 9 -13 2 6 -2 -7 8 11 6 0 13 12 1 11 14 8 7 
-2 -14 -11 11 0 14 -9 12 12 9 4 8 2 8 4 13 -5 2 1 -13 
9 1 13 -12 -9 13 5 3 9 10 13 7 7 -9 7 2 -7 12 -12 11 
-2 -8 8 6 -9 3 -1 9 8 8 1 -12 9 4 5 -12 9 7 2 5 
6 13 1 5 -3 12 4 2 9 14 0 -12 13 2 12 13 -10 -11 13 9 
7 4 3 4 2 10 -8 10 6 13 9 3 13 12 5 -9 0 -1 9 -9 
100
1
19 16
0 3
0
0
