20 20
-21 26 14 17 -13 19 16 16 -1 25 -6 -17 0 22 -26 -13 -18 17 12 10 
-14 15 16 -19 26 3 -23 1 2 16 7 -10 5 -17 20 -27 14 0 0 4 
-7 7 -24 0 4 25 22 16 12 18 5 1 11 17 22 17 1 12 23 13 
8 3 17 20 13 11 -5 25 1 15 -11 -22 20 21 25 -22 25 2 9 -27 
-3 15 22 5 25 -9 24 23 -15 19 8 27 10 16 -18 -2 1 13 18 -21 
15 -12 -15 -18 12 16 8 13 8 -21 14 -8 -4 -25 -5 7 5 24 27 0 
-2 7 5 -25 2 2 13 7 27 -22 6 -27 -5 23 25 -27 -15 24 1 1 
20 -9 19 2 -12 22 25 19 15 8 9 18 6 23 20 20 4 -11 8 22 
-1 5 26 15 -7 23 27 14 8 26 20 -13 4 10 19 -19 25 12 12 10 
-7 -24 25 15 -15 17 22 24 22 0 13 -8 25 5 23 15 -10 14 12 8 
8 12 14 -10 15 23 5 25 -8 13 0 22 24 22 17 -15 15 25 -24 -7 
10 12 12 25 -19 19 10 4 -13 20 26 8 14 27 23 -7 15 26 5 -1 
22 8 -11 4 20 20 23 6 18 9 8 15 19 25 22 -12 2 19 -9 20 
1 1 24 -15 -27 25 23 -5 -27 6 -22 27 7 13 2 2 -25 5 7 -2 
0 27 24 5 7 -5 -25 -4 -8 14 -21 8 13 8 16 12 -18 -15 -12 15 
-21 18 13 1 -2 -18 16 10 27 8 19 -15 23 24 -9 25 5 22 15 -3 
-27 9 2 25 -22 25 21 20 -22 -11 15 1 25 -5 11 13 20 17 3 8 
13 23 12 1 17 22 17 11 1 5 18 12 16 22 25 4 0 -24 7 -7 
4 0 0 14 -27 20 -17 5 -10 7 16 2 1 -23 3 26 -19 16 15 -14 
10 12 17 -18 -13 -26 22 0 -17 -6 25 -1 16 16 19 -13 17 14 26 -21 
58
1
4 0
15 19
0
0
