20 20
3 16 11 -6 14 21 18 20 20 -6 -20 16 3 18 14 3 1 14 17 6 
-2 23 -19 -3 -26 9 -13 -15 1 16 -7 1 0 9 22 -11 -21 19 -9 11 
-9 4 7 -17 6 26 13 -19 24 10 -20 9 26 -8 -8 23 -17 -2 12 26 
16 5 20 26 15 -22 23 1 13 -21 26 9 5 1 2 6 9 12 1 22 
8 -10 23 7 26 3 -12 8 16 -5 -14 -18 6 15 -25 -9 19 2 6 19 
25 3 22 26 2 13 12 18 3 9 23 13 -23 -20 -13 12 5 -24 20 24 
12 -8 14 6 23 -14 5 -25 7 -5 2 3 23 20 -7 -5 24 -4 -22 3 
17 17 -20 21 -18 0 15 18 24 17 18 -7 1 20 18 -25 -17 -9 -22 -12 
11 22 14 10 17 15 23 9 16 -21 14 20 25 -1 4 20 -12 10 10 -9 
4 19 5 23 10 7 1 21 19 -6 15 7 9 -5 26 26 3 24 23 12 
12 23 24 3 26 26 -5 9 7 15 -6 19 21 1 7 10 23 5 19 4 
-9 10 10 -12 20 4 -1 25 20 14 -21 16 9 23 15 17 10 14 22 11 
-12 -22 -9 -17 -25 18 20 1 -7 18 17 24 18 15 0 -18 21 -20 17 17 
3 -22 -4 24 -5 -7 20 23 3 2 -5 7 -25 5 -14 23 6 14 -8 12 
24 20 -24 5 12 -13 -20 -23 13 23 9 3 18 12 13 2 26 22 3 25 
19 6 2 19 -9 -25 15 6 -18 -14 -5 16 8 -12 3 26 7 23 -10 8 
22 1 12 9 6 2 1 5 9 26 -21 13 1 23 -22 15 26 20 5 16 
26 12 -2 -17 23 -8 -8 26 9 -20 10 24 -19 13 26 6 -17 7 4 -9 
11 -9 19 -21 -11 22 9 0 1 -7 16 1 -15 -13 9 -26 -3 -19 23 -2 
6 17 14 1 3 14 18 3 16 -20 -6 20 20 18 21 14 -6 11 16 3 
110
1
14 4
5 15
0
0
