20 20
-1 18 5 16 6 10 9 3 -7 13 6 5 -14 12 12 11 -12 16 0 11 
15 3 -18 8 -15 17 14 15 6 16 -8 14 13 -6 16 -17 -6 4 5 10 
5 6 15 8 -15 6 3 16 -18 13 -12 7 5 18 15 10 -16 -7 2 -14 
18 16 17 -17 -4 8 15 5 7 7 -10 -12 4 8 15 13 -4 -5 7 5 
8 10 3 18 15 -9 2 4 13 17 7 -5 8 11 12 2 13 11 0 -14 
18 5 3 9 4 5 14 13 -15 13 18 18 10 -5 -9 5 4 11 1 5 
11 4 18 2 6 7 16 11 18 7 1 -8 -8 -5 14 4 -13 14 6 0 
6 6 -14 -12 11 5 14 11 -15 4 4 12 4 15 -18 15 -6 14 17 17 
14 -8 -18 -1 -17 14 11 15 1 8 5 7 7 18 -7 12 0 7 0 16 
4 10 -7 8 13 -18 4 14 8 18 4 11 10 -14 5 17 6 13 -4 -7 
-7 -4 13 6 17 5 -14 10 11 4 18 8 14 4 -18 13 8 -7 10 4 
16 0 7 0 12 -7 18 7 7 5 8 1 15 11 14 -17 -1 -18 -8 14 
17 17 14 -6 15 -18 15 4 12 4 4 -15 11 14 5 11 -12 -14 6 6 
0 6 14 -13 4 14 -5 -8 -8 1 7 18 11 16 7 6 2 18 4 11 
5 1 11 4 5 -9 -5 10 18 18 13 -15 13 14 5 4 9 3 5 18 
-14 0 11 13 2 12 11 8 -5 7 17 13 4 2 -9 15 18 3 10 8 
5 7 -5 -4 13 15 8 4 -12 -10 7 7 5 15 8 -4 -17 17 16 18 
-14 2 -7 -16 10 15 18 5 7 -12 13 -18 16 3 6 -15 8 15 6 5 
10 5 4 -6 -17 16 -6 13 14 -8 16 6 15 14 17 -15 8 -18 3 15 
11 0 16 -12 11 12 12 -14 5 6 13 -7 3 9 10 6 16 5 18 -1 
76
1
19 4
0 15
0
0
