20 20
-29 -10 3 -19 5 -23 14 17 29 -4 22 28 -13 16 17 16 23 -14 24 27 
17 22 7 6 10 24 8 4 -6 25 29 24 15 21 26 20 25 0 8 15 
21 15 -11 21 10 16 0 -16 18 -20 14 3 -4 26 2 17 0 30 30 25 
24 26 11 8 16 13 28 17 -29 25 -2 19 25 12 12 -8 20 18 22 5 
11 19 24 6 30 16 17 9 9 23 27 28 29 -16 16 30 -6 2 1 17 
-1 11 10 30 -1 23 -26 11 22 21 -13 -18 -22 9 -9 24 29 -24 4 14 
3 -4 -24 22 9 -11 27 18 -28 -12 -12 0 -15 12 15 19 21 -18 -24 26 
-24 23 12 13 4 25 29 22 27 0 -14 5 26 14 12 -25 -11 -25 -20 -29 
10 30 9 -11 -29 8 22 -25 13 4 5 0 -11 18 22 -15 6 26 28 -28 
8 -10 13 19 5 15 16 24 11 25 27 8 5 -23 26 -15 11 12 28 17 
17 28 12 11 -15 26 -23 5 8 27 25 11 24 16 15 5 19 13 -10 8 
-28 28 26 6 -15 22 18 -11 0 5 4 13 -25 22 8 -29 -11 9 30 10 
-29 -20 -25 -11 -25 12 14 26 5 -14 0 27 22 29 25 4 13 12 23 -24 
26 -24 -18 21 19 15 12 -15 0 -12 -12 -28 18 27 -11 9 22 -24 -4 3 
14 4 -24 29 24 -9 9 -22 -18 -13 21 22 11 -26 23 -1 30 10 11 -1 
17 1 2 -6 30 16 -16 29 28 27 23 9 9 17 16 30 6 24 19 11 
5 22 18 20 -8 12 12 25 19 -2 25 -29 17 28 13 16 8 11 26 24 
25 30 30 0 17 2 26 -4 3 14 -20 18 -16 0 16 10 21 -11 15 21 
15 8 0 25 20 26 21 15 24 29 25 -6 4 8 24 10 6 7 22 17 
27 24 -14 23 16 17 16 -13 28 22 -4 29 17 14 -23 5 -19 3 -10 -29 
163
1
16 5
3 14
0
0
