20 20
0 -13 5 22 -23 27 1 -3 -17 12 -3 17 14 0 6 27 15 23 25 -14 
27 12 -19 5 19 11 11 16 2 22 1 17 15 4 1 -17 -20 15 13 1 
0 14 16 -4 -20 -13 13 8 -12 11 -23 -16 18 25 -5 -2 -25 16 25 -27 
4 3 -27 0 -14 20 -7 -18 6 -16 9 9 8 27 13 19 24 -3 23 26 
-2 2 -19 9 22 9 1 6 -22 1 27 23 24 10 0 26 13 22 20 8 
-14 -8 3 26 -4 11 -17 -13 16 0 20 -8 4 6 11 19 19 6 14 7 
-11 11 1 -9 -1 9 21 -8 -5 25 7 4 -25 19 22 -5 -6 -24 11 18 
18 12 14 12 21 -27 10 16 4 17 7 22 8 11 -4 -5 0 25 8 8 
2 7 7 17 10 13 25 10 -8 -19 15 22 18 10 16 27 -15 12 13 -8 
20 15 15 8 2 14 27 -17 11 -14 14 24 16 11 1 19 24 -3 11 20 
20 11 -3 24 19 1 11 16 24 14 -14 11 -17 27 14 2 8 15 15 20 
-8 13 12 -15 27 16 10 18 22 15 -19 -8 10 25 13 10 17 7 7 2 
8 8 25 0 -5 -4 11 8 22 7 17 4 16 10 -27 21 12 14 12 18 
18 11 -24 -6 -5 22 19 -25 4 7 25 -5 -8 21 9 -1 -9 1 11 -11 
7 14 6 19 19 11 6 4 -8 20 0 16 -13 -17 11 -4 26 3 -8 -14 
8 20 22 13 26 0 10 24 23 27 1 -22 6 1 9 22 9 -19 2 -2 
26 23 -3 24 19 13 27 8 9 9 -16 6 -18 -7 20 -14 0 -27 3 4 
-27 25 16 -25 -2 -5 25 18 -16 -23 11 -12 8 13 -13 -20 -4 16 14 0 
1 13 15 -20 -17 1 4 15 17 1 22 2 16 11 11 19 5 -19 12 27 
-14 25 23 15 27 6 0 14 17 -3 12 -17 -3 1 27 -23 22 5 -13 0 
129
1
14 0
5 19
0
0
