20 20
-3 12 1 1 20 9 23 -4 15 7 16 18 -27 -14 -6 10 0 1 8 9 
13 9 19 15 -14 3 19 1 -6 18 4 23 27 25 7 18 -16 -9 18 -1 
26 23 12 23 1 -10 3 -13 4 13 16 -16 -15 18 -18 20 27 4 10 10 
24 6 13 23 27 23 -24 16 12 10 12 11 13 10 2 6 -13 17 21 -11 
23 22 6 10 -6 7 9 -10 -13 21 -7 21 -19 27 3 26 20 10 10 15 
16 -18 17 22 17 5 20 27 22 19 27 18 -24 -20 -11 5 5 3 0 -5 
0 -19 3 4 -17 23 4 19 11 20 21 -26 17 0 19 25 5 -20 24 24 
22 9 15 18 10 14 15 12 27 27 10 -20 17 20 14 5 4 6 18 19 
2 -10 -16 26 -12 0 26 11 21 1 0 5 -18 23 14 26 4 20 14 17 
-19 19 3 17 5 11 21 4 18 17 16 4 8 20 2 22 19 26 -1 6 
6 -1 26 19 22 2 20 8 4 16 17 18 4 21 11 5 17 3 19 -19 
17 14 20 4 26 14 23 -18 5 0 1 21 11 26 0 -12 26 -16 -10 2 
19 18 6 4 5 14 20 17 -20 10 27 27 12 15 14 10 18 15 9 22 
24 24 -20 5 25 19 0 17 -26 21 20 11 19 4 23 -17 4 3 -19 0 
-5 0 3 5 5 -11 -20 -24 18 27 19 22 27 20 5 17 22 17 -18 16 
15 10 10 20 26 3 27 -19 21 -7 21 -13 -10 9 7 -6 10 6 22 23 
-11 21 17 -13 6 2 10 13 11 12 10 12 16 -24 23 27 23 13 6 24 
10 10 4 27 20 -18 18 -15 -16 16 13 4 -13 3 -10 1 23 12 23 26 
-1 18 -9 -16 18 7 25 27 23 4 18 -6 1 19 3 -14 15 19 9 13 
9 8 1 0 10 -6 -14 -27 18 16 7 15 -4 23 9 20 1 1 12 -3 
176
1
1 18
18 1
0
0
