20 20
24 -4 14 3 20 14 20 6 5 11 26 3 -16 12 -20 0 -12 -14 22 -5 
19 21 10 11 10 4 24 16 4 -4 19 10 -5 5 12 25 1 14 -6 5 
9 10 13 -20 15 23 -16 -3 -15 10 16 10 25 15 -22 14 2 25 16 23 
8 12 21 -17 17 9 23 25 4 24 21 2 21 4 1 14 15 -14 16 -18 
22 -17 9 -8 23 10 19 3 26 7 18 23 3 -5 3 10 19 17 2 6 
-25 13 20 25 7 6 -18 19 -12 4 18 15 6 -13 0 -24 10 0 14 22 
4 7 11 16 4 18 20 21 25 21 17 -18 20 2 15 7 5 4 -24 5 
12 2 -26 26 -1 -24 3 -17 26 13 -10 22 -25 25 14 19 26 9 -20 21 
-11 14 6 22 -12 -3 8 21 2 17 -20 -26 0 -25 8 22 5 22 -15 9 
-5 16 2 15 5 -23 10 -14 19 -3 20 -3 15 11 19 20 -19 -26 -17 3 
3 -17 -26 -19 20 19 11 15 -3 20 -3 19 -14 10 -23 5 15 2 16 -5 
9 -15 22 5 22 8 -25 0 -26 -20 17 2 21 8 -3 -12 22 6 14 -11 
21 -20 9 26 19 14 25 -25 22 -10 13 26 -17 3 -24 -1 26 -26 2 12 
5 -24 4 5 7 15 2 20 -18 17 21 25 21 20 18 4 16 11 7 4 
22 14 0 10 -24 0 -13 6 15 18 4 -12 19 -18 6 7 25 20 13 -25 
6 2 17 19 10 3 -5 3 23 18 7 26 3 19 10 23 -8 9 -17 22 
-18 16 -14 15 14 1 4 21 2 21 24 4 25 23 9 17 -17 21 12 8 
23 16 25 2 14 -22 15 25 10 16 10 -15 -3 -16 23 15 -20 13 10 9 
5 -6 14 1 25 12 5 -5 10 19 -4 4 16 24 4 10 11 10 21 19 
-5 22 -14 -12 0 -20 12 -16 3 26 11 5 6 20 14 20 3 14 -4 24 
34
1
1 12
18 7
0
0
