20 20
12 18 -8 13 16 4 11 4 20 21 20 -18 -8 -16 -19 6 22 24 21 6 
8 7 15 7 3 21 17 -19 18 -18 -20 16 12 9 -3 24 -17 -11 19 -19 
-25 17 3 2 2 6 11 6 -7 21 8 0 7 15 -6 -5 20 25 9 15 
-23 21 -7 -15 12 23 -17 -8 24 1 22 -6 16 18 -6 1 17 13 14 18 
13 15 -2 19 10 6 -2 16 19 -18 -2 14 17 -19 24 0 -4 -12 -16 6 
25 11 4 18 20 4 7 4 20 -21 13 16 22 -24 9 13 0 9 9 -18 
-6 22 4 12 -13 19 3 17 10 21 23 10 19 18 23 14 -21 9 -21 21 
25 23 -24 25 -1 19 11 9 1 25 8 -5 6 24 8 10 9 6 20 14 
16 3 10 -1 23 -13 23 19 21 8 3 16 5 5 3 20 8 -16 8 0 
14 17 9 5 6 20 25 23 13 -7 -2 -9 3 -19 -18 12 9 6 15 19 
19 15 6 9 12 -18 -19 3 -9 -2 -7 13 23 25 20 6 5 9 17 14 
0 8 -16 8 20 3 5 5 16 3 8 21 19 23 -13 23 -1 10 3 16 
14 20 6 9 10 8 24 6 -5 8 25 1 9 11 19 -1 25 -24 23 25 
21 -21 9 -21 14 23 18 19 10 23 21 10 17 3 19 -13 12 4 22 -6 
-18 9 9 0 13 9 -24 22 16 13 -21 20 4 7 4 20 18 4 11 25 
6 -16 -12 -4 0 24 -19 17 14 -2 -18 19 16 -2 6 10 19 -2 15 13 
18 14 13 17 1 -6 18 16 -6 22 1 24 -8 -17 23 12 -15 -7 21 -23 
15 9 25 20 -5 -6 15 7 0 8 21 -7 6 11 6 2 2 3 17 -25 
-19 19 -11 -17 24 -3 9 12 16 -20 -18 18 -19 17 21 3 7 15 7 8 
6 21 24 22 6 -19 -16 -8 -18 20 21 20 4 11 4 16 13 -8 18 12 
199
1
0 16
19 3
0
0
