20 20
6 4 12 -2 13 10 3 -9 13 10 14 3 -2 13 8 -2 0 9 7 16 
16 8 13 -15 -13 -3 10 -14 4 3 -7 -18 10 0 -17 -15 -8 -6 -14 3 
-17 11 16 3 10 8 -10 -14 5 -15 -13 13 -7 -14 -13 0 4 4 11 -18 
18 2 17 -12 9 -6 14 13 4 4 17 9 12 -16 -15 1 3 7 1 8 
0 9 5 9 -2 -5 -1 -4 11 -9 11 -4 -14 7 11 4 11 -11 -9 6 
-9 -5 0 17 -7 13 -16 16 0 0 -17 -16 11 7 -17 -3 0 -1 -15 13 
8 1 12 -14 17 -4 -11 -11 1 14 4 4 1 8 7 -6 1 17 15 -10 
10 1 12 -13 -6 11 10 12 -11 8 4 18 18 -11 12 18 4 -17 14 12 
10 -13 -14 7 -16 11 -1 18 7 -5 -7 10 11 6 13 12 11 -7 13 7 
16 12 18 -14 3 9 11 15 9 0 0 2 -10 7 14 -8 7 5 13 15 
15 13 5 7 -8 14 7 -10 2 0 0 9 15 11 9 3 -14 18 12 16 
7 13 -7 11 12 13 6 11 10 -7 -5 7 18 -1 11 -16 7 -14 -13 10 
12 14 -17 4 18 12 -11 18 18 4 8 -11 12 10 11 -6 -13 12 1 10 
-10 15 17 1 -6 7 8 1 4 4 14 1 -11 -11 -4 17 -14 12 1 8 
13 -15 -1 0 -3 -17 7 11 -16 -17 0 0 16 -16 13 -7 17 0 -5 -9 
6 -9 -11 11 4 11 7 -14 -4 11 -9 11 -4 -1 -5 -2 9 5 9 0 
8 1 7 3 1 -15 -16 12 9 17 4 4 13 14 -6 9 -12 17 2 18 
-18 11 4 4 0 -13 -14 -7 13 -13 -15 5 -14 -10 8 10 3 16 11 -17 
3 -14 -6 -8 -15 -17 0 10 -18 -7 3 4 -14 10 -3 -13 -15 13 8 16 
16 7 9 0 -2 8 13 -2 3 14 10 13 -9 3 10 13 -2 12 4 6 
70
1
13 1
6 18
0
0
