20 20
-16 9 18 -19 -13 2 23 -4 10 7 15 4 0 18 -14 9 22 24 24 13 
-12 -13 -15 15 -1 15 0 2 22 21 17 4 21 20 -19 -9 6 15 17 8 
4 20 -24 2 7 -2 20 8 24 8 15 -19 14 22 21 -14 14 2 -13 22 
24 -2 14 1 8 14 21 4 8 20 -11 -9 6 5 -20 2 23 16 -7 -21 
23 21 2 -18 -20 -1 18 16 6 10 10 8 16 21 6 12 -21 10 14 -14 
-9 -24 13 8 1 -7 -16 23 2 23 7 21 7 20 -23 -13 12 18 0 12 
17 4 23 17 2 23 9 -4 17 -2 1 -24 2 -13 -19 8 6 12 -4 17 
14 8 3 -3 10 2 18 -19 -21 14 4 4 24 14 18 6 4 13 7 6 
6 20 13 8 -3 4 18 1 5 -14 24 16 -18 9 18 2 -20 -2 18 7 
23 8 -21 2 14 22 2 20 23 -15 0 -14 1 17 -9 1 3 15 21 13 
13 21 15 3 1 -9 17 1 -14 0 -15 23 20 2 22 14 2 -21 8 23 
7 18 -2 -20 2 18 9 -18 16 24 -14 5 1 18 4 -3 8 13 20 6 
6 7 13 4 6 18 14 24 4 4 14 -21 -19 18 2 10 -3 3 8 14 
17 -4 12 6 8 -19 -13 2 -24 1 -2 17 -4 9 23 2 17 23 4 17 
12 0 18 12 -13 -23 20 7 21 7 23 2 23 -16 -7 1 8 13 -24 -9 
-14 14 10 -21 12 6 21 16 8 10 10 6 16 18 -1 -20 -18 2 21 23 
-21 -7 16 23 2 -20 5 6 -9 -11 20 8 4 21 14 8 1 14 -2 24 
22 -13 2 14 -14 21 22 14 -19 15 8 24 8 20 -2 7 2 -24 20 4 
8 17 15 6 -9 -19 20 21 4 17 21 22 2 0 15 -1 15 -15 -13 -12 
13 24 24 22 9 -14 18 0 4 15 7 10 -4 23 2 -13 -19 18 9 -16 
82
1
19 16
0 3
0
0
