20 20
-18 6 14 7 7 16 9 14 -10 -2 -3 1 12 -15 15 18 4 7 7 1 
10 12 4 8 4 -5 11 4 14 4 9 0 12 17 -6 7 7 3 5 17 
2 13 15 7 12 13 11 15 12 15 6 -15 15 6 13 -13 13 2 12 4 
11 12 7 1 10 12 9 -15 11 -7 9 6 -8 2 3 18 6 10 8 13 
17 10 13 11 16 15 11 13 2 3 -12 17 -10 15 15 0 17 4 18 3 
18 16 -5 14 2 1 -2 3 17 -9 -12 13 15 15 12 1 -17 3 7 18 
8 -7 -15 17 14 6 10 13 -12 12 14 16 17 8 18 7 14 8 -7 4 
-14 15 9 10 6 18 13 -13 -12 14 13 11 -5 9 15 11 -5 3 -2 14 
13 4 -3 -5 5 2 -12 5 4 12 1 11 6 -9 13 -10 -10 1 12 15 
-6 2 7 5 12 6 9 -16 18 -2 5 10 4 13 -15 10 -17 9 5 4 
4 5 9 -17 10 -15 13 4 10 5 -2 18 -16 9 6 12 5 7 2 -6 
15 12 1 -10 -10 13 -9 6 11 1 12 4 5 -12 2 5 -5 -3 4 13 
14 -2 3 -5 11 15 9 -5 11 13 14 -12 -13 13 18 6 10 9 15 -14 
4 -7 8 14 7 18 8 17 16 14 12 -12 13 10 6 14 17 -15 -7 8 
18 7 3 -17 1 12 15 15 13 -12 -9 17 3 -2 1 2 14 -5 16 18 
3 18 4 17 0 15 15 -10 17 -12 3 2 13 11 15 16 11 13 10 17 
13 8 10 6 18 3 2 -8 6 9 -7 11 -15 9 12 10 1 7 12 11 
4 12 2 13 -13 13 6 15 -15 6 15 12 15 11 13 12 7 15 13 2 
17 5 3 7 7 -6 17 12 0 9 4 14 4 11 -5 4 8 4 12 10 
1 7 7 4 18 15 -15 12 1 -3 -2 -10 14 9 16 7 7 14 6 -18 
72
1
16 3
3 16
0
0
