20 20
10 -23 -18 21 20 8 -23 5 18 16 6 18 -21 6 -16 24 -11 14 -23 -21 
17 17 9 1 15 -13 5 11 15 0 1 2 24 18 10 -1 7 24 -20 15 
2 23 8 -12 14 1 -16 4 6 5 14 13 19 2 9 5 20 7 10 13 
21 -20 15 -15 4 -21 -18 13 16 2 14 4 12 15 19 19 -10 5 3 -13 
25 14 19 23 5 17 20 1 2 -14 2 21 -18 11 21 18 1 13 -2 -23 
16 19 14 -8 9 -10 -25 22 8 20 23 3 -3 0 24 3 0 11 -17 -19 
24 5 21 -22 22 3 -9 21 -14 4 19 0 4 15 -6 2 -24 10 23 19 
-1 -12 1 11 -21 10 -1 -16 21 -13 -21 17 16 3 18 16 20 1 4 7 
2 -9 -15 2 1 5 7 13 18 16 -9 21 10 12 -6 23 15 15 24 25 
6 15 -4 15 -22 1 24 3 7 -19 10 -22 12 10 5 17 8 16 -2 22 
22 -2 16 8 17 5 10 12 -22 10 -19 7 3 24 1 -22 15 -4 15 6 
25 24 15 15 23 -6 12 10 21 -9 16 18 13 7 5 1 2 -15 -9 2 
7 4 1 20 16 18 3 16 17 -21 -13 21 -16 -1 10 -21 11 1 -12 -1 
19 23 10 -24 2 -6 15 4 0 19 4 -14 21 -9 3 22 -22 21 5 24 
-19 -17 11 0 3 24 0 -3 3 23 20 8 22 -25 -10 9 -8 14 19 16 
-23 -2 13 1 18 21 11 -18 21 2 -14 2 1 20 17 5 23 19 14 25 
-13 3 5 -10 19 19 15 12 4 14 2 16 13 -18 -21 4 -15 15 -20 21 
13 10 7 20 5 9 2 19 13 14 5 6 4 -16 1 14 -12 8 23 2 
15 -20 24 7 -1 10 18 24 2 1 0 15 11 5 -13 15 1 9 17 17 
-21 -23 14 -11 24 -16 6 -21 18 6 16 18 5 -23 8 20 21 -18 -23 10 
184
1
8 18
11 1
0
0
