20 20
-1 26 10 15 18 2 8 11 10 10 24 5 1 -21 28 14 24 1 22 -10 
9 -25 4 -29 18 16 6 20 10 8 2 17 18 10 14 1 0 2 25 2 
11 -25 8 -23 22 23 26 12 14 -23 24 6 4 7 14 16 -21 0 -24 10 
1 9 26 24 -9 2 18 10 29 14 6 12 27 5 28 -27 -13 3 -16 13 
24 16 -14 6 17 23 24 -2 3 19 4 26 3 22 17 3 22 17 6 7 
6 22 5 26 25 29 7 18 -5 3 21 19 7 -1 -20 20 2 -7 13 -16 
16 6 7 13 7 11 -19 2 28 10 -3 -5 29 1 20 -20 26 8 -6 25 
0 -2 9 -2 25 8 -11 -11 28 7 -24 21 27 4 12 21 5 5 21 11 
-1 5 13 22 11 29 3 16 -28 16 12 -23 9 -13 13 25 12 11 21 3 
14 21 1 22 -18 -19 19 29 -17 28 -6 18 17 9 22 -20 25 27 17 -8 
-8 17 27 25 -20 22 9 17 18 -6 28 -17 29 19 -19 -18 22 1 21 14 
3 21 11 12 25 13 -13 9 -23 12 16 -28 16 3 29 11 22 13 5 -1 
11 21 5 5 21 12 4 27 21 -24 7 28 -11 -11 8 25 -2 9 -2 0 
25 -6 8 26 -20 20 1 29 -5 -3 10 28 2 -19 11 7 13 7 6 16 
-16 13 -7 2 20 -20 -1 7 19 21 3 -5 18 7 29 25 26 5 22 6 
7 6 17 22 3 17 22 3 26 4 19 3 -2 24 23 17 6 -14 16 24 
13 -16 3 -13 -27 28 5 27 12 6 14 29 10 18 2 -9 24 26 9 1 
10 -24 0 -21 16 14 7 4 6 24 -23 14 12 26 23 22 -23 8 -25 11 
2 25 2 0 1 14 10 18 17 2 8 10 20 6 16 18 -29 4 -25 9 
-10 22 1 24 14 28 -21 1 5 24 10 10 11 8 2 18 15 10 26 -1 
49
1
7 3
12 16
0
0
