20 20
16 23 24 0 9 4 10 -18 24 3 25 2 -9 3 18 -8 6 -24 -25 19 
-5 5 22 4 17 5 19 -26 5 17 8 21 -20 19 17 -22 -21 21 10 0 
3 13 4 4 -21 -11 1 23 0 4 -18 20 7 16 10 -1 4 25 15 -7 
15 21 26 15 7 -4 5 5 10 15 17 -22 19 21 -11 -8 21 24 17 2 
-18 -11 26 -17 25 3 26 -15 4 6 -18 -17 -25 -13 7 22 25 21 13 21 
14 23 -7 -2 23 22 19 10 18 -16 -13 12 23 -9 14 10 17 25 22 9 
19 -4 11 19 14 -1 6 7 -13 20 -1 13 14 7 19 7 18 0 24 18 
2 0 22 -12 25 2 18 21 26 -3 7 -16 0 -3 16 -20 19 7 13 9 
-17 11 17 8 5 8 -19 16 -11 11 8 16 6 10 9 17 -6 25 18 9 
25 -26 19 13 19 -22 14 12 25 19 -6 8 5 21 14 25 9 -19 -24 20 
20 -24 -19 9 25 14 21 5 8 -6 19 25 12 14 -22 19 13 19 -26 25 
9 18 25 -6 17 9 10 6 16 8 11 -11 16 -19 8 5 8 17 11 -17 
9 13 7 19 -20 16 -3 0 -16 7 -3 26 21 18 2 25 -12 22 0 2 
18 24 0 18 7 19 7 14 13 -1 20 -13 7 6 -1 14 19 11 -4 19 
9 22 25 17 10 14 -9 23 12 -13 -16 18 10 19 22 23 -2 -7 23 14 
21 13 21 25 22 7 -13 -25 -17 -18 6 4 -15 26 3 25 -17 26 -11 -18 
2 17 24 21 -8 -11 21 19 -22 17 15 10 5 5 -4 7 15 26 21 15 
-7 15 25 4 -1 10 16 7 20 -18 4 0 23 1 -11 -21 4 4 13 3 
0 10 21 -21 -22 17 19 -20 21 8 17 5 -26 19 5 17 4 22 5 -5 
19 -25 -24 6 -8 18 3 -9 2 25 3 24 -18 10 4 9 0 24 23 16 
31
1
0 4
19 15
0
0
