20 20
-6 -20 -7 -7 3 2 3 -13 -2 10 7 21 16 6 18 20 15 -4 21 -19 
22 3 2 -16 13 -22 3 23 23 1 12 -22 15 2 11 -15 14 6 0 -16 
12 11 13 12 5 5 -18 12 16 4 -22 3 -19 -3 -15 9 20 -23 -18 21 
12 -12 19 -16 0 15 21 -20 13 1 14 -12 19 10 13 -13 6 23 10 -23 
20 3 14 -23 3 8 2 1 4 8 -10 9 -18 3 17 1 8 11 2 13 
-2 -5 -22 10 -8 13 -15 16 -15 -3 -12 -21 3 15 14 9 6 13 5 -10 
8 0 22 6 22 13 14 2 2 6 2 -5 4 7 4 6 19 22 13 1 
10 2 12 15 19 18 15 15 -19 -19 17 7 16 3 -3 4 -4 0 -4 22 
-9 20 0 1 10 23 2 10 9 10 7 9 3 6 8 0 0 -5 15 18 
16 15 1 14 23 17 12 18 2 22 -1 16 18 23 21 -20 1 15 8 1 
1 8 15 1 -20 21 23 18 16 -1 22 2 18 12 17 23 14 1 15 16 
18 15 -5 0 0 8 6 3 9 7 10 9 10 2 23 10 1 0 20 -9 
22 -4 0 -4 4 -3 3 16 7 17 -19 -19 15 15 18 19 15 12 2 10 
1 13 22 19 6 4 7 4 -5 2 6 2 2 14 13 22 6 22 0 8 
-10 5 13 6 9 14 15 3 -21 -12 -3 -15 16 -15 13 -8 10 -22 -5 -2 
13 2 11 8 1 17 3 -18 9 -10 8 4 1 2 8 3 -23 14 3 20 
-23 10 23 6 -13 13 10 19 -12 14 1 13 -20 21 15 0 -16 19 -12 12 
21 -18 -23 20 9 -15 -3 -19 3 -22 4 16 12 -18 5 5 12 13 11 12 
-16 0 6 14 -15 11 2 15 -22 12 1 23 23 3 -22 13 -16 2 3 22 
-19 21 -4 15 20 18 6 16 21 7 10 -2 -13 3 2 3 -7 -7 -20 -6 
186
1
4 16
15 3
0
0
