20 20
-11 18 17 -15 14 21 16 -10 24 16 18 9 18 8 -1 20 18 16 -1 21 
-3 -25 20 -17 17 9 14 19 3 24 -25 21 22 18 20 16 2 -5 12 22 
-2 16 12 25 11 3 18 23 -13 21 25 -23 15 11 17 2 19 23 7 5 
8 11 22 21 5 3 -23 3 11 8 19 -2 4 11 17 -17 21 7 -6 10 
-4 9 10 25 8 2 6 19 -7 15 16 18 0 25 18 11 6 19 16 5 
-1 -11 14 23 12 4 9 21 15 6 8 8 8 -20 24 23 23 -7 10 6 
13 11 14 21 12 12 -23 3 9 -18 13 -25 -17 17 17 -22 15 18 13 4 
-17 -20 -1 16 -23 14 -23 -25 25 20 9 25 20 8 18 -6 20 21 -3 6 
23 8 25 20 15 15 13 1 -23 19 14 -14 -16 22 1 0 3 -20 24 15 
2 22 25 20 16 16 19 7 25 1 -7 18 8 -1 -20 9 25 13 5 -4 
-4 5 13 25 9 -20 -1 8 18 -7 1 25 7 19 16 16 20 25 22 2 
15 24 -20 3 0 1 22 -16 -14 14 19 -23 1 13 15 15 20 25 8 23 
6 -3 21 20 -6 18 8 20 25 9 20 25 -25 -23 14 -23 16 -1 -20 -17 
4 13 18 15 -22 17 17 -17 -25 13 -18 9 3 -23 12 12 21 14 11 13 
6 10 -7 23 23 24 -20 8 8 8 6 15 21 9 4 12 23 14 -11 -1 
5 16 19 6 11 18 25 0 18 16 15 -7 19 6 2 8 25 10 9 -4 
10 -6 7 21 -17 17 11 4 -2 19 8 11 3 -23 3 5 21 22 11 8 
5 7 23 19 2 17 11 15 -23 25 21 -13 23 18 3 11 25 12 16 -2 
22 12 -5 2 16 20 18 22 21 -25 24 3 19 14 9 17 -17 20 -25 -3 
21 -1 16 18 20 -1 8 18 9 18 16 24 -10 16 21 14 -15 17 18 -11 
191
1
5 4
14 15
0
0
