20 20
14 -8 18 -8 2 9 21 12 0 2 -8 20 -7 10 3 16 -18 -10 3 1 
22 20 19 3 12 19 -17 -7 -16 -12 15 12 22 17 5 5 1 -6 18 13 
9 -21 11 13 15 17 21 7 1 18 0 7 10 10 4 8 18 1 7 6 
-22 17 3 -8 4 18 15 10 5 -9 9 -15 9 9 4 17 20 15 15 10 
8 18 14 15 1 19 18 -1 11 12 18 12 5 0 17 20 5 2 7 13 
20 19 16 19 16 9 22 2 5 21 6 12 14 13 15 -8 -8 6 11 5 
0 0 6 -5 -2 8 2 0 9 22 8 2 9 14 5 17 9 -14 7 12 
16 19 17 0 20 11 9 -12 -3 4 8 19 -2 7 -22 -11 11 18 5 6 
21 22 13 15 4 17 9 14 6 3 7 15 11 16 14 20 18 13 -10 20 
12 -9 11 -9 22 -9 16 10 10 17 20 9 8 14 18 11 -3 3 7 16 
16 7 3 -3 11 18 14 8 9 20 17 10 10 16 -9 22 -9 11 -9 12 
20 -10 13 18 20 14 16 11 15 7 3 6 14 9 17 4 15 13 22 21 
6 5 18 11 -11 -22 7 -2 19 8 4 -3 -12 9 11 20 0 17 19 16 
12 7 -14 9 17 5 14 9 2 8 22 9 0 2 8 -2 -5 6 0 0 
5 11 6 -8 -8 15 13 14 12 6 21 5 2 22 9 16 19 16 19 20 
13 7 2 5 20 17 0 5 12 18 12 11 -1 18 19 1 15 14 18 8 
10 15 15 20 17 4 9 9 -15 9 -9 5 10 15 18 4 -8 3 17 -22 
6 7 1 18 8 4 10 10 7 0 18 1 7 21 17 15 13 11 -21 9 
13 18 -6 1 5 5 17 22 12 15 -12 -16 -7 -17 19 12 3 19 20 22 
1 3 -10 -18 16 3 10 -7 20 -8 2 0 12 21 9 2 -8 18 -8 14 
53
1
11 9
8 10
0
0
