20 20
16 11 -16 4 -3 15 -3 9 -12 13 20 4 8 18 -21 -2 13 20 6 2 
10 -18 11 17 -5 -7 -3 19 21 15 16 1 4 12 6 -8 -7 16 2 20 
5 13 -3 3 17 10 2 -14 2 8 12 7 15 15 -5 10 -2 5 13 11 
8 2 -3 16 18 15 20 17 -12 13 7 12 8 19 4 -6 21 20 -3 4 
15 15 11 8 -6 8 16 13 8 0 8 -9 2 20 11 -18 1 5 2 -15 
15 11 -5 4 -19 14 2 8 16 -7 0 -7 3 5 19 9 6 8 8 -7 
-10 3 -18 4 10 2 21 18 -14 17 2 12 -8 16 13 -21 -18 3 16 15 
-19 0 8 15 -11 0 19 21 18 17 -2 0 -4 18 20 5 14 20 8 12 
-4 -6 9 -7 -19 8 20 8 11 7 8 1 13 10 18 20 13 -4 14 19 
20 -21 -13 19 17 11 18 1 2 19 2 9 -19 15 2 17 3 0 10 18 
18 10 0 3 17 2 15 -19 9 2 19 2 1 18 11 17 19 -13 -21 20 
19 14 -4 13 20 18 10 13 1 8 7 11 8 20 8 -19 -7 9 -6 -4 
12 8 20 14 5 20 18 -4 0 -2 17 18 21 19 0 -11 15 8 0 -19 
15 16 3 -18 -21 13 16 -8 12 2 17 -14 18 21 2 10 4 -18 3 -10 
-7 8 8 6 9 19 5 3 -7 0 -7 16 8 2 14 -19 4 -5 11 15 
-15 2 5 1 -18 11 20 2 -9 8 0 8 13 16 8 -6 8 11 15 15 
4 -3 20 21 -6 4 19 8 12 7 13 -12 17 20 15 18 16 -3 2 8 
11 13 5 -2 10 -5 15 15 7 12 8 2 -14 2 10 17 3 -3 13 5 
20 2 16 -7 -8 6 12 4 1 16 15 21 19 -3 -7 -5 17 11 -18 10 
2 6 20 13 -2 -21 18 8 4 20 13 -12 9 -3 15 -3 4 -16 11 16 
74
1
17 2
2 17
0
0
