20 20
16 15 2 6 4 3 9 -7 -12 -1 15 8 6 2 7 14 8 16 10 -9 
11 -6 4 15 -11 0 -4 3 4 2 9 14 9 15 -9 16 7 2 -13 15 
-11 -8 14 -16 -8 2 2 2 9 1 7 9 7 7 14 4 10 6 6 15 
12 12 5 8 -11 11 4 5 12 10 12 11 -13 15 7 5 7 14 7 9 
3 10 13 16 6 6 13 -11 12 11 10 3 2 -6 12 4 0 6 -5 7 
13 1 16 0 10 2 16 3 9 13 9 11 8 1 15 5 1 9 8 5 
1 -8 14 0 6 5 10 16 4 15 4 -14 1 0 17 1 14 17 15 11 
11 -15 3 5 6 3 -3 -13 9 0 -2 6 -14 11 6 2 17 -9 11 8 
-13 11 15 5 4 9 12 16 -10 16 9 16 13 -10 10 14 8 14 7 0 
-13 -16 10 12 10 -13 14 2 13 2 11 -3 6 -2 11 6 2 13 -13 -8 
-8 -13 13 2 6 11 -2 6 -3 11 2 13 2 14 -13 10 12 10 -16 -13 
0 7 14 8 14 10 -10 13 16 9 16 -10 16 12 9 4 5 15 11 -13 
8 11 -9 17 2 6 11 -14 6 -2 0 9 -13 -3 3 6 5 3 -15 11 
11 15 17 14 1 17 0 1 -14 4 15 4 16 10 5 6 0 14 -8 1 
5 8 9 1 5 15 1 8 11 9 13 9 3 16 2 10 0 16 1 13 
7 -5 6 0 4 12 -6 2 3 10 11 12 -11 13 6 6 16 13 10 3 
9 7 14 7 5 7 15 -13 11 12 10 12 5 4 11 -11 8 5 12 12 
15 6 6 10 4 14 7 7 9 7 1 9 2 2 2 -8 -16 14 -8 -11 
15 -13 2 7 16 -9 15 9 14 9 2 4 3 -4 0 -11 15 4 -6 11 
-9 10 16 8 14 7 2 6 8 15 -1 -12 -7 9 3 4 6 2 15 16 
68
1
10 12
9 7
0
0
