20 20
29 -9 -8 28 13 -7 28 29 9 16 22 -13 22 20 11 -25 13 18 15 17 
15 1 16 5 3 29 7 26 29 25 4 28 9 29 4 6 20 -5 10 14 
0 -13 -19 19 9 25 8 23 30 18 20 15 20 -4 16 21 22 29 -17 -9 
11 24 22 28 2 -5 6 24 -29 13 -5 -2 -16 11 8 -30 19 -7 6 -19 
28 -23 12 -1 -24 -10 11 -26 9 -19 6 16 28 26 26 -5 -29 8 13 27 
-18 16 30 24 14 12 28 4 1 -23 8 1 3 4 -4 -4 15 8 -18 30 
5 15 -4 -21 27 4 14 -28 17 -13 13 27 19 14 16 1 2 1 3 10 
13 12 7 7 -28 15 14 1 22 6 -23 1 29 9 6 15 -1 6 -26 -30 
-12 3 19 12 16 -28 3 13 21 5 20 3 -28 -6 -1 16 3 12 10 -11 
-15 7 -24 2 -27 -9 -28 18 18 10 1 -2 4 27 21 3 -2 4 0 7 
7 0 4 -2 3 21 27 4 -2 1 10 18 18 -28 -9 -27 2 -24 7 -15 
-11 10 12 3 16 -1 -6 -28 3 20 5 21 13 3 -28 16 12 19 3 -12 
-30 -26 6 -1 15 6 9 29 1 -23 6 22 1 14 15 -28 7 7 12 13 
10 3 1 2 1 16 14 19 27 13 -13 17 -28 14 4 27 -21 -4 15 5 
30 -18 8 15 -4 -4 4 3 1 8 -23 1 4 28 12 14 24 30 16 -18 
27 13 8 -29 -5 26 26 28 16 6 -19 9 -26 11 -10 -24 -1 12 -23 28 
-19 6 -7 19 -30 8 11 -16 -2 -5 13 -29 24 6 -5 2 28 22 24 11 
-9 -17 29 22 21 16 -4 20 15 20 18 30 23 8 25 9 19 -19 -13 0 
14 10 -5 20 6 4 29 9 28 4 25 29 26 7 29 3 5 16 1 15 
17 15 18 13 -25 11 20 22 -13 22 16 9 29 28 -7 13 28 -8 -9 29 
46
1
14 17
5 2
0
0
