20 20
2 -24 19 18 12 20 -13 14 7 5 -2 18 22 11 13 11 24 17 21 17 
-10 9 5 4 2 18 -17 -7 19 18 -8 12 21 3 12 -21 18 19 21 1 
20 -22 20 -2 -8 13 8 20 20 12 16 17 -19 -23 -8 4 -16 1 15 11 
8 16 8 -16 19 21 9 -21 10 -3 -7 23 18 6 5 9 -17 24 5 13 
0 -3 10 -22 2 9 2 8 23 -17 -3 9 4 8 -6 -10 7 18 14 8 
-4 18 5 4 2 2 -10 -14 1 16 7 2 -17 -12 6 5 20 1 -5 14 
19 24 17 23 15 -9 21 13 19 -17 2 8 3 4 2 2 16 2 14 -13 
-6 -13 22 12 1 12 14 4 11 7 2 7 12 8 20 19 3 20 -5 4 
11 4 -23 -4 11 11 16 -2 -22 -14 0 -24 -12 15 2 -9 17 17 19 -15 
21 19 2 12 6 17 10 -6 3 6 16 7 6 -8 8 -13 -7 23 11 24 
24 11 23 -7 -13 8 -8 6 7 16 6 3 -6 10 17 6 12 2 19 21 
-15 19 17 17 -9 2 15 -12 -24 0 -14 -22 -2 16 11 11 -4 -23 4 11 
4 -5 20 3 19 20 8 12 7 2 7 11 4 14 12 1 12 22 -13 -6 
-13 14 2 16 2 2 4 3 8 2 -17 19 13 21 -9 15 23 17 24 19 
14 -5 1 20 5 6 -12 -17 2 7 16 1 -14 -10 2 2 4 5 18 -4 
8 14 18 7 -10 -6 8 4 9 -3 -17 23 8 2 9 2 -22 10 -3 0 
13 5 24 -17 9 5 6 18 23 -7 -3 10 -21 9 21 19 -16 8 16 8 
11 15 1 -16 4 -8 -23 -19 17 16 12 20 20 8 13 -8 -2 20 -22 20 
1 21 19 18 -21 12 3 21 12 -8 18 19 -7 -17 18 2 4 5 9 -10 
17 21 17 24 11 13 11 22 18 -2 5 7 14 -13 20 12 18 19 -24 2 
40
1
7 18
12 1
0
0
