20 20
-26 15 18 16 27 11 7 5 -5 1 17 -18 11 20 -10 2 -19 16 -1 23 
12 -21 -12 22 -12 -13 13 10 26 -3 -14 1 9 8 -14 -7 4 1 25 0 
20 26 23 25 6 6 27 1 13 1 -26 13 -7 9 12 -20 9 5 13 24 
-17 -25 11 20 19 -8 5 12 28 15 -17 -24 20 19 17 11 23 -1 9 -13 
25 -28 15 -4 -20 11 12 14 4 0 6 18 11 11 21 2 -20 -21 -20 3 
1 24 19 -14 0 -14 1 -26 -22 9 6 -24 -10 16 -18 24 -20 -8 -24 10 
-24 17 4 17 0 12 17 9 13 -21 12 20 26 -17 1 -25 22 12 1 -12 
0 10 8 -4 9 9 3 1 -20 1 16 22 17 23 8 24 -27 12 17 14 
-18 12 11 2 28 6 -3 10 -17 22 21 -16 -11 11 4 22 23 14 -23 0 
-12 -7 18 26 -9 -15 22 2 25 -3 2 3 19 -1 -9 4 7 -2 -4 0 
0 -4 -2 7 4 -9 -1 19 3 2 -3 25 2 22 -15 -9 26 18 -7 -12 
0 -23 14 23 22 4 11 -11 -16 21 22 -17 10 -3 6 28 2 11 12 -18 
14 17 12 -27 24 8 23 17 22 16 1 -20 1 3 9 9 -4 8 10 0 
-12 1 12 22 -25 1 -17 26 20 12 -21 13 9 17 12 0 17 4 17 -24 
10 -24 -8 -20 24 -18 16 -10 -24 6 9 -22 -26 1 -14 0 -14 19 24 1 
3 -20 -21 -20 2 21 11 11 18 6 0 4 14 12 11 -20 -4 15 -28 25 
-13 9 -1 23 11 17 19 20 -24 -17 15 28 12 5 -8 19 20 11 -25 -17 
24 13 5 9 -20 12 9 -7 13 -26 1 13 1 27 6 6 25 23 26 20 
0 25 1 4 -7 -14 8 9 1 -14 -3 26 10 13 -13 -12 22 -12 -21 12 
23 -1 16 -19 2 -10 20 11 -18 17 1 -5 5 7 11 27 16 18 15 -26 
47
1
1 18
18 1
0
0
