20 20
21 23 12 26 2 8 24 26 -25 12 5 9 29 23 26 2 15 22 8 23 
28 -11 -23 5 26 0 26 28 -6 -28 -12 18 13 24 6 24 -21 9 7 -1 
27 1 1 5 9 6 20 15 -4 30 24 15 17 -14 12 8 17 8 23 4 
18 3 5 27 -2 18 30 7 13 11 -13 24 27 17 19 16 21 5 7 -7 
-22 24 4 3 14 5 21 -7 10 30 -29 -27 11 21 -20 12 4 21 17 20 
1 7 -14 4 24 -24 13 -13 9 9 15 30 19 25 7 -18 2 -14 8 3 
5 -17 -3 15 9 -23 1 25 21 24 7 12 -4 29 3 -19 8 -8 18 25 
6 18 12 -19 20 14 21 3 7 15 -5 -19 25 4 25 -9 4 24 13 -11 
-11 -10 3 17 -5 19 5 3 26 -15 9 10 5 21 17 5 29 6 5 17 
20 13 20 22 0 15 -28 14 16 17 23 8 5 -22 -20 2 22 -17 24 8 
8 24 -17 22 2 -20 -22 5 8 23 17 16 14 -28 15 0 22 20 13 20 
17 5 6 29 5 17 21 5 10 9 -15 26 3 5 19 -5 17 3 -10 -11 
-11 13 24 4 -9 25 4 25 -19 -5 15 7 3 21 14 20 -19 12 18 6 
25 18 -8 8 -19 3 29 -4 12 7 24 21 25 1 -23 9 15 -3 -17 5 
3 8 -14 2 -18 7 25 19 30 15 9 9 -13 13 -24 24 4 -14 7 1 
20 17 21 4 12 -20 21 11 -27 -29 30 10 -7 21 5 14 3 4 24 -22 
-7 7 5 21 16 19 17 27 24 -13 11 13 7 30 18 -2 27 5 3 18 
4 23 8 17 8 12 -14 17 15 24 30 -4 15 20 6 9 5 1 1 27 
-1 7 9 -21 24 6 24 13 18 -12 -28 -6 28 26 0 26 5 -23 -11 28 
23 8 22 15 2 26 23 29 9 5 12 -25 26 24 8 2 26 12 23 21 
122
1
19 14
0 5
0
0
