20 20
8 1 9 13 -15 -27 -4 -26 27 16 2 24 -14 22 -4 -22 17 21 -3 2 
-26 2 4 13 9 28 10 8 11 -13 -23 27 28 21 13 2 3 10 15 12 
-18 7 8 17 13 -20 26 5 21 5 1 16 23 -28 10 27 10 -9 21 9 
8 1 14 -10 13 -13 -28 1 6 13 23 1 20 23 -3 23 24 1 22 -4 
22 14 12 -7 -7 14 8 -26 26 0 1 -3 -13 25 6 -23 25 9 17 10 
8 19 3 16 26 8 27 -15 6 20 12 22 4 23 0 24 14 24 16 26 
11 24 22 21 23 14 12 26 26 2 17 6 18 12 26 11 -23 9 -20 11 
12 8 8 8 -19 10 16 12 14 -25 4 -12 -6 -25 11 18 1 10 6 9 
-1 9 13 26 -13 21 25 11 10 14 9 5 10 -7 6 2 9 15 -9 19 
19 -19 2 19 20 -15 8 20 -19 11 1 21 2 3 -12 24 25 -9 -25 -25 
-25 -25 -9 25 24 -12 3 2 21 1 11 -19 20 8 -15 20 19 2 -19 19 
19 -9 15 9 2 6 -7 10 5 9 14 10 11 25 21 -13 26 13 9 -1 
9 6 10 1 18 11 -25 -6 -12 4 -25 14 12 16 10 -19 8 8 8 12 
11 -20 9 -23 11 26 12 18 6 17 2 26 26 12 14 23 21 22 24 11 
26 16 24 14 24 0 23 4 22 12 20 6 -15 27 8 26 16 3 19 8 
10 17 9 25 -23 6 25 -13 -3 1 0 26 -26 8 14 -7 -7 12 14 22 
-4 22 1 24 23 -3 23 20 1 23 13 6 1 -28 -13 13 -10 14 1 8 
9 21 -9 10 27 10 -28 23 16 1 5 21 5 26 -20 13 17 8 7 -18 
12 15 10 3 2 13 21 28 27 -23 -13 11 8 10 28 9 13 4 2 -26 
2 -3 21 17 -22 -4 22 -14 24 2 16 27 -26 -4 -27 -15 13 9 1 8 
79
1
9 8
10 11
0
0
