20 20
-9 14 -21 25 -10 6 13 12 17 -21 5 25 11 26 9 21 -4 26 -26 17 
6 26 2 17 1 3 6 19 -17 11 -13 4 18 26 -26 -14 20 -19 26 4 
-18 -18 7 -17 4 -19 26 9 2 7 2 4 21 11 -21 -19 4 23 8 7 
2 25 11 -22 22 -18 25 2 -20 0 -13 5 3 4 -19 -9 26 21 -23 15 
17 -24 10 -15 5 6 -19 24 22 23 8 -8 11 7 4 19 11 12 -11 9 
11 -1 23 -22 14 8 14 -15 12 26 19 24 11 9 -11 12 10 13 -6 11 
-24 16 4 -10 7 24 15 9 26 26 15 15 18 18 13 20 21 5 -9 25 
22 24 -19 15 -22 17 12 22 13 3 6 -19 11 12 -13 12 -21 0 19 -14 
16 8 9 10 16 -7 12 25 6 -3 7 10 21 12 15 -14 14 23 4 17 
14 2 4 15 -22 -21 0 6 23 -17 -11 -15 19 25 10 2 16 0 14 14 
14 14 0 16 2 10 25 19 -15 -11 -17 23 6 0 -21 -22 15 4 2 14 
17 4 23 14 -14 15 12 21 10 7 -3 6 25 12 -7 16 10 9 8 16 
-14 19 0 -21 12 -13 12 11 -19 6 3 13 22 12 17 -22 15 -19 24 22 
25 -9 5 21 20 13 18 18 15 15 26 26 9 15 24 7 -10 4 16 -24 
11 -6 13 10 12 -11 9 11 24 19 26 12 -15 14 8 14 -22 23 -1 11 
9 -11 12 11 19 4 7 11 -8 8 23 22 24 -19 6 5 -15 10 -24 17 
15 -23 21 26 -9 -19 4 3 5 -13 0 -20 2 25 -18 22 -22 11 25 2 
7 8 23 4 -19 -21 11 21 4 2 7 2 9 26 -19 4 -17 7 -18 -18 
4 26 -19 20 -14 -26 26 18 4 -13 11 -17 19 6 3 1 17 2 26 6 
17 -26 26 -4 21 9 26 11 25 5 -21 17 12 13 6 -10 25 -21 14 -9 
78
1
15 12
4 7
0
0
