20 20
5 14 2 -8 -17 3 1 17 3 -16 6 -5 10 12 12 -4 1 12 -14 9 
8 15 -6 2 -15 -4 -12 11 8 14 2 -5 -10 14 1 3 -14 12 15 12 
11 18 13 -6 -14 -5 -18 -6 6 17 14 -13 17 6 -9 15 10 12 2 15 
8 6 9 11 19 6 5 16 13 9 14 -9 6 12 1 -11 9 3 16 6 
14 18 3 -14 9 -5 0 18 17 4 18 7 14 15 13 15 4 10 -17 14 
9 -7 16 -16 2 10 8 16 -12 10 -19 11 18 3 7 17 -13 1 10 13 
2 -19 12 2 -7 6 -7 12 0 2 12 -1 9 4 -11 -10 18 5 6 12 
1 6 15 6 14 -15 7 -3 5 -3 1 0 11 15 12 1 13 9 18 -3 
-17 7 13 6 13 13 8 15 1 -18 6 12 5 16 5 -2 12 13 -14 -4 
3 11 -3 17 0 4 -17 19 17 7 12 14 14 -18 -1 -8 11 17 3 -17 
-17 3 17 11 -8 -1 -18 14 14 12 7 17 19 -17 4 0 17 -3 11 3 
-4 -14 13 12 -2 5 16 5 12 6 -18 1 15 8 13 13 6 13 7 -17 
-3 18 9 13 1 12 15 11 0 1 -3 5 -3 7 -15 14 6 15 6 1 
12 6 5 18 -10 -11 4 9 -1 12 2 0 12 -7 6 -7 2 12 -19 2 
13 10 1 -13 17 7 3 18 11 -19 10 -12 16 8 10 2 -16 16 -7 9 
14 -17 10 4 15 13 15 14 7 18 4 17 18 0 -5 9 -14 3 18 14 
6 16 3 9 -11 1 12 6 -9 14 9 13 16 5 6 19 11 9 6 8 
15 2 12 10 15 -9 6 17 -13 14 17 6 -6 -18 -5 -14 -6 13 18 11 
12 15 12 -14 3 1 14 -10 -5 2 14 8 11 -12 -4 -15 2 -6 15 8 
9 -14 12 1 -4 12 12 10 -5 6 -16 3 17 1 3 -17 -8 2 14 5 
32
1
8 12
11 7
0
0
