20 20
2 -2 11 16 2 11 -15 20 -12 7 13 7 -9 16 8 4 -7 -4 0 1 
-1 10 14 5 14 6 19 11 13 4 19 10 19 18 17 -5 16 6 1 -10 
4 7 1 21 21 14 7 6 3 3 -12 -17 12 2 12 6 14 4 20 9 
19 21 13 1 -8 8 19 -20 8 8 -1 4 -7 11 6 -1 5 7 5 12 
5 13 10 -19 -7 7 9 8 -17 7 7 4 14 21 17 10 -7 -10 3 18 
5 18 18 5 1 4 10 9 17 4 -15 20 13 13 12 13 18 -13 14 19 
-20 -18 5 9 0 14 21 -12 -14 19 17 14 7 10 12 10 17 16 -20 18 
8 3 13 19 11 15 -20 14 -10 13 3 12 6 -19 -17 10 11 -3 9 20 
20 8 12 15 21 13 3 0 7 -3 13 -4 -10 14 2 8 6 -19 0 21 
3 -3 3 -2 16 20 14 -16 -5 19 -11 4 19 18 5 11 -21 -20 21 9 
9 21 -20 -21 11 5 18 19 4 -11 19 -5 -16 14 20 16 -2 3 -3 3 
21 0 -19 6 8 2 14 -10 -4 13 -3 7 0 3 13 21 15 12 8 20 
20 9 -3 11 10 -17 -19 6 12 3 13 -10 14 -20 15 11 19 13 3 8 
18 -20 16 17 10 12 10 7 14 17 19 -14 -12 21 14 0 9 5 -18 -20 
19 14 -13 18 13 12 13 13 20 -15 4 17 9 10 4 1 5 18 18 5 
18 3 -10 -7 10 17 21 14 4 7 7 -17 8 9 7 -7 -19 10 13 5 
12 5 7 5 -1 6 11 -7 4 -1 8 8 -20 19 8 -8 1 13 21 19 
9 20 4 14 6 12 2 12 -17 -12 3 3 6 7 14 21 21 1 7 4 
-10 1 6 16 -5 17 18 19 10 19 4 13 11 19 6 14 5 14 10 -1 
1 0 -4 -7 4 8 16 -9 7 13 7 -12 20 -15 11 2 16 11 -2 2 
71
1
1 6
18 13
0
0
