20 20
20 15 14 11 12 16 12 -27 2 12 -7 -6 -6 4 3 27 7 25 -16 17 
2 18 -4 13 14 13 8 1 10 4 25 24 -11 15 12 15 23 27 27 17 
-26 15 21 -23 24 16 12 14 26 19 -15 4 14 -12 15 9 -5 2 -17 16 
21 1 9 -26 13 -14 18 16 2 24 23 20 8 2 -14 8 1 16 0 14 
19 26 10 -24 13 14 -14 10 9 23 -18 23 24 24 19 -6 -14 25 9 21 
-18 -10 26 -9 26 -24 18 -20 23 23 3 23 23 19 18 8 19 -22 20 8 
22 -3 6 -20 0 16 6 23 9 25 -10 -10 11 6 13 -18 -16 -2 13 8 
-23 -23 2 13 18 27 10 23 -2 -5 -24 -7 20 13 17 26 2 -23 20 23 
22 2 18 13 -2 16 20 13 6 21 13 12 12 2 -1 8 25 0 14 21 
26 19 1 8 16 7 14 7 8 24 -14 2 2 12 8 20 -5 4 8 12 
12 8 4 -5 20 8 12 2 2 -14 24 8 7 14 7 16 8 1 19 26 
21 14 0 25 8 -1 2 12 12 13 21 6 13 20 16 -2 13 18 2 22 
23 20 -23 2 26 17 13 20 -7 -24 -5 -2 23 10 27 18 13 2 -23 -23 
8 13 -2 -16 -18 13 6 11 -10 -10 25 9 23 6 16 0 -20 6 -3 22 
8 20 -22 19 8 18 19 23 23 3 23 23 -20 18 -24 26 -9 26 -10 -18 
21 9 25 -14 -6 19 24 24 23 -18 23 9 10 -14 14 13 -24 10 26 19 
14 0 16 1 8 -14 2 8 20 23 24 2 16 18 -14 13 -26 9 1 21 
16 -17 2 -5 9 15 -12 14 4 -15 19 26 14 12 16 24 -23 21 15 -26 
17 27 27 23 15 12 15 -11 24 25 4 10 1 8 13 14 13 -4 18 2 
17 -16 25 7 27 3 4 -6 -6 -7 12 2 -27 12 16 12 11 14 15 20 
185
1
8 18
11 1
0
0
