20 20
8 18 9 2 8 -10 -5 -3 1 12 -6 -19 14 22 -14 4 -13 18 19 11 
-5 2 2 5 19 2 -22 -13 -13 2 17 5 -8 1 14 -20 19 -4 -13 12 
-19 14 -12 16 22 4 15 7 9 -4 0 4 2 3 8 17 14 -16 1 7 
19 21 14 -14 -14 2 3 5 8 0 -21 16 16 5 -9 5 21 9 17 -6 
12 -9 20 18 -12 20 1 -5 3 -4 -14 6 9 -21 20 -4 9 -16 -3 21 
9 3 13 8 1 -17 2 -20 0 -13 12 6 19 7 22 10 7 -14 2 12 
7 -7 -6 -9 8 21 -5 13 20 6 8 22 1 -16 18 3 7 -7 18 -20 
-1 5 7 -5 14 6 22 -18 -16 8 18 -11 15 7 14 12 2 8 3 12 
4 19 12 15 13 11 -22 2 9 16 12 10 -10 22 8 21 -6 19 22 -1 
20 10 18 2 14 3 13 14 8 7 -3 7 -9 -20 20 -3 -13 -7 -16 10 
10 -16 -7 -13 -3 20 -20 -9 7 -3 7 8 14 13 3 14 2 18 10 20 
-1 22 19 -6 21 8 22 -10 10 12 16 9 2 -22 11 13 15 12 19 4 
12 3 8 2 12 14 7 15 -11 18 8 -16 -18 22 6 14 -5 7 5 -1 
-20 18 -7 7 3 18 -16 1 22 8 6 20 13 -5 21 8 -9 -6 -7 7 
12 2 -14 7 10 22 7 19 6 12 -13 0 -20 2 -17 1 8 13 3 9 
21 -3 -16 9 -4 20 -21 9 6 -14 -4 3 -5 1 20 -12 18 20 -9 12 
-6 17 9 21 5 -9 5 16 16 -21 0 8 5 3 2 -14 -14 14 21 19 
7 1 -16 14 17 8 3 2 4 0 -4 9 7 15 4 22 16 -12 14 -19 
12 -13 -4 19 -20 14 1 -8 5 17 2 -13 -13 -22 2 19 5 2 2 -5 
11 19 18 -13 4 -14 22 14 -19 -6 12 1 -3 -5 -10 8 2 9 18 8 
46
1
2 9
17 10
0
0
