20 20
17 5 15 -4 14 -12 2 19 13 19 -18 13 -19 -1 -2 12 3 7 15 12 
8 -7 -10 -14 12 5 5 -6 16 14 3 11 -1 9 16 4 12 18 9 -19 
2 12 15 -4 -9 -10 -3 8 15 5 18 10 -13 8 3 0 17 3 -6 -2 
7 13 10 19 13 8 -4 6 6 10 12 8 -8 -4 14 -18 15 5 4 14 
15 4 2 -7 -17 13 13 8 6 0 -16 2 -17 -15 6 14 8 -17 17 15 
-9 16 16 14 -14 5 1 19 1 12 1 2 16 -16 16 13 17 19 13 -12 
2 19 18 -17 1 18 3 12 5 2 -18 -16 18 -3 2 2 5 6 -17 -14 
-14 1 5 -14 -17 12 13 15 4 2 10 -5 -16 7 9 1 1 3 4 8 
5 19 5 3 -17 7 18 4 -8 19 6 16 -9 -16 1 19 -11 12 10 6 
17 15 15 6 12 -19 12 14 4 1 12 9 4 11 16 7 7 -7 -12 -16 
-16 -12 -7 7 7 16 11 4 9 12 1 4 14 12 -19 12 6 15 15 17 
6 10 12 -11 19 1 -16 -9 16 6 19 -8 4 18 7 -17 3 5 19 5 
8 4 3 1 1 9 7 -16 -5 10 2 4 15 13 12 -17 -14 5 1 -14 
-14 -17 6 5 2 2 -3 18 -16 -18 2 5 12 3 18 1 -17 18 19 2 
-12 13 19 17 13 16 -16 16 2 1 12 1 19 1 5 -14 14 16 16 -9 
15 17 -17 8 14 6 -15 -17 2 -16 0 6 8 13 13 -17 -7 2 4 15 
14 4 5 15 -18 14 -4 -8 8 12 10 6 6 -4 8 13 19 10 13 7 
-2 -6 3 17 0 3 8 -13 10 18 5 15 8 -3 -10 -9 -4 15 12 2 
-19 9 18 12 4 16 9 -1 11 3 14 16 -6 5 5 12 -14 -10 -7 8 
12 15 7 3 12 -2 -1 -19 13 -18 19 13 19 2 -12 14 -4 15 5 17 
50
1
4 16
15 3
0
0
