20 20
18 -3 2 16 -3 7 10 12 -11 -1 13 -1 7 10 -15 10 -3 -8 15 9 
10 7 9 -7 7 12 3 15 -2 15 12 1 10 -14 -9 -16 4 8 7 7 
9 17 -8 15 6 15 6 8 13 14 14 15 3 10 13 12 10 5 4 -17 
6 6 -8 3 -16 -5 15 14 15 7 15 -13 11 -4 16 12 12 -7 5 14 
-4 16 8 -11 9 -13 11 -14 15 13 -4 4 16 -4 12 0 9 18 -18 9 
8 11 17 -15 1 10 6 5 8 15 15 7 8 7 0 1 -7 15 1 -10 
3 10 11 17 4 -16 2 2 10 18 -9 7 9 -7 16 17 4 4 14 4 
-11 4 -6 16 10 1 12 15 16 -4 -4 -16 17 16 15 -3 1 9 0 16 
5 18 2 8 1 2 4 -6 14 -3 7 9 4 -5 -18 6 -7 7 1 3 
15 15 3 16 16 13 12 14 10 17 14 11 16 5 -18 4 -12 13 2 1 
1 2 13 -12 4 -18 5 16 11 14 17 10 14 12 13 16 16 3 15 15 
3 1 7 -7 6 -18 -5 4 9 7 -3 14 -6 4 2 1 8 2 18 5 
16 0 9 1 -3 15 16 17 -16 -4 -4 16 15 12 1 10 16 -6 4 -11 
4 14 4 4 17 16 -7 9 7 -9 18 10 2 2 -16 4 17 11 10 3 
-10 1 15 -7 1 0 7 8 7 15 15 8 5 6 10 1 -15 17 11 8 
9 -18 18 9 0 12 -4 16 4 -4 13 15 -14 11 -13 9 -11 8 16 -4 
14 5 -7 12 12 16 -4 11 -13 15 7 15 14 15 -5 -16 3 -8 6 6 
-17 4 5 10 12 13 10 3 15 14 14 13 8 6 15 6 15 -8 17 9 
7 7 8 4 -16 -9 -14 10 1 12 15 -2 15 3 12 7 -7 9 7 10 
9 15 -8 -3 10 -15 10 7 -1 13 -1 -11 12 10 7 -3 16 2 -3 18 
175
1
4 6
15 13
0
0
