20 20
22 23 -18 12 -2 7 6 27 -16 12 28 11 19 12 0 9 5 -23 -13 16 
23 6 -22 2 -15 5 20 -3 19 -1 7 9 -3 -27 11 17 -4 3 1 22 
-25 -5 10 24 -13 3 6 23 28 22 14 1 4 21 3 18 28 18 5 4 
8 22 7 -5 -23 25 -20 10 23 9 24 2 19 0 14 28 21 7 26 21 
21 16 8 10 28 -19 -18 4 10 26 -5 24 15 2 -23 4 2 19 -9 19 
21 8 -9 19 5 23 -6 -8 13 4 -4 5 28 16 7 1 13 -1 21 1 
7 18 11 17 6 10 15 -15 18 -25 -19 11 8 10 8 17 28 -26 12 18 
13 11 28 -2 -19 -14 -20 27 -3 -9 -14 -1 21 9 26 4 25 -22 25 8 
26 17 16 7 -15 -12 20 10 1 -2 28 0 27 -7 9 -6 21 13 -6 7 
17 10 -9 -24 3 -28 -1 -28 21 1 5 8 13 -27 8 -28 14 1 8 11 
11 8 1 14 -28 8 -27 13 8 5 1 21 -28 -1 -28 3 -24 -9 10 17 
7 -6 13 21 -6 9 -7 27 0 28 -2 1 10 20 -12 -15 7 16 17 26 
8 25 -22 25 4 26 9 21 -1 -14 -9 -3 27 -20 -14 -19 -2 28 11 13 
18 12 -26 28 17 8 10 8 11 -19 -25 18 -15 15 10 6 17 11 18 7 
1 21 -1 13 1 7 16 28 5 -4 4 13 -8 -6 23 5 19 -9 8 21 
19 -9 19 2 4 -23 2 15 24 -5 26 10 4 -18 -19 28 10 8 16 21 
21 26 7 21 28 14 0 19 2 24 9 23 10 -20 25 -23 -5 7 22 8 
4 5 18 28 18 3 21 4 1 14 22 28 23 6 3 -13 24 10 -5 -25 
22 1 3 -4 17 11 -27 -3 9 7 -1 19 -3 20 5 -15 2 -22 6 23 
16 -13 -23 5 9 0 12 19 11 28 12 -16 27 6 7 -2 12 -18 23 22 
100
1
3 1
16 18
0
0
