20 20
6 14 0 -1 10 18 4 -5 1 20 7 3 18 -2 0 4 14 1 16 12 
-6 -6 7 20 2 -17 -15 10 13 -18 -6 20 9 14 2 3 1 12 -8 11 
9 3 20 6 0 -18 1 3 4 5 10 0 11 -14 4 20 -20 8 -17 14 
4 6 20 3 8 11 14 3 3 -3 16 3 -14 6 2 18 0 -3 20 17 
-6 -4 5 12 5 6 3 15 20 5 3 20 6 19 -3 9 20 3 0 19 
14 19 4 -18 9 19 10 19 7 2 2 18 -12 -1 15 8 0 2 -12 14 
-3 -17 4 16 17 15 -3 -16 -17 18 12 1 12 7 15 20 13 2 -1 8 
-2 20 11 20 16 5 17 -16 16 7 2 12 5 -1 -11 14 18 15 12 17 
-4 4 5 9 15 20 1 2 16 -7 5 10 -20 1 -13 5 1 13 6 10 
15 7 6 10 2 3 20 -7 -15 6 -1 3 11 5 11 17 4 17 19 10 
10 19 17 4 17 11 5 11 3 -1 6 -15 -7 20 3 2 10 6 7 15 
10 6 13 1 5 -13 1 -20 10 5 -7 16 2 1 20 15 9 5 4 -4 
17 12 15 18 14 -11 -1 5 12 2 7 16 -16 17 5 16 20 11 20 -2 
8 -1 2 13 20 15 7 12 1 12 18 -17 -16 -3 15 17 16 4 -17 -3 
14 -12 2 0 8 15 -1 -12 18 2 2 7 19 10 19 9 -18 4 19 14 
19 0 3 20 9 -3 19 6 20 3 5 20 15 3 6 5 12 5 -4 -6 
17 20 -3 0 18 2 6 -14 3 16 -3 3 3 14 11 8 3 20 6 4 
14 -17 8 -20 20 4 -14 11 0 10 5 4 3 1 -18 0 6 20 3 9 
11 -8 12 1 3 2 14 9 20 -6 -18 13 10 -15 -17 2 20 7 -6 -6 
12 16 1 14 4 0 -2 18 3 7 20 1 -5 4 18 10 -1 0 14 6 
186
1
9 6
10 13
0
0
