20 20
19 -21 -6 3 19 2 4 2 4 5 8 20 -4 7 14 19 0 3 -14 -13 
12 1 21 18 18 5 21 6 19 13 -12 9 -17 21 21 1 0 -12 1 15 
0 20 14 -6 -14 9 5 -15 22 22 1 -2 16 1 3 3 -13 -8 2 6 
13 10 -2 9 -9 8 13 16 18 21 -18 22 5 14 17 -17 0 2 2 1 
6 19 13 19 7 -17 20 -9 10 -11 -8 22 3 13 11 5 17 11 -22 -21 
6 12 16 22 7 2 3 6 -1 -16 13 2 19 -8 18 22 -2 0 7 -16 
20 20 4 18 8 18 10 -20 -20 22 3 17 20 0 4 19 8 -4 21 2 
5 15 -3 14 14 6 13 19 14 -7 17 16 9 16 6 -17 2 16 21 8 
8 12 21 -21 0 15 22 -7 18 16 6 6 -17 0 14 6 22 4 -4 16 
-10 -21 -3 18 -22 -20 -17 0 10 1 5 15 -2 7 -17 8 10 22 6 -13 
-13 6 22 10 8 -17 7 -2 15 5 1 10 0 -17 -20 -22 18 -3 -21 -10 
16 -4 4 22 6 14 0 -17 6 6 16 18 -7 22 15 0 -21 21 12 8 
8 21 16 2 -17 6 16 9 16 17 -7 14 19 13 6 14 14 -3 15 5 
2 21 -4 8 19 4 0 20 17 3 22 -20 -20 10 18 8 18 4 20 20 
-16 7 0 -2 22 18 -8 19 2 13 -16 -1 6 3 2 7 22 16 12 6 
-21 -22 11 17 5 11 13 3 22 -8 -11 10 -9 20 -17 7 19 13 19 6 
1 2 2 0 -17 17 14 5 22 -18 21 18 16 13 8 -9 9 -2 10 13 
6 2 -8 -13 3 3 1 16 -2 1 22 22 -15 5 9 -14 -6 14 20 0 
15 1 -12 0 1 21 21 -17 9 -12 13 19 6 21 5 18 18 21 1 12 
-13 -14 3 0 19 14 7 -4 20 8 5 4 2 4 2 19 3 -6 -21 19 
82
1
4 12
15 7
0
0
