20 20
7 -18 9 21 6 18 -12 10 9 9 5 21 19 24 22 23 -19 0 27 21 
22 21 -22 -10 -16 26 12 -21 24 -23 10 12 -9 8 -14 3 26 -8 26 -20 
-5 23 21 -15 -18 23 -23 27 8 26 26 17 -10 -18 -8 20 19 9 -27 27 
4 16 20 1 15 22 6 7 16 15 22 18 7 -19 5 -25 -10 -16 6 21 
-9 18 -11 14 26 -24 25 9 27 -24 25 16 20 15 6 -18 2 25 20 14 
-25 11 15 7 11 22 19 26 3 19 9 2 5 12 11 -22 17 3 10 4 
-10 12 17 0 9 17 -26 -2 12 7 6 17 -24 -10 17 6 10 -22 -5 5 
7 5 9 24 -5 18 -22 9 -13 19 1 25 25 7 3 10 19 9 2 18 
2 10 17 -1 10 -19 25 20 5 11 2 -2 6 17 3 26 -8 25 27 2 
10 -7 23 22 10 18 22 5 -3 3 18 8 -14 24 -7 9 8 5 2 13 
13 2 5 8 9 -7 24 -14 8 18 3 -3 5 22 18 10 22 23 -7 10 
2 27 25 -8 26 3 17 6 -2 2 11 5 20 25 -19 10 -1 17 10 2 
18 2 9 19 10 3 7 25 25 1 19 -13 9 -22 18 -5 24 9 5 7 
5 -5 -22 10 6 17 -10 -24 17 6 7 12 -2 -26 17 9 0 17 12 -10 
4 10 3 17 -22 11 12 5 2 9 19 3 26 19 22 11 7 15 11 -25 
14 20 25 2 -18 6 15 20 16 25 -24 27 9 25 -24 26 14 -11 18 -9 
21 6 -16 -10 -25 5 -19 7 18 22 15 16 7 6 22 15 1 20 16 4 
27 -27 9 19 20 -8 -18 -10 17 26 26 8 27 -23 23 -18 -15 21 23 -5 
-20 26 -8 26 3 -14 8 -9 12 10 -23 24 -21 12 26 -16 -10 -22 21 22 
21 27 0 -19 23 22 24 19 21 5 9 9 10 -12 18 6 21 9 -18 7 
97
1
13 12
6 7
0
0
