20 20
6 1 2 9 9 -10 9 11 3 -14 14 19 15 10 -12 -3 5 -11 12 14 
2 6 18 14 11 14 16 19 19 6 10 10 2 -8 18 -3 -5 9 -16 5 
-10 3 16 10 18 10 13 13 10 -16 -2 17 -6 14 4 3 5 -18 10 13 
7 -1 17 4 1 -11 -17 14 -7 -10 1 0 7 2 -11 9 16 13 -16 18 
8 17 13 17 12 10 14 -16 7 1 13 15 16 5 11 18 12 17 -14 4 
15 12 8 0 -19 6 3 16 5 -16 10 16 10 11 3 -1 5 11 16 -4 
10 9 -15 11 15 15 1 18 17 -15 -14 -16 8 9 -12 -17 10 -12 0 10 
19 15 8 9 6 15 3 19 19 5 18 -2 5 3 -12 8 19 3 16 11 
-16 17 9 -8 -11 -11 -18 15 3 17 5 -7 0 1 5 6 7 7 5 18 
0 -10 13 19 -6 7 9 4 -12 1 13 -1 -9 1 1 11 4 13 -17 9 
9 -17 13 4 11 1 1 -9 -1 13 1 -12 4 9 7 -6 19 13 -10 0 
18 5 7 7 6 5 1 0 -7 5 17 3 15 -18 -11 -11 -8 9 17 -16 
11 16 3 19 8 -12 3 5 -2 18 5 19 19 3 15 6 9 8 15 19 
10 0 -12 10 -17 -12 9 8 -16 -14 -15 17 18 1 15 15 11 -15 9 10 
-4 16 11 5 -1 3 11 10 16 10 -16 5 16 3 6 -19 0 8 12 15 
4 -14 17 12 18 11 5 16 15 13 1 7 -16 14 10 12 17 13 17 8 
18 -16 13 16 9 -11 2 7 0 1 -10 -7 14 -17 -11 1 4 17 -1 7 
13 10 -18 5 3 4 14 -6 17 -2 -16 10 13 13 10 18 10 16 3 -10 
5 -16 9 -5 -3 18 -8 2 10 10 6 19 19 16 14 11 14 18 6 2 
14 12 -11 5 -3 -12 10 15 19 14 -14 3 11 9 -10 9 9 2 1 6 
139
1
0 9
19 10
0
0
