20 20
4 8 19 10 3 21 7 -14 -15 22 4 20 -20 11 4 9 20 1 9 9 
1 -21 -19 13 7 1 1 17 -20 -6 4 19 13 6 5 4 19 5 -9 13 
3 4 1 2 23 3 -1 20 -7 7 0 14 -6 14 1 17 8 22 15 5 
6 3 -19 13 9 17 0 22 1 23 -10 19 6 -8 11 13 16 -13 3 -18 
9 -13 10 15 -3 -23 -9 0 20 19 15 -13 21 19 10 -7 -5 19 23 6 
11 23 -23 4 20 5 -3 2 18 17 2 -19 -18 22 18 21 7 15 7 2 
5 -21 2 2 9 13 -5 11 17 2 17 21 -2 17 1 22 -18 21 -6 9 
21 8 2 21 5 9 21 -9 21 18 14 21 7 6 14 22 -6 7 8 12 
17 19 7 -1 20 -14 23 9 5 9 -10 12 -9 4 23 22 20 1 9 16 
11 18 8 16 7 18 2 13 -20 12 -16 -12 22 9 -19 23 5 12 22 13 
13 22 12 5 23 -19 9 22 -12 -16 12 -20 13 2 18 7 16 8 18 11 
16 9 1 20 22 23 4 -9 12 -10 9 5 9 23 -14 20 -1 7 19 17 
12 8 7 -6 22 14 6 7 21 14 18 21 -9 21 9 5 21 2 8 21 
9 -6 21 -18 22 1 17 -2 21 17 2 17 11 -5 13 9 2 2 -21 5 
2 7 15 7 21 18 22 -18 -19 2 17 18 2 -3 5 20 4 -23 23 11 
6 23 19 -5 -7 10 19 21 -13 15 19 20 0 -9 -23 -3 15 10 -13 9 
-18 3 -13 16 13 11 -8 6 19 -10 23 1 22 0 17 9 13 -19 3 6 
5 15 22 8 17 1 14 -6 14 0 7 -7 20 -1 3 23 2 1 4 3 
13 -9 5 19 4 5 6 13 19 4 -6 -20 17 1 1 7 13 -19 -21 1 
9 9 1 20 9 4 11 -20 20 4 22 -15 -14 7 21 3 10 19 8 4 
176
1
2 0
17 19
0
0
