20 20
17 1 15 2 -5 1 16 13 11 11 1 5 14 8 11 -14 0 14 -2 -4 
-3 6 -4 12 -13 3 11 5 -13 6 7 5 3 3 16 -3 15 13 -18 8 
16 16 2 10 17 1 1 -12 -11 17 5 2 -11 11 4 6 11 -7 17 10 
12 0 -18 10 -4 18 16 -12 -5 0 6 7 9 16 2 -13 10 8 -18 -5 
17 5 5 18 -12 16 -1 4 11 11 -14 10 -15 -6 1 12 -5 1 -5 3 
11 7 16 -12 15 10 17 2 16 7 5 8 11 -14 -8 16 11 -12 6 -3 
18 -6 -15 17 17 16 15 -6 0 -18 0 -18 -10 10 12 -9 13 10 14 5 
8 2 16 18 -4 15 -12 3 -14 11 -10 9 13 6 7 9 14 -5 1 17 
17 4 -2 6 1 0 15 2 13 8 4 -11 -5 4 2 8 10 4 15 4 
8 18 0 10 10 1 18 6 10 -1 13 -4 12 13 -11 -15 5 15 2 11 
11 2 15 5 -15 -11 13 12 -4 13 -1 10 6 18 1 10 10 0 18 8 
4 15 4 10 8 2 4 -5 -11 4 8 13 2 15 0 1 6 -2 4 17 
17 1 -5 14 9 7 6 13 9 -10 11 -14 3 -12 15 -4 18 16 2 8 
5 14 10 13 -9 12 10 -10 -18 0 -18 0 -6 15 16 17 17 -15 -6 18 
-3 6 -12 11 16 -8 -14 11 8 5 7 16 2 17 10 15 -12 16 7 11 
3 -5 1 -5 12 1 -6 -15 10 -14 11 11 4 -1 16 -12 18 5 5 17 
-5 -18 8 10 -13 2 16 9 7 6 0 -5 -12 16 18 -4 10 -18 0 12 
10 17 -7 11 6 4 11 -11 2 5 17 -11 -12 1 1 17 10 2 16 16 
8 -18 13 15 -3 16 3 3 5 7 6 -13 5 11 3 -13 12 -4 6 -3 
-4 -2 14 0 -14 11 8 14 5 1 11 11 13 16 1 -5 2 15 1 17 
38
1
7 14
12 5
0
0
