20 20
-13 -3 11 1 -6 9 12 11 11 -2 3 9 8 11 4 13 -8 0 -10 1 
-14 4 9 -13 8 1 10 7 11 -9 14 2 10 14 6 -8 4 2 12 8 
3 -12 9 7 0 -5 13 13 -14 -14 -9 5 13 10 -7 9 -12 10 1 -6 
13 3 5 2 14 1 12 12 -14 9 2 11 0 5 11 4 12 -9 9 12 
5 1 6 5 1 9 4 7 12 2 7 1 12 9 3 9 11 -2 12 11 
6 -13 -14 4 2 -13 3 1 7 3 2 11 9 8 11 10 2 -7 3 1 
12 3 13 -11 4 -5 4 9 9 2 8 11 10 14 -10 5 9 7 1 10 
8 -2 8 3 0 -5 12 -1 4 -4 0 4 -6 2 9 10 13 9 12 8 
-5 5 -4 5 8 -10 -1 8 0 2 -9 3 -4 10 9 -4 5 3 13 -12 
9 13 11 5 8 10 4 6 14 -6 -3 2 11 13 -4 4 14 3 -13 12 
12 -13 3 14 4 -4 13 11 2 -3 -6 14 6 4 10 8 5 11 13 9 
-12 13 3 5 -4 9 10 -4 3 -9 2 0 8 -1 -10 8 5 -4 5 -5 
8 12 9 13 10 9 2 -6 4 0 -4 4 -1 12 -5 0 3 8 -2 8 
10 1 7 9 5 -10 14 10 11 8 2 9 9 4 -5 4 -11 13 3 12 
1 3 -7 2 10 11 8 9 11 2 3 7 1 3 -13 2 4 -14 -13 6 
11 12 -2 11 9 3 9 12 1 7 2 12 7 4 9 1 5 6 1 5 
12 9 -9 12 4 11 5 0 11 2 9 -14 12 12 1 14 2 5 3 13 
-6 1 10 -12 9 -7 10 13 5 -9 -14 -14 13 13 -5 0 7 9 -12 3 
8 12 2 4 -8 6 14 10 2 14 -9 11 7 10 1 8 -13 9 4 -14 
1 -10 0 -8 13 4 11 8 9 3 -2 11 11 12 9 -6 1 11 -3 -13 
71
1
12 6
7 13
0
0
