20 20
5 8 -9 16 12 6 2 11 15 -26 15 14 -16 20 13 24 18 3 -13 21 
-15 15 19 16 23 26 -26 19 -3 15 -17 23 16 13 22 -20 7 21 26 7 
23 -26 -7 27 11 9 -2 8 7 2 16 -25 19 7 27 -24 4 6 24 25 
18 14 8 6 8 9 7 14 -12 27 26 4 15 -10 25 3 27 5 25 5 
-10 -23 25 6 1 21 24 24 -26 -12 14 -17 17 27 7 -17 18 7 15 -7 
24 -10 12 -16 14 -17 12 11 6 -6 24 -10 6 16 1 20 21 26 25 10 
5 -15 7 18 2 4 20 20 8 8 -15 19 16 2 24 3 25 21 -2 7 
20 21 8 1 -15 18 26 13 -20 24 -4 6 14 24 8 8 27 -5 16 12 
3 9 13 -14 20 3 4 -18 5 18 20 8 17 13 -23 4 27 24 27 14 
4 -5 -11 24 15 25 5 21 21 12 26 -14 26 17 3 3 10 25 14 17 
17 14 25 10 3 3 17 26 -14 26 12 21 21 5 25 15 24 -11 -5 4 
14 27 24 27 4 -23 13 17 8 20 18 5 -18 4 3 20 -14 13 9 3 
12 16 -5 27 8 8 24 14 6 -4 24 -20 13 26 18 -15 1 8 21 20 
7 -2 21 25 3 24 2 16 19 -15 8 8 20 20 4 2 18 7 -15 5 
10 25 26 21 20 1 16 6 -10 24 -6 6 11 12 -17 14 -16 12 -10 24 
-7 15 7 18 -17 7 27 17 -17 14 -12 -26 24 24 21 1 6 25 -23 -10 
5 25 5 27 3 25 -10 15 4 26 27 -12 14 7 9 8 6 8 14 18 
25 24 6 4 -24 27 7 19 -25 16 2 7 8 -2 9 11 27 -7 -26 23 
7 26 21 7 -20 22 13 16 23 -17 15 -3 19 -26 26 23 16 19 15 -15 
21 -13 3 18 24 13 20 -16 14 15 -26 15 11 2 6 12 16 -9 8 5 
100
1
17 14
2 5
0
0
