20 20
13 -2 13 10 4 -11 1 15 14 2 10 2 2 8 4 3 11 -6 8 -14 
4 1 12 0 2 2 -1 14 7 3 15 13 9 -17 14 6 -13 12 5 12 
3 8 3 4 15 -12 0 10 -16 7 -4 11 4 -8 9 10 -14 0 15 0 
-3 9 10 -11 -2 2 1 11 11 7 12 9 14 -9 10 -15 14 10 4 10 
12 3 12 3 0 10 -14 15 1 -4 5 15 7 4 10 10 2 4 7 13 
-16 17 7 15 11 2 6 10 2 2 13 14 9 -13 9 -7 10 -8 -13 -2 
10 10 0 2 -16 13 11 11 17 12 4 2 -4 1 -3 2 1 2 12 5 
13 11 10 13 5 10 8 10 9 -2 8 5 1 17 12 4 11 -5 -4 2 
17 1 -3 1 -12 12 -17 -11 15 16 6 -2 5 -4 5 2 -2 6 -12 17 
13 -12 11 13 -13 -12 16 8 14 14 -5 -12 5 9 10 9 8 13 -16 -6 
-6 -16 13 8 9 10 9 5 -12 -5 14 14 8 16 -12 -13 13 11 -12 13 
17 -12 6 -2 2 5 -4 5 -2 6 16 15 -11 -17 12 -12 1 -3 1 17 
2 -4 -5 11 4 12 17 1 5 8 -2 9 10 8 10 5 13 10 11 13 
5 12 2 1 2 -3 1 -4 2 4 12 17 11 11 13 -16 2 0 10 10 
-2 -13 -8 10 -7 9 -13 9 14 13 2 2 10 6 2 11 15 7 17 -16 
13 7 4 2 10 10 4 7 15 5 -4 1 15 -14 10 0 3 12 3 12 
10 4 10 14 -15 10 -9 14 9 12 7 11 11 1 2 -2 -11 10 9 -3 
0 15 0 -14 10 9 -8 4 11 -4 7 -16 10 0 -12 15 4 3 8 3 
12 5 12 -13 6 14 -17 9 13 15 3 7 14 -1 2 2 0 12 1 4 
-14 8 -6 11 3 4 8 2 2 10 2 14 15 1 -11 4 10 13 -2 13 
105
1
11 2
8 17
0
0
