20 20
-5 13 13 -10 6 10 -3 13 7 13 5 8 9 14 8 14 10 13 8 6 
2 0 8 -3 8 6 4 12 -11 5 -5 14 1 10 5 7 3 5 -12 8 
4 8 4 2 6 4 1 6 7 -11 13 3 13 4 2 12 9 0 1 8 
9 -9 13 4 12 14 6 8 8 13 13 7 6 8 11 2 9 11 4 5 
-13 -4 12 9 -4 7 4 1 4 14 10 12 11 7 6 -1 6 3 5 1 
9 4 7 1 -12 14 14 6 5 -3 1 -7 12 12 0 13 -7 11 0 11 
0 2 -2 1 1 8 -11 4 13 -5 2 12 -4 4 4 13 -3 14 -4 8 
-12 -7 12 9 -8 8 -3 -2 8 6 -14 14 7 8 -1 12 13 -8 1 7 
2 8 -1 0 3 1 11 -3 6 14 1 -12 -6 -8 6 11 0 10 8 -4 
5 2 5 4 -6 -2 3 7 2 13 7 12 9 6 -4 -14 5 -7 13 6 
6 13 -7 5 -14 -4 6 9 12 7 13 2 7 3 -2 -6 4 5 2 5 
-4 8 10 0 11 6 -8 -6 -12 1 14 6 -3 11 1 3 0 -1 8 2 
7 1 -8 13 12 -1 8 7 14 -14 6 8 -2 -3 8 -8 9 12 -7 -12 
8 -4 14 -3 13 4 4 -4 12 2 -5 13 4 -11 8 1 1 -2 2 0 
11 0 11 -7 13 0 12 12 -7 1 -3 5 6 14 14 -12 1 7 4 9 
1 5 3 6 -1 6 7 11 12 10 14 4 1 4 7 -4 9 12 -4 -13 
5 4 11 9 2 11 8 6 7 13 13 8 8 6 14 12 4 13 -9 9 
8 1 0 9 12 2 4 13 3 13 -11 7 6 1 4 6 2 4 8 4 
8 -12 5 3 7 5 10 1 14 -5 5 -11 12 4 6 8 -3 8 0 2 
6 8 13 10 14 8 14 9 8 5 13 7 13 -3 10 6 -10 13 13 -5 
107
1
13 17
6 2
0
0
