20 20
16 23 27 2 26 -14 3 -17 0 -9 29 18 -3 14 20 -25 21 25 -25 3 
23 3 -24 26 -27 26 23 4 26 6 27 14 -1 19 15 10 6 15 14 13 
11 -18 28 18 1 19 11 13 7 7 -25 -26 7 -12 16 3 -21 25 13 -23 
-15 16 0 24 6 0 15 21 6 -27 13 6 6 -11 -1 21 15 26 17 -13 
17 11 -6 19 24 10 17 7 28 24 24 7 13 11 -5 28 20 8 12 -7 
1 20 2 14 -23 20 25 0 4 -11 10 -10 18 25 -5 -5 26 0 25 27 
12 -27 10 3 12 24 13 13 1 -22 21 29 1 14 17 -17 0 21 13 4 
26 26 -29 -3 29 -20 15 15 17 18 -8 -13 28 14 -8 2 24 19 26 20 
28 -11 23 18 3 17 -27 11 21 28 -10 5 13 12 10 12 -6 13 -10 -23 
-3 3 15 28 1 25 8 -8 11 26 15 -11 -12 12 -10 -29 19 5 18 -20 
-20 18 5 19 -29 -10 12 -12 -11 15 26 11 -8 8 25 1 28 15 3 -3 
-23 -10 13 -6 12 10 12 13 5 -10 28 21 11 -27 17 3 18 23 -11 28 
20 26 19 24 2 -8 14 28 -13 -8 18 17 15 15 -20 29 -3 -29 26 26 
4 13 21 0 -17 17 14 1 29 21 -22 1 13 13 24 12 3 10 -27 12 
27 25 0 26 -5 -5 25 18 -10 10 -11 4 0 25 20 -23 14 2 20 1 
-7 12 8 20 28 -5 11 13 7 24 24 28 7 17 10 24 19 -6 11 17 
-13 17 26 15 21 -1 -11 6 6 13 -27 6 21 15 0 6 24 0 16 -15 
-23 13 25 -21 3 16 -12 7 -26 -25 7 7 13 11 19 1 18 28 -18 11 
13 14 15 6 10 15 19 -1 14 27 6 26 4 23 26 -27 26 -24 3 23 
3 -25 25 21 -25 20 14 -3 18 29 -9 0 -17 3 -14 26 2 27 23 16 
51
1
5 7
14 12
0
0
