20 20
-13 12 8 -5 -6 1 15 14 0 15 -5 6 2 10 8 8 4 -17 -13 4 
6 1 9 9 -4 9 14 -5 15 15 17 -9 12 14 6 17 -10 16 7 -12 
0 1 17 2 12 6 16 2 -11 3 7 12 8 -10 9 14 5 5 -8 -16 
-16 17 6 9 16 16 -6 8 -1 9 9 11 -4 16 6 -13 8 -4 -4 -1 
14 -1 17 17 7 15 2 15 4 10 4 12 7 4 8 12 0 12 5 13 
15 9 16 -13 -4 14 13 5 1 15 -3 4 11 7 -1 10 12 13 9 -15 
13 10 3 -9 17 9 5 11 15 0 -17 11 9 8 -14 11 0 5 4 8 
0 -10 -11 6 -11 17 9 12 11 12 7 -12 11 -1 4 14 -15 0 14 10 
-7 16 14 13 10 -9 -16 14 9 16 -17 -3 0 11 16 0 -11 -1 6 4 
13 15 3 8 9 14 -2 -9 16 15 11 2 -9 15 13 1 8 8 11 6 
6 11 8 8 1 13 15 -9 2 11 15 16 -9 -2 14 9 8 3 15 13 
4 6 -1 -11 0 16 11 0 -3 -17 16 9 14 -16 -9 10 13 14 16 -7 
10 14 0 -15 14 4 -1 11 -12 7 12 11 12 9 17 -11 6 -11 -10 0 
8 4 5 0 11 -14 8 9 11 -17 0 15 11 5 9 17 -9 3 10 13 
-15 9 13 12 10 -1 7 11 4 -3 15 1 5 13 14 -4 -13 16 9 15 
13 5 12 0 12 8 4 7 12 4 10 4 15 2 15 7 17 17 -1 14 
-1 -4 -4 8 -13 6 16 -4 11 9 9 -1 8 -6 16 16 9 6 17 -16 
-16 -8 5 5 14 9 -10 8 12 7 3 -11 2 16 6 12 2 17 1 0 
-12 7 16 -10 17 6 14 12 -9 17 15 15 -5 14 9 -4 9 9 1 6 
4 -13 -17 4 8 8 10 2 6 -5 15 0 14 15 1 -6 -5 8 12 -13 
60
1
14 15
5 4
0
0
