20 20
-20 19 29 25 25 -19 22 13 21 15 6 15 17 4 5 22 -16 -17 -4 18 
14 4 24 22 1 6 12 -20 -8 0 6 9 25 15 20 26 10 5 -17 -23 
12 20 13 4 11 18 30 2 -24 26 27 1 20 -30 15 14 -24 7 29 4 
4 6 10 4 -29 2 29 15 9 -9 20 25 -1 15 11 23 1 7 -1 16 
4 29 11 8 14 24 15 -10 3 12 25 -3 1 -1 3 24 28 13 9 25 
9 1 17 20 8 24 3 3 25 14 23 17 23 24 23 28 27 -20 20 19 
24 19 15 4 2 -15 -16 14 5 -3 29 17 24 -11 1 -11 -28 20 15 20 
13 -11 -17 3 15 21 7 9 15 28 3 18 21 2 2 20 29 24 -9 9 
10 17 -13 17 23 20 23 1 28 14 -12 -17 -4 27 17 19 0 29 29 10 
26 17 0 1 16 30 -3 12 10 26 10 24 24 15 11 17 -10 5 9 11 
11 9 5 -10 17 11 15 24 24 10 26 10 12 -3 30 16 1 0 17 26 
10 29 29 0 19 17 27 -4 -17 -12 14 28 1 23 20 23 17 -13 17 10 
9 -9 24 29 20 2 2 21 18 3 28 15 9 7 21 15 3 -17 -11 13 
20 15 20 -28 -11 1 -11 24 17 29 -3 5 14 -16 -15 2 4 15 19 24 
19 20 -20 27 28 23 24 23 17 23 14 25 3 3 24 8 20 17 1 9 
25 9 13 28 24 3 -1 1 -3 25 12 3 -10 15 24 14 8 11 29 4 
16 -1 7 1 23 11 15 -1 25 20 -9 9 15 29 2 -29 4 10 6 4 
4 29 7 -24 14 15 -30 20 1 27 26 -24 2 30 18 11 4 13 20 12 
-23 -17 5 10 26 20 15 25 9 6 0 -8 -20 12 6 1 22 24 4 14 
18 -4 -17 -16 22 5 4 17 15 6 15 21 13 22 -19 25 25 29 19 -20 
156
1
13 19
6 0
0
0
