20 20
2 4 4 2 8 0 8 3 3 9 6 5 -1 0 10 -3 7 -8 8 9 
8 11 1 -8 6 1 11 -9 7 4 9 -10 10 4 0 10 4 4 7 0 
6 3 -9 2 11 6 8 3 8 8 5 2 7 -5 -8 10 11 11 11 -7 
-6 3 8 11 9 1 1 -6 5 2 3 11 1 3 5 7 -5 10 -10 5 
0 6 -7 -7 3 8 -5 10 2 10 2 11 7 1 7 5 3 7 7 8 
9 -8 7 0 7 2 3 4 5 2 7 4 -10 -7 6 4 5 -7 4 1 
7 6 10 8 7 0 -3 -9 6 11 7 -4 -5 -2 5 10 2 8 6 5 
9 4 -6 9 10 0 9 11 -2 4 6 -2 4 1 -1 -10 6 6 -7 1 
2 9 -6 7 3 -3 4 7 11 3 -7 2 10 0 -8 -9 -10 9 11 3 
-10 -10 10 -3 10 -10 6 3 7 6 11 2 9 5 -10 5 2 3 3 6 
6 3 3 2 5 -10 5 9 2 11 6 7 3 6 -10 10 -3 10 -10 -10 
3 11 9 -10 -9 -8 0 10 2 -7 3 11 7 4 -3 3 7 -6 9 2 
1 -7 6 6 -10 -1 1 4 -2 6 4 -2 11 9 0 10 9 -6 4 9 
5 6 8 2 10 5 -2 -5 -4 7 11 6 -9 -3 0 7 8 10 6 7 
1 4 -7 5 4 6 -7 -10 4 7 2 5 4 3 2 7 0 7 -8 9 
8 7 7 3 5 7 1 7 11 2 10 2 10 -5 8 3 -7 -7 6 0 
5 -10 10 -5 7 5 3 1 11 3 2 5 -6 1 1 9 11 8 3 -6 
-7 11 11 11 10 -8 -5 7 2 5 8 8 3 8 6 11 2 -9 3 6 
0 7 4 4 10 0 4 10 -10 9 4 7 -9 11 1 6 -8 1 11 8 
9 8 -8 7 -3 10 0 -1 5 6 9 3 3 8 0 8 2 4 4 2 
50
1
17 8
2 11
0
0
