20 20
-16 5 2 9 12 10 10 5 12 13 5 -16 -13 5 -4 4 -1 15 14 2 
-8 15 12 11 16 8 10 15 0 3 5 13 3 1 6 -10 11 8 4 1 
4 -8 9 -12 -10 13 2 14 9 8 13 -6 7 -3 9 -15 -11 14 -8 6 
9 1 10 1 6 -17 7 13 16 0 -10 16 15 -14 7 15 4 5 11 15 
-16 -14 13 12 9 13 17 14 -17 -12 11 0 16 14 17 13 -15 0 2 -1 
-15 -12 -11 1 5 4 8 17 -12 14 17 0 16 17 -14 10 6 -14 13 10 
-10 13 15 12 4 3 7 15 -13 12 -10 -8 12 14 17 -2 5 -7 -11 13 
5 -15 5 4 14 10 14 13 16 -2 -1 2 3 11 7 -13 5 6 1 15 
6 5 11 13 -12 11 -13 13 12 4 1 -2 0 7 10 11 -2 11 14 11 
7 -6 -6 1 4 12 8 12 5 13 4 8 4 7 4 1 3 11 -7 2 
2 -7 11 3 1 4 7 4 8 4 13 5 12 8 12 4 1 -6 -6 7 
11 14 11 -2 11 10 7 0 -2 1 4 12 13 -13 11 -12 13 11 5 6 
15 1 6 5 -13 7 11 3 2 -1 -2 16 13 14 10 14 4 5 -15 5 
13 -11 -7 5 -2 17 14 12 -8 -10 12 -13 15 7 3 4 12 15 13 -10 
10 13 -14 6 10 -14 17 16 0 17 14 -12 17 8 4 5 1 -11 -12 -15 
-1 2 0 -15 13 17 14 16 0 11 -12 -17 14 17 13 9 12 13 -14 -16 
15 11 5 4 15 7 -14 15 16 -10 0 16 13 7 -17 6 1 10 1 9 
6 -8 14 -11 -15 9 -3 7 -6 13 8 9 14 2 13 -10 -12 9 -8 4 
1 4 8 11 -10 6 1 3 13 5 3 0 15 10 8 16 11 12 15 -8 
2 14 15 -1 4 -4 5 -13 -16 5 13 12 5 10 10 12 9 2 5 -16 
60
1
10 2
9 17
0
0
