20 20
19 -3 -9 3 1 3 20 9 -18 0 7 20 4 1 21 21 14 5 4 -18 
5 12 3 16 -13 8 3 -4 21 -19 0 21 18 13 -1 10 19 -6 -1 -2 
6 -7 18 5 18 2 10 10 9 1 10 -17 15 11 12 10 -10 -18 4 6 
11 14 19 -6 -8 0 -1 -19 17 14 -7 13 -16 19 1 12 -5 -10 -14 11 
-12 9 17 -20 -10 -5 -16 2 7 14 15 18 -18 5 18 10 21 3 9 10 
9 7 9 18 10 -17 16 20 7 11 -7 -13 19 13 15 -7 -10 0 18 18 
17 2 15 21 3 11 -20 8 -11 19 -21 11 -12 -14 16 2 6 14 18 14 
0 14 2 -4 1 -2 -7 2 -3 1 4 11 20 13 -4 21 5 21 11 5 
-17 13 7 5 11 -1 -16 12 5 16 14 -16 2 8 16 16 -10 3 10 -6 
12 -8 7 20 0 -16 -21 13 21 20 1 17 -10 8 -18 17 19 21 11 7 
7 11 21 19 17 -18 8 -10 17 1 20 21 13 -21 -16 0 20 7 -8 12 
-6 10 3 -10 16 16 8 2 -16 14 16 5 12 -16 -1 11 5 7 13 -17 
5 11 21 5 21 -4 13 20 11 4 1 -3 2 -7 -2 1 -4 2 14 0 
14 18 14 6 2 16 -14 -12 11 -21 19 -11 8 -20 11 3 21 15 2 17 
18 18 0 -10 -7 15 13 19 -13 -7 11 7 20 16 -17 10 18 9 7 9 
10 9 3 21 10 18 5 -18 18 15 14 7 2 -16 -5 -10 -20 17 9 -12 
11 -14 -10 -5 12 1 19 -16 13 -7 14 17 -19 -1 0 -8 -6 19 14 11 
6 4 -18 -10 10 12 11 15 -17 10 1 9 10 10 2 18 5 18 -7 6 
-2 -1 -6 19 10 -1 13 18 21 0 -19 21 -4 3 8 -13 16 3 12 5 
-18 4 5 14 21 21 1 4 20 7 0 -18 9 20 3 1 3 -9 -3 19 
81
1
15 16
4 3
0
0
