20 20
10 9 -11 13 12 -18 -8 1 11 -5 2 9 -11 -14 13 1 6 6 13 15 
6 18 8 8 16 3 -18 -18 -11 11 -12 -8 1 -15 14 17 13 11 -15 -18 
0 -10 17 15 8 0 -12 17 2 5 15 -5 8 17 9 -11 16 -18 11 -15 
15 -8 13 18 14 14 4 -18 4 -5 -1 9 10 -3 -2 11 16 13 3 7 
9 5 5 12 12 0 17 18 9 -6 -5 17 5 0 12 3 15 8 -1 3 
10 4 3 15 2 2 0 14 17 1 13 -4 -9 14 3 4 16 -12 17 1 
13 14 10 15 -3 3 10 -2 17 -6 -9 11 16 8 8 5 14 10 13 10 
-1 -18 14 -13 17 -5 1 10 2 -8 8 6 -8 17 4 -11 0 9 8 12 
-6 8 0 18 3 -4 9 -8 6 11 -7 3 6 -3 -17 -13 0 5 1 -5 
9 7 16 1 -5 14 17 18 16 -9 2 1 11 4 14 -15 16 8 11 -10 
-10 11 8 16 -15 14 4 11 1 2 -9 16 18 17 14 -5 1 16 7 9 
-5 1 5 0 -13 -17 -3 6 3 -7 11 6 -8 9 -4 3 18 0 8 -6 
12 8 9 0 -11 4 17 -8 6 8 -8 2 10 1 -5 17 -13 14 -18 -1 
10 13 10 14 5 8 8 16 11 -9 -6 17 -2 10 3 -3 15 10 14 13 
1 17 -12 16 4 3 14 -9 -4 13 1 17 14 0 2 2 15 3 4 10 
3 -1 8 15 3 12 0 5 17 -5 -6 9 18 17 0 12 12 5 5 9 
7 3 13 16 11 -2 -3 10 9 -1 -5 4 -18 4 14 14 18 13 -8 15 
-15 11 -18 16 -11 9 17 8 -5 15 5 2 17 -12 0 8 15 17 -10 0 
-18 -15 11 13 17 14 -15 1 -8 -12 11 -11 -18 -18 3 16 8 8 18 6 
15 13 6 6 1 13 -14 -11 9 2 -5 11 1 -8 -18 12 13 -11 9 10 
42
1
3 17
16 2
0
0
