20 20
11 5 9 16 12 -4 1 -5 -22 13 10 5 12 1 7 -22 8 20 8 -2 
24 8 15 25 0 4 -2 8 -8 -22 5 -22 19 -17 4 13 25 22 14 22 
8 26 -8 -18 6 1 10 9 17 9 -5 17 22 13 26 11 3 23 24 11 
-2 -3 3 26 14 7 -14 9 24 -4 27 3 26 12 9 -23 11 21 -1 -16 
18 17 3 -5 -17 5 -23 13 24 8 22 4 7 -1 -21 25 8 8 23 9 
2 -20 20 5 19 11 5 5 18 10 21 -9 18 -14 3 17 -5 18 2 -22 
3 6 -25 -24 -3 4 24 8 -16 27 18 -12 -17 26 12 5 -25 13 19 0 
8 19 9 8 -17 11 10 9 1 3 19 21 -19 -8 9 -9 6 27 -17 0 
20 -3 2 -22 16 19 15 25 9 9 1 16 8 -27 -3 7 -5 16 21 -15 
-19 23 10 -12 1 5 13 26 9 -14 4 -26 3 -22 -21 11 -24 19 22 4 
4 22 19 -24 11 -21 -22 3 -26 4 -14 9 26 13 5 1 -12 10 23 -19 
-15 21 16 -5 7 -3 -27 8 16 1 9 9 25 15 19 16 -22 2 -3 20 
0 -17 27 6 -9 9 -8 -19 21 19 3 1 9 10 11 -17 8 9 19 8 
0 19 13 -25 5 12 26 -17 -12 18 27 -16 8 24 4 -3 -24 -25 6 3 
-22 2 18 -5 17 3 -14 18 -9 21 10 18 5 5 11 19 5 20 -20 2 
9 23 8 8 25 -21 -1 7 4 22 8 24 13 -23 5 -17 -5 3 17 18 
-16 -1 21 11 -23 9 12 26 3 27 -4 24 9 -14 7 14 26 3 -3 -2 
11 24 23 3 11 26 13 22 17 -5 9 17 9 10 1 6 -18 -8 26 8 
22 14 22 25 13 4 -17 19 -22 5 -22 -8 8 -2 4 0 25 15 8 24 
-2 8 20 8 -22 7 1 12 5 10 13 -22 -5 1 -4 12 16 9 5 11 
115
1
14 15
5 4
0
0
