20 20
-21 -9 11 9 12 16 -23 -11 1 3 3 8 18 19 -5 -4 -2 16 9 23 
-3 25 -18 4 -11 21 15 19 -12 -20 7 8 24 21 0 20 -15 19 19 -26 
23 13 11 3 21 14 11 25 14 4 -19 3 -10 12 4 12 26 -14 1 -11 
-23 21 26 11 22 -3 11 6 4 10 24 17 6 1 21 24 13 -25 15 -2 
18 13 23 16 27 23 23 12 13 12 -21 7 24 22 22 24 2 17 -21 -14 
0 21 -16 12 -26 24 -13 26 6 -3 16 15 9 23 18 12 4 22 24 24 
5 12 -23 -4 8 9 10 -20 16 24 0 -4 16 24 -6 24 19 4 15 -22 
9 -23 11 23 -1 14 11 -9 3 23 16 -11 8 2 12 7 26 18 21 0 
25 23 20 24 12 15 -22 21 22 14 5 10 -9 -23 3 -4 17 23 24 9 
10 14 2 2 8 23 26 23 21 -25 -6 21 18 -9 -11 25 8 3 16 -23 
-23 16 3 8 25 -11 -9 18 21 -6 -25 21 23 26 23 8 2 2 14 10 
9 24 23 17 -4 3 -23 -9 10 5 14 22 21 -22 15 12 24 20 23 25 
0 21 18 26 7 12 2 8 -11 16 23 3 -9 11 14 -1 23 11 -23 9 
-22 15 4 19 24 -6 24 16 -4 0 24 16 -20 10 9 8 -4 -23 12 5 
24 24 22 4 12 18 23 9 15 16 -3 6 26 -13 24 -26 12 -16 21 0 
-14 -21 17 2 24 22 22 24 7 -21 12 13 12 23 23 27 16 23 13 18 
-2 15 -25 13 24 21 1 6 17 24 10 4 6 11 -3 22 11 26 21 -23 
-11 1 -14 26 12 4 12 -10 3 -19 4 14 25 11 14 21 3 11 13 23 
-26 19 19 -15 20 0 21 24 8 7 -20 -12 19 15 21 -11 4 -18 25 -3 
23 9 16 -2 -4 -5 19 18 8 3 3 1 -11 -23 16 12 9 11 -9 -21 
59
1
15 12
4 7
0
0
