20 20
-5 14 22 14 5 4 16 21 -10 8 -16 -11 -18 25 0 6 4 7 17 21 
18 7 5 14 25 19 26 2 14 25 7 -20 25 -3 -15 1 7 -5 0 21 
26 2 -13 12 -2 0 7 20 26 19 21 22 18 10 15 -14 16 20 2 9 
22 16 6 2 12 -3 12 25 -3 6 26 21 -16 22 22 -15 12 24 16 21 
24 23 17 5 8 18 5 18 24 7 16 1 10 26 22 17 12 24 -16 14 
15 16 20 21 -5 21 13 20 13 20 16 20 12 16 20 25 -2 5 0 17 
0 18 -4 10 4 17 8 -23 0 11 25 4 16 4 12 17 -24 18 5 -2 
13 3 8 -2 22 20 20 11 20 -19 10 6 12 8 -25 22 -16 11 9 -16 
-7 0 25 -21 7 26 5 -14 12 12 -3 14 4 18 20 3 -15 13 21 17 
2 8 -14 6 9 6 20 6 -25 -8 23 -6 -12 3 -3 15 26 12 2 19 
19 2 12 26 15 -3 3 -12 -6 23 -8 -25 6 20 6 9 6 -14 8 2 
17 21 13 -15 3 20 18 4 14 -3 12 12 -14 5 26 7 -21 25 0 -7 
-16 9 11 -16 22 -25 8 12 6 10 -19 20 11 20 20 22 -2 8 3 13 
-2 5 18 -24 17 12 4 16 4 25 11 0 -23 8 17 4 10 -4 18 0 
17 0 5 -2 25 20 16 12 20 16 20 13 20 13 21 -5 21 20 16 15 
14 -16 24 12 17 22 26 10 1 16 7 24 18 5 18 8 5 17 23 24 
21 16 24 12 -15 22 22 -16 21 26 6 -3 25 12 -3 12 2 6 16 22 
9 2 20 16 -14 15 10 18 22 21 19 26 20 7 0 -2 12 -13 2 26 
21 0 -5 7 1 -15 -3 25 -20 7 25 14 2 26 19 25 14 5 7 18 
21 17 7 4 6 0 25 -18 -11 -16 8 -10 21 16 4 5 14 22 14 -5 
158
1
10 3
9 16
0
0
