20 20
18 11 2 -1 -16 16 7 11 1 -10 17 7 9 18 13 8 -14 -6 13 4 
-10 12 16 -4 -4 8 -4 2 16 0 -16 10 0 18 1 1 13 14 4 16 
16 16 1 14 1 0 2 -15 7 5 7 4 16 -3 0 3 5 6 7 4 
-8 6 -2 7 11 12 -10 -8 18 12 1 17 -6 13 -14 16 8 11 5 4 
6 6 15 8 9 14 3 3 -5 11 -16 17 11 9 10 12 0 -17 8 18 
14 11 6 10 14 -9 14 5 13 1 2 -17 5 1 -6 15 17 1 6 1 
14 2 -10 0 -12 7 10 -4 -11 -10 -14 14 15 8 13 6 13 -3 18 10 
6 13 7 6 6 14 6 2 10 6 16 15 -4 8 9 14 -6 1 -15 1 
5 0 14 15 18 -15 -1 13 4 15 9 16 -7 -18 -7 13 16 -3 14 -9 
12 4 6 12 18 3 11 5 -13 17 -8 11 11 -18 5 14 3 -6 4 -6 
-6 4 -6 3 14 5 -18 11 11 -8 17 -13 5 11 3 18 12 6 4 12 
-9 14 -3 16 13 -7 -18 -7 16 9 15 4 13 -1 -15 18 15 14 0 5 
1 -15 1 -6 14 9 8 -4 15 16 6 10 2 6 14 6 6 7 13 6 
10 18 -3 13 6 13 8 15 14 -14 -10 -11 -4 10 7 -12 0 -10 2 14 
1 6 1 17 15 -6 1 5 -17 2 1 13 5 14 -9 14 10 6 11 14 
18 8 -17 0 12 10 9 11 17 -16 11 -5 3 3 14 9 8 15 6 6 
4 5 11 8 16 -14 13 -6 17 1 12 18 -8 -10 12 11 7 -2 6 -8 
4 7 6 5 3 0 -3 16 4 7 5 7 -15 2 0 1 14 1 16 16 
16 4 14 13 1 1 18 0 10 -16 0 16 2 -4 8 -4 -4 16 12 -10 
4 13 -6 -14 8 13 18 9 7 17 -10 1 11 7 16 -16 -1 2 11 18 
65
1
10 7
9 12
0
0
