20 20
12 2 2 -4 1 7 12 12 5 -7 7 11 -11 7 5 0 1 8 5 -3 
12 7 11 3 10 5 4 0 11 5 -4 5 3 10 9 5 -5 10 5 9 
-10 5 12 1 4 10 10 3 1 9 -10 10 -12 -8 -1 9 9 11 8 8 
10 1 1 -2 1 -8 11 11 5 10 -2 6 6 11 -5 4 4 2 6 9 
-9 2 6 -2 -1 8 3 3 -3 6 -9 10 -10 6 10 10 -9 0 5 -7 
11 -3 1 7 10 5 -1 -6 10 -9 3 11 12 -2 4 9 3 10 -3 4 
11 1 -9 -2 -10 7 -3 -5 1 6 2 7 3 2 2 -3 0 1 12 7 
-10 11 3 1 7 -3 2 4 2 11 -12 3 -4 -11 3 2 -2 12 7 -4 
2 4 4 -1 5 -10 11 6 5 12 8 -11 3 -3 12 3 5 9 5 -12 
5 1 4 1 6 8 2 -6 5 0 12 -11 4 9 6 4 12 0 4 7 
7 4 0 12 4 6 9 4 -11 12 0 5 -6 2 8 6 1 4 1 5 
-12 5 9 5 3 12 -3 3 -11 8 12 5 6 11 -10 5 -1 4 4 2 
-4 7 12 -2 2 3 -11 -4 3 -12 11 2 4 2 -3 7 1 3 11 -10 
7 12 1 0 -3 2 2 3 7 2 6 1 -5 -3 7 -10 -2 -9 1 11 
4 -3 10 3 9 4 -2 12 11 3 -9 10 -6 -1 5 10 7 1 -3 11 
-7 5 0 -9 10 10 6 -10 10 -9 6 -3 3 3 8 -1 -2 6 2 -9 
9 6 2 4 4 -5 11 6 6 -2 10 5 11 11 -8 1 -2 1 1 10 
8 8 11 9 9 -1 -8 -12 10 -10 9 1 3 10 10 4 1 12 5 -10 
9 5 10 -5 5 9 10 3 5 -4 5 11 0 4 5 10 3 11 7 12 
-3 5 8 1 0 5 7 -11 11 7 -7 5 12 12 7 1 -4 2 2 12 
80
1
4 17
15 2
0
0
