20 20
5 5 3 -9 -6 -2 5 6 1 -5 10 1 2 3 4 3 4 10 6 8 
2 2 7 4 7 -2 1 -4 6 2 -3 3 6 9 8 6 9 -2 1 1 
2 -8 6 0 1 10 2 -3 3 4 6 7 5 9 7 5 9 6 10 -10 
-3 8 8 2 3 4 9 8 3 3 7 -7 0 -5 2 0 -7 0 6 7 
6 8 -7 9 4 9 -9 3 6 4 -4 9 4 4 0 0 9 2 1 8 
-10 5 8 10 -5 2 -8 -1 -6 0 -6 5 9 8 5 -1 2 -6 8 4 
2 -2 9 -8 0 9 5 8 0 10 -4 7 -9 10 2 6 -5 5 5 5 
2 -1 3 4 7 1 9 -8 7 -1 1 4 6 1 6 6 9 6 8 -3 
5 5 1 7 7 6 -2 1 -9 6 2 8 -4 6 6 10 4 4 4 5 
-6 2 9 -5 3 5 9 2 10 0 4 -3 9 1 0 -2 6 4 5 8 
8 5 4 6 -2 0 1 9 -3 4 0 10 2 9 5 3 -5 9 2 -6 
5 4 4 4 10 6 6 -4 8 2 6 -9 1 -2 6 7 7 1 5 5 
-3 8 6 9 6 6 1 6 4 1 -1 7 -8 9 1 7 4 3 -1 2 
5 5 5 -5 6 2 10 -9 7 -4 10 0 8 5 9 0 -8 9 -2 2 
4 8 -6 2 -1 5 8 9 5 -6 0 -6 -1 -8 2 -5 10 8 5 -10 
8 1 2 9 0 0 4 4 9 -4 4 6 3 -9 9 4 9 -7 8 6 
7 6 0 -7 0 2 -5 0 -7 7 3 3 8 9 4 3 2 8 8 -3 
-10 10 6 9 5 7 9 5 7 6 4 3 -3 2 10 1 0 6 -8 2 
1 1 -2 9 6 8 9 6 3 -3 2 6 -4 1 -2 7 4 7 2 2 
8 6 10 4 3 4 3 2 1 10 -5 1 6 5 -2 -6 -9 3 5 5 
43
1
18 2
1 17
0
0
