20 20
10 6 2 9 5 4 5 -2 1 5 3 4 11 -9 6 -8 -3 1 -5 6 
10 -2 5 9 6 4 -4 0 0 8 5 -10 -9 6 -1 2 1 5 -2 1 
-9 9 -11 5 5 -3 -8 2 5 8 7 5 6 -9 1 -10 -11 10 2 4 
1 2 0 9 6 7 10 8 7 3 9 11 3 10 6 -9 11 10 5 1 
-4 4 5 7 -4 10 8 5 9 3 4 3 -10 2 4 10 -3 10 8 10 
11 -6 -7 10 -2 11 0 -2 2 9 7 -8 11 8 2 1 3 3 11 -5 
7 11 -2 6 -11 3 3 -11 5 4 2 0 10 4 5 2 11 5 6 4 
5 6 -7 8 -11 -3 -10 9 -8 -1 0 1 3 -1 9 5 11 0 -4 -3 
10 7 8 6 8 5 3 7 11 5 3 3 0 6 4 11 1 3 7 1 
2 7 3 6 4 5 -11 3 5 -6 7 6 -8 9 3 3 9 3 11 -4 
-4 11 3 9 3 3 9 -8 6 7 -6 5 3 -11 5 4 6 3 7 2 
1 7 3 1 11 4 6 0 3 3 5 11 7 3 5 8 6 8 7 10 
-3 -4 0 11 5 9 -1 3 1 0 -1 -8 9 -10 -3 -11 8 -7 6 5 
4 6 5 11 2 5 4 10 0 2 4 5 -11 3 3 -11 6 -2 11 7 
-5 11 3 3 1 2 8 11 -8 7 9 2 -2 0 11 -2 10 -7 -6 11 
10 8 10 -3 10 4 2 -10 3 4 3 9 5 8 10 -4 7 5 4 -4 
1 5 10 11 -9 6 10 3 11 9 3 7 8 10 7 6 9 0 2 1 
4 2 10 -11 -10 1 -9 6 5 7 8 5 2 -8 -3 5 5 -11 9 -9 
1 -2 5 1 2 -1 6 -9 -10 5 8 0 0 -4 4 6 9 5 -2 10 
6 -5 1 -3 -8 6 -9 11 4 3 5 1 -2 5 4 5 9 2 6 10 
80
1
17 18
2 1
0
0
