20 20
11 4 9 17 -2 11 19 -20 5 3 4 5 9 -22 4 3 0 14 7 -8 
11 -1 -12 14 13 -18 22 7 14 -23 8 -20 18 21 -4 -16 -24 9 3 15 
-12 -24 14 -17 16 23 13 22 25 2 21 19 9 -4 10 -8 6 6 6 15 
6 -8 7 8 -17 22 1 5 20 16 -9 22 14 -12 17 -10 17 2 9 -16 
18 -20 23 17 8 7 12 5 0 22 21 -19 22 17 23 4 25 9 -2 -23 
14 23 25 13 -4 2 -25 16 17 12 8 12 3 15 14 13 -9 14 12 14 
4 19 22 25 20 -24 14 4 -14 18 5 16 18 17 24 -6 -25 1 -1 -10 
23 10 9 15 -13 5 1 21 14 11 14 9 18 16 11 -3 13 12 4 -23 
5 2 24 2 -15 7 4 5 24 25 25 23 13 3 3 19 -18 10 2 20 
16 -3 22 23 -23 -15 -17 3 3 22 22 18 -25 -21 -8 1 -14 -20 20 15 
15 20 -20 -14 1 -8 -21 -25 18 22 22 3 3 -17 -15 -23 23 22 -3 16 
20 2 10 -18 19 3 3 13 23 25 25 24 5 4 7 -15 2 24 2 5 
-23 4 12 13 -3 11 16 18 9 14 11 14 21 1 5 -13 15 9 10 23 
-10 -1 1 -25 -6 24 17 18 16 5 18 -14 4 14 -24 20 25 22 19 4 
14 12 14 -9 13 14 15 3 12 8 12 17 16 -25 2 -4 13 25 23 14 
-23 -2 9 25 4 23 17 22 -19 21 22 0 5 12 7 8 17 23 -20 18 
-16 9 2 17 -10 17 -12 14 22 -9 16 20 5 1 22 -17 8 7 -8 6 
15 6 6 6 -8 10 -4 9 19 21 2 25 22 13 23 16 -17 14 -24 -12 
15 3 9 -24 -16 -4 21 18 -20 8 -23 14 7 22 -18 13 14 -12 -1 11 
-8 7 14 0 3 4 -22 9 5 4 3 5 -20 19 11 -2 17 9 4 11 
78
1
10 5
9 14
0
0
