20 20
-10 16 -20 -10 14 1 12 4 7 7 -12 8 7 -14 5 1 -6 6 1 -11 
6 19 4 -8 14 -20 8 1 3 6 12 8 12 6 6 -2 18 9 15 -14 
20 -16 11 13 -5 3 6 2 14 7 7 12 -6 -2 15 11 -5 -14 -16 4 
0 -4 18 13 17 5 -16 1 -8 19 8 12 20 5 -15 -6 14 -15 19 12 
14 4 8 17 4 -14 -4 17 7 -13 4 4 14 -2 9 16 -13 -1 -8 -7 
2 -1 -8 20 -18 12 19 13 1 14 12 -19 20 7 12 17 -12 11 -18 0 
7 18 15 20 2 11 11 18 1 9 -12 17 14 1 11 7 12 14 -5 -9 
20 -12 -1 5 -14 18 -6 8 -3 11 -18 0 -19 12 19 -11 18 18 -14 20 
17 19 15 2 10 2 0 9 -15 18 -5 -19 6 4 2 17 -5 14 9 -4 
5 8 -18 0 2 -11 20 0 -17 8 -2 -18 7 4 -10 5 -10 3 19 5 
5 19 3 -10 5 -10 4 7 -18 -2 8 -17 0 20 -11 2 0 -18 8 5 
-4 9 14 -5 17 2 4 6 -19 -5 18 -15 9 0 2 10 2 15 19 17 
20 -14 18 18 -11 19 12 -19 0 -18 11 -3 8 -6 18 -14 5 -1 -12 20 
-9 -5 14 12 7 11 1 14 17 -12 9 1 18 11 11 2 20 15 18 7 
0 -18 11 -12 17 12 7 20 -19 12 14 1 13 19 12 -18 20 -8 -1 2 
-7 -8 -1 -13 16 9 -2 14 4 4 -13 7 17 -4 -14 4 17 8 4 14 
12 19 -15 14 -6 -15 5 20 12 8 19 -8 1 -16 5 17 13 18 -4 0 
4 -16 -14 -5 11 15 -2 -6 12 7 7 14 2 6 3 -5 13 11 -16 20 
-14 15 9 18 -2 6 6 12 8 12 6 3 1 8 -20 14 -8 4 19 6 
-11 1 6 -6 1 5 -14 7 8 -12 7 7 4 12 1 14 -10 -20 16 -10 
90
1
10 5
9 14
0
0
