20 20
13 9 -15 18 7 14 7 3 18 8 2 2 8 5 10 -2 4 0 6 10 
14 6 3 -3 10 0 -4 12 12 -14 -4 14 -8 -10 -1 15 19 15 -6 11 
-11 15 19 13 13 10 5 14 13 1 7 9 -2 -6 -9 15 10 8 -17 2 
6 -9 -5 6 -15 19 3 13 3 16 2 14 11 5 5 3 13 15 1 19 
3 8 -10 13 -12 8 19 12 9 17 -12 -19 7 8 7 -10 14 -13 -4 14 
14 18 -6 13 8 17 5 1 3 14 -11 -3 3 8 -15 18 -8 5 11 7 
-9 -10 13 2 10 19 14 13 0 11 19 16 14 4 -9 -5 13 -4 14 11 
1 -11 0 0 -6 -17 -4 -5 -14 12 -10 10 13 14 16 9 14 -5 5 11 
7 17 -19 8 6 1 4 18 -2 7 0 -6 -5 17 10 6 -1 14 11 -18 
6 18 -10 -14 -18 9 7 18 -8 -13 13 10 -10 9 -16 11 -1 15 7 7 
7 7 15 -1 11 -16 9 -10 10 13 -13 -8 18 7 9 -18 -14 -10 18 6 
-18 11 14 -1 6 10 17 -5 -6 0 7 -2 18 4 1 6 8 -19 17 7 
11 5 -5 14 9 16 14 13 10 -10 12 -14 -5 -4 -17 -6 0 0 -11 1 
11 14 -4 13 -5 -9 4 14 16 19 11 0 13 14 19 10 2 13 -10 -9 
7 11 5 -8 18 -15 8 3 -3 -11 14 3 1 5 17 8 13 -6 18 14 
14 -4 -13 14 -10 7 8 7 -19 -12 17 9 12 19 8 -12 13 -10 8 3 
19 1 15 13 3 5 5 11 14 2 16 3 13 3 19 -15 6 -5 -9 6 
2 -17 8 10 15 -9 -6 -2 9 7 1 13 14 5 10 13 13 19 15 -11 
11 -6 15 19 15 -1 -10 -8 14 -4 -14 12 12 -4 0 10 -3 3 6 14 
10 6 0 4 -2 10 5 8 2 2 8 18 3 7 14 7 18 -15 9 13 
193
1
5 18
14 1
0
0
