20 20
4 18 12 27 13 15 2 20 1 2 22 11 22 16 25 29 8 -7 14 8 
10 14 -19 24 -6 8 19 7 1 26 1 28 27 1 19 21 13 20 -26 -2 
4 20 22 2 8 2 7 24 8 18 6 -14 -24 11 20 2 7 24 -27 13 
3 5 -5 -8 6 22 -19 -3 1 12 -6 20 28 25 24 -10 9 18 9 -19 
-26 26 16 14 -4 -22 29 13 22 5 26 3 -8 -26 9 10 27 -3 22 29 
6 11 -29 10 6 19 13 -13 27 1 2 3 -1 -21 4 13 27 18 11 5 
-11 18 13 -25 -18 22 9 7 -23 17 17 15 5 20 -26 13 4 29 8 -27 
-27 8 0 -28 -6 8 25 1 28 21 -4 11 -24 -19 20 9 16 0 12 -14 
22 -28 -29 29 -2 14 27 17 6 10 -20 26 -16 27 -9 15 25 21 19 -1 
-14 11 22 6 22 -25 17 6 23 18 0 9 11 -20 -29 3 -15 10 4 -17 
-17 4 10 -15 3 -29 -20 11 9 0 18 23 6 17 -25 22 6 22 11 -14 
-1 19 21 25 15 -9 27 -16 26 -20 10 6 17 27 14 -2 29 -29 -28 22 
-14 12 0 16 9 20 -19 -24 11 -4 21 28 1 25 8 -6 -28 0 8 -27 
-27 8 29 4 13 -26 20 5 15 17 17 -23 7 9 22 -18 -25 13 18 -11 
5 11 18 27 13 4 -21 -1 3 2 1 27 -13 13 19 6 10 -29 11 6 
29 22 -3 27 10 9 -26 -8 3 26 5 22 13 29 -22 -4 14 16 26 -26 
-19 9 18 9 -10 24 25 28 20 -6 12 1 -3 -19 22 6 -8 -5 5 3 
13 -27 24 7 2 20 11 -24 -14 6 18 8 24 7 2 8 2 22 20 4 
-2 -26 20 13 21 19 1 27 28 1 26 1 7 19 8 -6 24 -19 14 10 
8 14 -7 8 29 25 16 22 11 22 2 1 20 2 15 13 27 12 18 4 
71
1
16 13
3 6
0
0
