20 20
-3 11 15 -17 4 5 8 10 26 7 15 12 1 7 -11 12 12 -12 2 1 
26 25 23 -23 23 16 15 -8 15 15 19 9 5 21 3 20 -17 17 -24 24 
0 1 -24 -6 11 -5 -19 10 21 24 19 20 -5 12 -9 8 14 25 25 15 
8 12 26 18 26 -6 -13 10 9 -1 4 21 -7 3 13 -14 16 4 -20 -3 
25 13 24 17 -15 11 16 9 13 6 19 23 9 -9 3 13 -9 6 -20 19 
14 16 15 17 14 22 20 -13 -15 -3 7 21 8 -11 23 17 -5 0 8 9 
4 -12 4 -18 8 9 20 25 -24 13 0 2 3 17 4 23 0 -25 24 -9 
5 9 -1 -1 14 16 10 19 3 -26 10 -9 17 -4 25 12 -20 13 7 -1 
-3 16 -26 21 5 6 18 17 9 6 -4 8 17 0 -22 11 24 9 16 -7 
-14 14 -24 21 1 23 19 23 17 15 17 -19 -16 -12 11 22 9 -1 -9 7 
7 -9 -1 9 22 11 -12 -16 -19 17 15 17 23 19 23 1 21 -24 14 -14 
-7 16 9 24 11 -22 0 17 8 -4 6 9 17 18 6 5 21 -26 16 -3 
-1 7 13 -20 12 25 -4 17 -9 10 -26 3 19 10 16 14 -1 -1 9 5 
-9 24 -25 0 23 4 17 3 2 0 13 -24 25 20 9 8 -18 4 -12 4 
9 8 0 -5 17 23 -11 8 21 7 -3 -15 -13 20 22 14 17 15 16 14 
19 -20 6 -9 13 3 -9 9 23 19 6 13 9 16 11 -15 17 24 13 25 
-3 -20 4 16 -14 13 3 -7 21 4 -1 9 10 -13 -6 26 18 26 12 8 
15 25 25 14 8 -9 12 -5 20 19 24 21 10 -19 -5 11 -6 -24 1 0 
24 -24 17 -17 20 3 21 5 9 19 15 15 -8 15 16 23 -23 23 25 26 
1 2 -12 12 12 -11 7 1 12 15 7 26 10 8 5 4 -17 15 11 -3 
61
1
7 8
12 11
0
0
