20 20
1 -18 -10 1 15 12 12 19 15 9 18 1 6 7 20 20 15 1 20 21 
5 -20 21 -20 8 13 5 -21 3 -22 -10 0 20 7 5 -5 -10 3 -18 6 
3 21 13 9 7 0 5 21 3 -17 10 11 -2 -15 13 13 19 7 15 17 
10 7 1 -15 12 13 1 -19 3 2 18 -2 -7 -11 6 -16 17 12 12 11 
-23 8 -17 -4 18 2 2 3 -21 1 4 3 23 20 21 20 8 12 3 3 
-2 16 5 0 -1 18 12 2 11 6 -1 -23 19 -16 -12 5 -12 24 11 -14 
-17 -9 1 -8 6 4 -7 -5 -9 8 13 11 12 -24 17 19 -24 5 21 -8 
5 9 18 17 4 24 5 11 15 -22 19 12 -18 -7 12 -24 22 21 24 18 
4 15 21 18 -21 15 14 7 -22 23 16 17 -11 23 1 0 24 23 0 2 
15 -16 9 17 -10 6 21 20 16 2 18 2 4 24 11 1 -21 -2 15 21 
21 15 -2 -21 1 11 24 4 2 18 2 16 20 21 6 -10 17 9 -16 15 
2 0 23 24 0 1 23 -11 17 16 23 -22 7 14 15 -21 18 21 15 4 
18 24 21 22 -24 12 -7 -18 12 19 -22 15 11 5 24 4 17 18 9 5 
-8 21 5 -24 19 17 -24 12 11 13 8 -9 -5 -7 4 6 -8 1 -9 -17 
-14 11 24 -12 5 -12 -16 19 -23 -1 6 11 2 12 18 -1 0 5 16 -2 
3 3 12 8 20 21 20 23 3 4 1 -21 3 2 2 18 -4 -17 8 -23 
11 12 12 17 -16 6 -11 -7 -2 18 2 3 -19 1 13 12 -15 1 7 10 
17 15 7 19 13 13 -15 -2 11 10 -17 3 21 5 0 7 9 13 21 3 
6 -18 3 -10 -5 5 7 20 0 -10 -22 3 -21 5 13 8 -20 21 -20 5 
21 20 1 15 20 20 7 6 1 18 9 15 19 12 12 15 1 -10 -18 1 
83
1
2 14
17 5
0
0
