20 20
18 12 16 18 19 20 27 14 -12 -12 -8 27 21 8 4 2 11 9 -23 0 
19 6 15 13 23 19 10 1 -20 5 11 -24 3 3 17 -26 7 25 21 -5 
-19 -13 17 10 17 -5 27 26 26 24 8 24 15 -20 4 4 23 9 17 7 
-21 -20 10 9 21 3 20 12 0 6 3 -15 -27 5 -2 10 9 3 27 6 
24 20 7 19 23 12 9 16 11 14 27 5 22 -19 23 18 3 5 -22 25 
-26 16 -6 -23 10 16 1 16 2 21 17 0 6 15 22 13 21 3 -2 15 
-14 19 2 7 2 -14 -20 21 -1 8 12 12 7 1 27 18 22 -10 21 20 
6 13 17 4 12 0 19 -11 17 21 6 -20 -20 25 -16 2 12 -17 23 -23 
26 24 24 6 5 -24 14 13 -20 24 24 5 12 7 24 17 0 17 -12 17 
-4 -21 19 2 -23 4 4 -5 1 4 13 11 17 3 23 -19 7 -1 -1 25 
25 -1 -1 7 -19 23 3 17 11 13 4 1 -5 4 4 -23 2 19 -21 -4 
17 -12 17 0 17 24 7 12 5 24 24 -20 13 14 -24 5 6 24 24 26 
-23 23 -17 12 2 -16 25 -20 -20 6 21 17 -11 19 0 12 4 17 13 6 
20 21 -10 22 18 27 1 7 12 12 8 -1 21 -20 -14 2 7 2 19 -14 
15 -2 3 21 13 22 15 6 0 17 21 2 16 1 16 10 -23 -6 16 -26 
25 -22 5 3 18 23 -19 22 5 27 14 11 16 9 12 23 19 7 20 24 
6 27 3 9 10 -2 5 -27 -15 3 6 0 12 20 3 21 9 10 -20 -21 
7 17 9 23 4 4 -20 15 24 8 24 26 26 27 -5 17 10 17 -13 -19 
-5 21 25 7 -26 17 3 3 -24 11 5 -20 1 10 19 23 13 15 6 19 
0 -23 9 11 2 4 8 21 27 -8 -12 -12 14 27 20 19 18 16 12 18 
72
1
11 16
8 3
0
0
