20 20
1 -4 2 4 9 10 -12 15 16 -5 -8 -6 -7 5 2 18 8 0 -6 0 
16 10 5 -6 3 -9 0 8 4 -5 -11 10 -15 17 4 1 13 4 10 -1 
14 15 -17 12 17 0 0 8 16 10 -4 -12 17 5 14 -17 7 8 14 13 
5 6 9 18 11 12 1 -3 -6 -8 8 -8 3 4 6 -5 11 6 1 1 
0 13 5 8 2 15 -10 5 13 14 15 9 3 17 -8 -10 15 13 -3 -3 
16 -11 15 -3 5 16 0 12 2 18 -2 -16 13 10 -15 1 13 -7 13 12 
5 -3 -14 6 -9 7 -15 15 7 5 5 -18 2 16 -11 7 6 12 14 6 
6 5 13 15 14 16 11 9 -10 10 9 12 -17 4 -12 4 1 12 7 -10 
9 13 -6 0 18 5 0 13 -18 16 7 16 -4 8 -7 5 10 -18 4 11 
0 11 14 11 -14 17 18 1 13 -14 -5 13 11 1 9 -1 11 16 4 2 
2 4 16 11 -1 9 1 11 13 -5 -14 13 1 18 17 -14 11 14 11 0 
11 4 -18 10 5 -7 8 -4 16 7 16 -18 13 0 5 18 0 -6 13 9 
-10 7 12 1 4 -12 4 -17 12 9 10 -10 9 11 16 14 15 13 5 6 
6 14 12 6 7 -11 16 2 -18 5 5 7 15 -15 7 -9 6 -14 -3 5 
12 13 -7 13 1 -15 10 13 -16 -2 18 2 12 0 16 5 -3 15 -11 16 
-3 -3 13 15 -10 -8 17 3 9 15 14 13 5 -10 15 2 8 5 13 0 
1 1 6 11 -5 6 4 3 -8 8 -8 -6 -3 1 12 11 18 9 6 5 
13 14 8 7 -17 14 5 17 -12 -4 10 16 8 0 0 17 12 -17 15 14 
-1 10 4 13 1 4 17 -15 10 -11 -5 4 8 0 -9 3 -6 5 10 16 
0 -6 0 8 18 2 5 -7 -6 -8 -5 16 15 -12 10 9 4 2 -4 1 
67
1
16 6
3 13
0
0
