20 20
-16 11 -9 7 10 15 -4 2 8 16 -12 16 9 3 -8 14 -8 7 16 16 
11 4 11 14 10 15 12 13 1 -12 -8 -10 3 9 5 -4 -12 16 10 2 
15 14 -9 -3 -2 2 10 9 2 -10 9 5 8 6 2 14 12 -4 9 10 
-13 13 10 10 -1 10 0 13 10 13 16 9 12 10 -16 9 16 3 13 6 
5 -6 3 12 10 -10 -7 8 1 12 16 12 4 10 15 6 12 -7 -9 15 
-11 -15 1 5 -2 14 -8 3 -4 0 6 13 11 7 2 1 14 11 2 0 
-15 -1 6 12 7 -10 9 -16 3 13 -7 3 2 4 3 14 15 11 15 -14 
6 1 -8 -10 5 8 9 14 -12 3 4 -13 15 0 16 -8 3 10 15 -3 
-11 4 8 9 3 3 8 14 5 12 3 -4 -11 2 6 1 15 16 0 5 
6 9 7 6 -7 3 9 2 0 14 5 8 9 -13 12 -9 -10 4 -3 10 
10 -3 4 -10 -9 12 -13 9 8 5 14 0 2 9 3 -7 6 7 9 6 
5 0 16 15 1 6 2 -11 -4 3 12 5 14 8 3 3 9 8 4 -11 
-3 15 10 3 -8 16 0 15 -13 4 3 -12 14 9 8 5 -10 -8 1 6 
-14 15 11 15 14 3 4 2 3 -7 13 3 -16 9 -10 7 12 6 -1 -15 
0 2 11 14 1 2 7 11 13 6 0 -4 3 -8 14 -2 5 1 -15 -11 
15 -9 -7 12 6 15 10 4 12 16 12 1 8 -7 -10 10 12 3 -6 5 
6 13 3 16 9 -16 10 12 9 16 13 10 13 0 10 -1 10 10 13 -13 
10 9 -4 12 14 2 6 8 5 9 -10 2 9 10 2 -2 -3 -9 14 15 
2 10 16 -12 -4 5 9 3 -10 -8 -12 1 13 12 15 10 14 11 4 11 
16 16 7 -8 14 -8 3 9 16 -12 16 8 2 -4 15 10 7 -9 11 -16 
128
1
10 9
9 10
0
0
