20 20
0 -19 5 -2 26 23 7 17 13 21 24 10 8 15 20 21 14 -10 26 -12 
26 -13 15 22 14 -10 26 25 4 6 -7 -18 10 15 11 0 20 8 14 3 
21 -27 15 10 8 -13 2 -17 12 -14 14 -7 22 24 9 21 22 3 17 10 
-1 -10 19 13 4 22 9 2 1 25 11 2 -10 12 -6 4 25 -11 17 27 
11 7 13 25 4 -25 3 15 16 8 6 -14 17 11 24 -12 -25 -25 5 27 
13 24 17 14 11 13 -21 27 3 16 13 21 -2 4 17 12 -27 11 18 -3 
-3 -27 -10 -11 11 -12 18 9 18 11 0 20 27 8 3 1 26 12 3 15 
-4 12 -20 25 23 8 12 19 23 8 7 19 2 6 23 21 -10 -2 -27 1 
26 -10 3 20 17 -7 14 2 12 -11 5 17 2 9 9 7 10 2 4 4 
7 26 6 21 3 17 -19 -11 14 7 -6 2 10 17 18 6 23 19 -20 1 
1 -20 19 23 6 18 17 10 2 -6 7 14 -11 -19 17 3 21 6 26 7 
4 4 2 10 7 9 9 2 17 5 -11 12 2 14 -7 17 20 3 -10 26 
1 -27 -2 -10 21 23 6 2 19 7 8 23 19 12 8 23 25 -20 12 -4 
15 3 12 26 1 3 8 27 20 0 11 18 9 18 -12 11 -11 -10 -27 -3 
-3 18 11 -27 12 17 4 -2 21 13 16 3 27 -21 13 11 14 17 24 13 
27 5 -25 -25 -12 24 11 17 -14 6 8 16 15 3 -25 4 25 13 7 11 
27 17 -11 25 4 -6 12 -10 2 11 25 1 2 9 22 4 13 19 -10 -1 
10 17 3 22 21 9 24 22 -7 14 -14 12 -17 2 -13 8 10 15 -27 21 
3 14 8 20 0 11 15 10 -18 -7 6 4 25 26 -10 14 22 15 -13 26 
-12 26 -10 14 21 20 15 8 10 24 21 13 17 7 23 26 -2 5 -19 0 
122
1
6 4
13 15
0
0
