20 20
11 9 7 12 3 -4 10 6 14 5 10 7 6 13 13 13 -16 11 19 16 
3 3 1 -4 -7 13 16 6 -10 5 -14 15 10 17 10 8 13 10 -17 16 
-18 19 13 10 9 18 3 12 17 -19 15 7 14 -12 14 4 14 -18 15 15 
8 -2 5 -16 7 3 -11 -19 18 9 13 13 9 4 15 10 2 6 6 1 
4 9 3 3 -2 -5 9 -5 9 6 6 7 7 17 2 1 8 16 3 6 
-9 4 15 0 3 11 3 12 -2 -9 19 4 17 -18 16 14 7 19 -12 10 
15 -3 -7 16 10 12 -12 1 1 17 8 -4 -12 -8 16 13 11 6 -6 -12 
9 -16 9 3 4 10 9 -2 -14 15 13 4 19 17 12 17 9 13 14 5 
19 14 -12 -11 -9 14 14 14 8 -6 17 -3 -1 -4 -5 15 5 15 3 -17 
11 -13 10 3 12 4 -19 2 1 12 1 5 3 3 -2 9 17 7 13 8 
8 13 7 17 9 -2 3 3 5 1 12 1 2 -19 4 12 3 10 -13 11 
-17 3 15 5 15 -5 -4 -1 -3 17 -6 8 14 14 14 -9 -11 -12 14 19 
5 14 13 9 17 12 17 19 4 13 15 -14 -2 9 10 4 3 9 -16 9 
-12 -6 6 11 13 16 -8 -12 -4 8 17 1 1 -12 12 10 16 -7 -3 15 
10 -12 19 7 14 16 -18 17 4 19 -9 -2 12 3 11 3 0 15 4 -9 
6 3 16 8 1 2 17 7 7 6 6 9 -5 9 -5 -2 3 3 9 4 
1 6 6 2 10 15 4 9 13 13 9 18 -19 -11 3 7 -16 5 -2 8 
15 15 -18 14 4 14 -12 14 7 15 -19 17 12 3 18 9 10 13 19 -18 
16 -17 10 13 8 10 17 10 15 -14 5 -10 6 16 13 -7 -4 1 3 3 
16 19 11 -16 13 13 13 6 7 10 5 14 6 10 -4 3 12 7 9 11 
183
1
11 15
8 4
0
0
