20 20
13 8 9 11 12 12 -13 6 4 14 5 -2 4 9 -7 10 14 3 -3 2 
3 11 -11 9 14 6 2 4 4 5 1 4 1 14 9 5 -14 7 -7 4 
10 -1 -7 4 2 14 0 10 5 2 13 -14 12 0 5 -8 -1 14 10 8 
6 0 8 7 -9 3 12 6 2 -3 2 14 14 8 4 -3 13 -7 13 -6 
5 9 -1 -7 9 10 9 14 -8 2 14 5 11 -10 12 -9 0 6 4 7 
11 5 6 6 -14 -11 5 -5 0 7 3 14 12 -10 3 1 -10 9 12 13 
-1 -5 11 12 -14 1 6 2 -11 5 11 -9 0 8 1 -14 -3 7 0 3 
2 10 8 11 5 -14 12 7 3 2 9 7 -9 -1 5 -9 1 8 -4 3 
-3 1 -4 -10 4 4 13 5 7 -1 10 10 11 2 -4 0 13 -9 8 12 
11 13 -2 -11 -9 4 -14 0 -1 3 -1 5 5 1 -11 10 -14 7 -9 8 
8 -9 7 -14 10 -11 1 5 5 -1 3 -1 0 -14 4 -9 -11 -2 13 11 
12 8 -9 13 0 -4 2 11 10 10 -1 7 5 13 4 4 -10 -4 1 -3 
3 -4 8 1 -9 5 -1 -9 7 9 2 3 7 12 -14 5 11 8 10 2 
3 0 7 -3 -14 1 8 0 -9 11 5 -11 2 6 1 -14 12 11 -5 -1 
13 12 9 -10 1 3 -10 12 14 3 7 0 -5 5 -11 -14 6 6 5 11 
7 4 6 0 -9 12 -10 11 5 14 2 -8 14 9 10 9 -7 -1 9 5 
-6 13 -7 13 -3 4 8 14 14 2 -3 2 6 12 3 -9 7 8 0 6 
8 10 14 -1 -8 5 0 12 -14 13 2 5 10 0 14 2 4 -7 -1 10 
4 -7 7 -14 5 9 14 1 4 1 5 4 4 2 6 14 9 -11 11 3 
2 -3 3 14 10 -7 9 4 -2 5 14 4 6 -13 12 12 11 9 8 13 
54
1
6 17
13 2
0
0
