20 20
8 6 10 -5 12 15 15 19 3 19 12 -19 2 12 1 8 5 9 -1 6 
6 4 1 11 10 6 -9 15 14 -16 -7 16 19 -6 -17 17 11 14 -18 11 
15 7 14 8 19 1 15 2 16 -15 -8 17 1 17 12 12 -6 4 11 -5 
13 -2 -9 8 -3 6 -17 6 15 3 -12 14 13 16 5 13 -15 12 -1 9 
14 9 14 8 -17 16 -17 -12 3 13 2 4 -7 -8 1 2 7 12 10 15 
10 9 14 -12 14 13 18 7 8 8 -1 -7 -6 1 15 6 3 4 1 1 
0 4 9 -4 -14 16 18 1 15 1 -8 0 13 1 2 -1 5 16 6 7 
13 11 12 -15 4 -19 18 -12 5 -19 14 15 3 11 1 -3 2 -17 10 17 
17 3 10 -3 5 -4 19 9 4 2 -16 -12 -4 6 1 4 2 14 -11 14 
-9 1 -11 8 -15 -19 3 -11 4 10 8 -7 7 16 9 14 -15 9 17 13 
13 17 9 -15 14 9 16 7 -7 8 10 4 -11 3 -19 -15 8 -11 1 -9 
14 -11 14 2 4 1 6 -4 -12 -16 2 4 9 19 -4 5 -3 10 3 17 
17 10 -17 2 -3 1 11 3 15 14 -19 5 -12 18 -19 4 -15 12 11 13 
7 6 16 5 -1 2 1 13 0 -8 1 15 1 18 16 -14 -4 9 4 0 
1 1 4 3 6 15 1 -6 -7 -1 8 8 7 18 13 14 -12 14 9 10 
15 10 12 7 2 1 -8 -7 4 2 13 3 -12 -17 16 -17 8 14 9 14 
9 -1 12 -15 13 5 16 13 14 -12 3 15 6 -17 6 -3 8 -9 -2 13 
-5 11 4 -6 12 12 17 1 17 -8 -15 16 2 15 1 19 8 14 7 15 
11 -18 14 11 17 -17 -6 19 16 -7 -16 14 15 -9 6 10 11 1 4 6 
6 -1 9 5 8 1 12 2 -19 12 19 3 19 15 15 12 -5 10 6 8 
91
1
18 14
1 5
0
0
