20 20
20 -15 16 8 14 0 -5 8 -18 10 6 12 11 13 0 9 -1 2 5 9 
16 -9 14 12 -16 12 -21 5 12 10 9 -11 7 14 18 20 16 -3 4 -13 
12 -15 16 18 -18 11 0 -17 9 4 -10 19 0 -9 5 5 4 15 17 15 
1 21 1 -13 11 13 17 -15 -16 10 2 0 20 -10 1 3 -4 7 2 8 
17 -1 -5 6 10 10 -14 -1 8 6 5 3 2 3 11 2 6 2 15 8 
12 7 -1 16 -7 -7 8 19 -5 18 6 1 14 12 21 16 6 20 16 10 
14 19 -3 -16 -19 18 6 7 3 -18 20 13 -16 1 -4 17 10 -11 1 11 
11 13 -10 19 6 -19 15 10 12 16 16 -17 11 16 -21 9 13 -15 18 1 
8 -21 -19 -14 17 9 -7 6 7 6 14 15 17 9 21 -3 7 -1 16 -17 
19 9 13 6 11 8 -19 9 19 -15 3 -18 19 17 16 -8 16 4 7 14 
14 7 4 16 -8 16 17 19 -18 3 -15 19 9 -19 8 11 6 13 9 19 
-17 16 -1 7 -3 21 9 17 15 14 6 7 6 -7 9 17 -14 -19 -21 8 
1 18 -15 13 9 -21 16 11 -17 16 16 12 10 15 -19 6 19 -10 13 11 
11 1 -11 10 17 -4 1 -16 13 20 -18 3 7 6 18 -19 -16 -3 19 14 
10 16 20 6 16 21 12 14 1 6 18 -5 19 8 -7 -7 16 -1 7 12 
8 15 2 6 2 11 3 2 3 5 6 8 -1 -14 10 10 6 -5 -1 17 
8 2 7 -4 3 1 -10 20 0 2 10 -16 -15 17 13 11 -13 1 21 1 
15 17 15 4 5 5 -9 0 19 -10 4 9 -17 0 11 -18 18 16 -15 12 
-13 4 -3 16 20 18 14 7 -11 9 10 12 5 -21 12 -16 12 14 -9 16 
9 5 2 -1 9 0 13 11 12 6 10 -18 8 -5 0 14 8 16 -15 20 
106
1
7 16
12 3
0
0
