20 20
3 -12 15 3 12 16 -18 17 8 8 7 7 16 -14 0 11 -7 -9 14 3 
13 -18 13 10 5 -8 -9 4 15 5 -6 8 4 13 -18 6 1 -4 9 -7 
6 5 11 18 -8 5 15 15 10 18 10 -12 13 18 2 6 3 5 2 3 
13 10 5 -16 9 13 9 8 -5 11 13 8 6 -2 8 3 -11 10 16 9 
17 3 1 12 9 2 16 8 6 4 15 16 -1 6 7 1 -16 6 -1 -1 
3 16 18 3 14 7 7 10 14 -1 2 3 -9 -16 17 6 9 15 -13 -10 
9 12 4 6 5 4 2 -17 -12 14 7 13 6 -11 13 14 17 -5 17 4 
7 -15 5 -16 3 14 17 16 18 -3 -15 15 12 -9 11 7 18 16 4 11 
15 12 13 -16 16 0 6 9 18 18 -9 10 7 18 6 17 3 6 13 7 
7 0 11 11 0 7 -8 -14 6 15 7 12 -17 11 18 1 11 16 3 -18 
-18 3 16 11 1 18 11 -17 12 7 15 6 -14 -8 7 0 11 11 0 7 
7 13 6 3 17 6 18 7 10 -9 18 18 9 6 0 16 -16 13 12 15 
11 4 16 18 7 11 -9 12 15 -15 -3 18 16 17 14 3 -16 5 -15 7 
4 17 -5 17 14 13 -11 6 13 7 14 -12 -17 2 4 5 6 4 12 9 
-10 -13 15 9 6 17 -16 -9 3 2 -1 14 10 7 7 14 3 18 16 3 
-1 -1 6 -16 1 7 6 -1 16 15 4 6 8 16 2 9 12 1 3 17 
9 16 10 -11 3 8 -2 6 8 13 11 -5 8 9 13 9 -16 5 10 13 
3 2 5 3 6 2 18 13 -12 10 18 10 15 15 5 -8 18 11 5 6 
-7 9 -4 1 6 -18 13 4 8 -6 5 15 4 -9 -8 5 10 13 -18 13 
3 14 -9 -7 11 0 -14 16 7 7 8 8 17 -18 16 12 3 15 -12 3 
100
1
19 15
0 4
0
0
