20 20
-3 6 19 -3 1 12 22 -3 1 -14 -13 -5 20 4 5 12 -16 15 22 -14 
8 6 -7 22 9 4 17 7 -4 12 1 11 6 11 22 15 3 -1 -10 20 
20 -2 3 5 9 8 19 16 -5 -8 2 3 11 20 -19 13 17 14 3 8 
19 21 17 -1 9 1 9 6 -21 14 5 -11 10 19 8 10 20 10 18 -4 
-5 11 -8 21 11 12 10 13 10 14 16 12 9 -6 4 22 20 7 10 14 
22 2 22 -11 1 2 13 -4 0 1 8 -12 -22 21 -21 0 -14 -9 -8 -1 
19 19 7 -14 3 19 6 16 20 7 -17 21 3 -3 14 4 -12 16 1 11 
9 20 -4 4 21 -9 20 -19 11 -3 2 1 -17 12 18 -13 -2 18 9 5 
12 16 13 19 21 -7 14 9 8 -11 10 18 -21 15 8 7 20 4 18 20 
4 -6 7 -9 -21 15 0 18 -16 -10 22 7 -7 20 8 7 -15 3 15 15 
15 15 3 -15 7 8 20 -7 7 22 -10 -16 18 0 15 -21 -9 7 -6 4 
20 18 4 20 7 8 15 -21 18 10 -11 8 9 14 -7 21 19 13 16 12 
5 9 18 -2 -13 18 12 -17 1 2 -3 11 -19 20 -9 21 4 -4 20 9 
11 1 16 -12 4 14 -3 3 21 -17 7 20 16 6 19 3 -14 7 19 19 
-1 -8 -9 -14 0 -21 21 -22 -12 8 1 0 -4 13 2 1 -11 22 2 22 
14 10 7 20 22 4 -6 9 12 16 14 10 13 10 12 11 21 -8 11 -5 
-4 18 10 20 10 8 19 10 -11 5 14 -21 6 9 1 9 -1 17 21 19 
8 3 14 17 13 -19 20 11 3 2 -8 -5 16 19 8 9 5 3 -2 20 
20 -10 -1 3 15 22 11 6 11 1 12 -4 7 17 4 9 22 -7 6 8 
-14 22 15 -16 12 5 4 20 -5 -13 -14 1 -3 22 12 1 -3 19 6 -3 
50
1
13 2
6 17
0
0
