20 20
17 3 14 3 0 -7 16 9 3 16 6 5 9 11 8 0 -16 16 3 -14 
-9 9 3 9 16 6 10 5 16 7 6 13 10 -8 14 13 13 12 -2 8 
9 0 -14 17 15 3 -12 12 -6 17 8 2 8 17 0 16 15 11 -10 9 
11 10 10 12 -3 10 4 11 13 -3 6 11 12 2 13 -3 13 1 16 11 
13 7 11 3 1 -13 17 -3 6 8 7 9 15 2 8 13 7 -5 -14 14 
-9 7 6 14 -2 15 0 3 7 1 -5 17 -15 1 2 15 17 6 15 3 
3 -5 -15 6 7 -2 12 1 -17 8 8 12 3 15 2 -1 -2 6 17 13 
15 6 -15 -2 6 8 13 14 17 -5 -4 -3 11 6 7 3 -17 1 -4 4 
15 3 5 12 -14 -5 10 -5 11 -14 1 2 14 11 9 12 3 -1 7 0 
8 8 4 14 -13 2 -8 -7 16 -16 2 -6 11 14 15 3 14 10 12 1 
1 12 10 14 3 15 14 11 -6 2 -16 16 -7 -8 2 -13 14 4 8 8 
0 7 -1 3 12 9 11 14 2 1 -14 11 -5 10 -5 -14 12 5 3 15 
4 -4 1 -17 3 7 6 11 -3 -4 -5 17 14 13 8 6 -2 -15 6 15 
13 17 6 -2 -1 2 15 3 12 8 8 -17 1 12 -2 7 6 -15 -5 3 
3 15 6 17 15 2 1 -15 17 -5 1 7 3 0 15 -2 14 6 7 -9 
14 -14 -5 7 13 8 2 15 9 7 8 6 -3 17 -13 1 3 11 7 13 
11 16 1 13 -3 13 2 12 11 6 -3 13 11 4 10 -3 12 10 10 11 
9 -10 11 15 16 0 17 8 2 8 17 -6 12 -12 3 15 17 -14 0 9 
8 -2 12 13 13 14 -8 10 13 6 7 16 5 10 6 16 9 3 9 -9 
-14 3 16 -16 0 8 11 9 5 6 16 3 9 16 -7 0 3 14 3 17 
98
1
3 2
16 17
0
0
