20 20
-6 10 13 15 -11 0 1 10 11 -15 -15 3 8 11 12 1 3 13 12 9 
2 14 15 6 2 -2 0 5 6 8 9 13 1 0 -14 1 3 -8 14 14 
4 15 7 6 3 -3 1 4 -11 5 12 10 6 1 1 1 -10 2 -4 -11 
7 6 3 1 5 4 2 13 2 2 3 4 1 -14 12 -1 -8 4 6 12 
13 1 -7 1 8 15 -6 1 10 7 2 15 11 -3 -7 6 4 4 0 -12 
1 -4 1 10 15 -2 11 13 2 15 -9 1 8 9 14 13 12 0 15 7 
4 -15 13 -14 11 10 -14 11 4 14 6 5 11 4 15 12 -6 -4 5 15 
9 -10 -4 0 15 -1 5 9 13 -6 10 0 13 9 -3 -5 7 3 10 11 
14 15 -11 -1 1 14 7 11 8 2 2 14 13 13 2 4 3 15 -6 1 
10 -9 -1 14 14 2 3 2 -5 10 5 8 2 3 4 3 0 9 -4 1 
1 -4 9 0 3 4 3 2 8 5 10 -5 2 3 2 14 14 -1 -9 10 
1 -6 15 3 4 2 13 13 14 2 2 8 11 7 14 1 -1 -11 15 14 
11 10 3 7 -5 -3 9 13 0 10 -6 13 9 5 -1 15 0 -4 -10 9 
15 5 -4 -6 12 15 4 11 5 6 14 4 11 -14 10 11 -14 13 -15 4 
7 15 0 12 13 14 9 8 1 -9 15 2 13 11 -2 15 10 1 -4 1 
-12 0 4 4 6 -7 -3 11 15 2 7 10 1 -6 15 8 1 -7 1 13 
12 6 4 -8 -1 12 -14 1 4 3 2 2 13 2 4 5 1 3 6 7 
-11 -4 2 -10 1 1 1 6 10 12 5 -11 4 1 -3 3 6 7 15 4 
14 14 -8 3 1 -14 0 1 13 9 8 6 5 0 -2 2 6 15 14 2 
9 12 13 3 1 12 11 8 3 -15 -15 11 10 1 0 -11 15 13 10 -6 
187
1
1 7
18 12
0
0
