20 20
3 2 8 12 -11 12 -9 -2 -4 7 1 10 4 5 6 2 4 6 14 9 
4 0 -2 -11 13 -9 6 4 9 5 -6 5 1 9 13 4 -13 1 5 6 
1 1 1 -4 9 0 1 12 -14 11 12 4 14 2 -6 9 12 11 4 8 
10 3 1 13 -4 -10 2 3 13 1 -1 -10 11 12 6 6 2 -1 -6 0 
-14 -10 2 14 11 8 9 1 10 10 3 -6 7 8 -10 1 7 7 14 3 
5 7 -9 5 6 10 13 4 8 -4 4 -6 3 -1 -6 3 8 -12 -13 -13 
13 13 12 -1 -8 7 6 6 -9 -7 6 8 13 2 -7 6 -2 5 -5 7 
3 2 2 14 4 6 -2 -5 9 -1 0 13 3 12 5 7 -4 3 10 -13 
8 -7 0 8 1 -8 6 2 3 10 -11 5 5 7 2 3 9 5 4 6 
6 -12 8 -8 7 -1 -12 3 10 7 -9 -3 6 -7 -14 -6 11 -5 -9 -3 
-3 -9 -5 11 -6 -14 -7 6 -3 -9 7 10 3 -12 -1 7 -8 8 -12 6 
6 4 5 9 3 2 7 5 5 -11 10 3 2 6 -8 1 8 0 -7 8 
-13 10 3 -4 7 5 12 3 13 0 -1 9 -5 -2 6 4 14 2 2 3 
7 -5 5 -2 6 -7 2 13 8 6 -7 -9 6 6 7 -8 -1 12 13 13 
-13 -13 -12 8 3 -6 -1 3 -6 4 -4 8 4 13 10 6 5 -9 7 5 
3 14 7 7 1 -10 8 7 -6 3 10 10 1 9 8 11 14 2 -10 -14 
0 -6 -1 2 6 6 12 11 -10 -1 1 13 3 2 -10 -4 13 1 3 10 
8 4 11 12 9 -6 2 14 4 12 11 -14 12 1 0 9 -4 1 1 1 
6 5 1 -13 4 13 9 1 5 -6 5 9 4 6 -9 13 -11 -2 0 4 
9 14 6 4 2 6 5 4 10 1 7 -4 -2 -9 12 -11 12 8 2 3 
68
1
4 2
15 17
0
0
