20 20
16 14 26 10 5 0 20 12 -16 19 11 11 24 -28 14 25 24 9 18 25 
-13 0 9 25 14 4 21 23 23 12 -2 16 26 -28 14 0 1 -6 28 22 
-15 -25 15 9 7 11 27 6 19 24 16 -16 4 21 14 3 26 26 26 16 
9 13 -4 21 21 7 22 17 18 22 25 10 28 8 10 9 12 -9 26 18 
-19 -14 28 16 8 10 21 23 12 3 11 0 16 8 15 11 7 26 21 15 
12 28 -6 14 -19 14 7 17 5 27 5 -6 15 -2 0 5 0 -9 -21 16 
-14 21 24 23 14 11 5 13 9 13 -13 -10 5 27 24 2 14 7 7 11 
-3 -2 -15 14 23 -23 1 8 19 28 7 -6 13 0 -16 3 -19 12 10 -19 
27 15 18 13 10 14 3 13 27 27 9 -17 -18 19 11 26 2 -1 -8 16 
-26 13 14 24 0 7 16 3 11 -27 23 20 4 -4 3 13 -7 23 11 21 
21 11 23 -7 13 3 -4 4 20 23 -27 11 3 16 7 0 24 14 13 -26 
16 -8 -1 2 26 11 19 -18 -17 9 27 27 13 3 14 10 13 18 15 27 
-19 10 12 -19 3 -16 0 13 -6 7 28 19 8 1 -23 23 14 -15 -2 -3 
11 7 7 14 2 24 27 5 -10 -13 13 9 13 5 11 14 23 24 21 -14 
16 -21 -9 0 5 0 -2 15 -6 5 27 5 17 7 14 -19 14 -6 28 12 
15 21 26 7 11 15 8 16 0 11 3 12 23 21 10 8 16 28 -14 -19 
18 26 -9 12 9 10 8 28 10 25 22 18 17 22 7 21 21 -4 13 9 
16 26 26 26 3 14 21 4 -16 16 24 19 6 27 11 7 9 15 -25 -15 
22 28 -6 1 0 14 -28 26 16 -2 12 23 23 21 4 14 25 9 0 -13 
25 18 9 24 25 14 -28 24 11 11 19 -16 12 20 0 5 10 26 14 16 
177
1
14 6
5 13
0
0
