20 20
8 8 -5 -15 14 -23 10 8 -20 14 10 -11 9 7 -13 -2 -22 11 -17 1 
-7 -21 16 -3 5 18 -16 -8 1 -8 18 7 18 8 23 19 -9 15 5 17 
-17 12 3 13 21 0 1 21 1 -17 -22 17 -5 15 -1 -9 -20 -1 14 9 
-3 23 4 -19 -17 -1 3 13 -2 13 21 -7 -19 -8 16 8 19 9 -19 17 
18 24 -13 21 12 9 -24 8 22 6 21 3 14 23 19 21 8 -2 8 -14 
6 -15 12 7 0 -11 4 1 24 17 20 0 8 3 17 15 13 -22 21 17 
14 0 8 1 2 14 4 9 21 11 3 22 11 -9 18 17 11 2 4 2 
19 -7 -2 18 16 15 -9 19 23 1 11 15 -9 -22 1 4 3 9 13 21 
-20 21 -11 6 8 4 -14 -19 19 15 22 5 11 14 -18 14 4 -22 19 5 
3 14 7 1 14 16 18 18 6 0 12 21 -6 -4 1 -8 -6 12 -24 16 
16 -24 12 -6 -8 1 -4 -6 21 12 0 6 18 18 16 14 1 7 14 3 
5 19 -22 4 14 -18 14 11 5 22 15 19 -19 -14 4 8 6 -11 21 -20 
21 13 9 3 4 1 -22 -9 15 11 1 23 19 -9 15 16 18 -2 -7 19 
2 4 2 11 17 18 -9 11 22 3 11 21 9 4 14 2 1 8 0 14 
17 21 -22 13 15 17 3 8 0 20 17 24 1 4 -11 0 7 12 -15 6 
-14 8 -2 8 21 19 23 14 3 21 6 22 8 -24 9 12 21 -13 24 18 
17 -19 9 19 8 16 -8 -19 -7 21 13 -2 13 3 -1 -17 -19 4 23 -3 
9 14 -1 -20 -9 -1 15 -5 17 -22 -17 1 21 1 0 21 13 3 12 -17 
17 5 15 -9 19 23 8 18 7 18 -8 1 -8 -16 18 5 -3 16 -21 -7 
1 -17 11 -22 -2 -13 7 9 -11 10 14 -20 8 10 -23 14 -15 -5 8 8 
30
1
4 18
15 1
0
0
