20 20
7 24 13 1 29 11 5 -27 -29 25 -10 29 25 5 11 -4 12 1 11 5 
-27 1 26 3 23 6 8 0 26 10 28 19 7 -25 8 2 -14 2 14 -20 
19 -7 20 13 6 0 3 3 -28 -20 -7 -23 -22 15 3 22 8 17 -17 21 
-22 16 18 13 29 1 -14 1 -7 21 14 27 26 -21 -3 14 9 29 23 6 
-27 2 -17 24 23 26 16 26 25 -1 4 2 2 18 7 -4 24 25 5 -5 
10 -21 -11 -1 27 3 8 12 2 15 25 7 2 2 18 -10 12 26 7 9 
21 11 18 29 25 9 22 15 -8 9 -21 14 12 1 26 1 23 7 -29 15 
-29 -10 -6 21 23 12 15 -15 3 22 -14 4 -15 10 26 8 11 24 0 13 
-7 -29 26 14 16 15 25 14 21 -28 17 -14 20 14 2 2 0 11 21 1 
-27 -8 5 10 6 -23 4 23 -15 11 29 28 5 -23 21 21 -2 10 9 26 
26 9 10 -2 21 21 -23 5 28 29 11 -15 23 4 -23 6 10 5 -8 -27 
1 21 11 0 2 2 14 20 -14 17 -28 21 14 25 15 16 14 26 -29 -7 
13 0 24 11 8 26 10 -15 4 -14 22 3 -15 15 12 23 21 -6 -10 -29 
15 -29 7 23 1 26 1 12 14 -21 9 -8 15 22 9 25 29 18 11 21 
9 7 26 12 -10 18 2 2 7 25 15 2 12 8 3 27 -1 -11 -21 10 
-5 5 25 24 -4 7 18 2 2 4 -1 25 26 16 26 23 24 -17 2 -27 
6 23 29 9 14 -3 -21 26 27 14 21 -7 1 -14 1 29 13 18 16 -22 
21 -17 17 8 22 3 15 -22 -23 -7 -20 -28 3 3 0 6 13 20 -7 19 
-20 14 2 -14 2 8 -25 7 19 28 10 26 0 8 6 23 3 26 1 -27 
5 11 1 12 -4 11 5 25 29 -10 25 -29 -27 5 11 29 1 13 24 7 
200
1
11 2
8 17
0
0
