20 20
9 -5 13 -9 3 -4 -10 -1 4 5 11 15 8 1 -15 -5 0 14 14 14 
9 15 -8 1 0 3 3 -9 9 14 -14 0 9 -4 3 14 14 14 -8 -9 
7 5 10 15 10 11 13 -4 2 -9 2 7 -12 14 9 12 -5 6 5 1 
5 5 15 7 2 8 1 5 4 13 -3 10 -4 6 15 -11 12 -14 -14 11 
2 1 11 13 13 5 -6 -1 13 -6 -9 12 8 -7 8 12 13 11 5 4 
13 8 4 7 8 -6 3 6 15 1 3 -6 7 3 -4 13 -9 2 8 10 
7 -6 -2 -11 9 11 -15 7 8 0 15 9 2 9 5 12 12 1 13 4 
3 13 7 12 7 10 -15 10 -5 1 -14 6 -1 6 3 5 14 13 8 8 
11 13 -9 10 2 15 14 -1 15 -1 10 8 8 5 7 14 8 4 1 4 
13 11 5 -5 3 12 8 -6 8 13 8 -6 -1 7 4 11 0 13 0 6 
6 0 13 0 11 4 7 -1 -6 8 13 8 -6 8 12 3 -5 5 11 13 
4 1 4 8 14 7 5 8 8 10 -1 15 -1 14 15 2 10 -9 13 11 
8 8 13 14 5 3 6 -1 6 -14 1 -5 10 -15 10 7 12 7 13 3 
4 13 1 12 12 5 9 2 9 15 0 8 7 -15 11 9 -11 -2 -6 7 
10 8 2 -9 13 -4 3 7 -6 3 1 15 6 3 -6 8 7 4 8 13 
4 5 11 13 12 8 -7 8 12 -9 -6 13 -1 -6 5 13 13 11 1 2 
11 -14 -14 12 -11 15 6 -4 10 -3 13 4 5 1 8 2 7 15 5 5 
1 5 6 -5 12 9 14 -12 7 2 -9 2 -4 13 11 10 15 10 5 7 
-9 -8 14 14 14 3 -4 9 0 -14 14 9 -9 3 3 0 1 -8 15 9 
14 14 14 0 -5 -15 1 8 15 11 5 4 -1 -10 -4 3 -9 13 -5 9 
57
1
11 0
8 19
0
0
