20 20
10 17 10 15 -1 1 7 6 14 10 -7 9 -2 4 7 3 13 5 -9 3 
-6 9 14 17 16 0 6 -17 17 10 8 -1 -12 11 6 5 -3 9 -5 -10 
7 -10 11 -6 6 15 2 16 -1 11 12 5 11 13 1 3 12 16 13 12 
14 13 15 -14 -16 8 -2 13 5 -9 -15 -8 6 10 -12 8 11 7 3 9 
2 2 -14 8 15 10 -2 6 0 0 1 -7 6 12 -15 6 13 1 10 17 
-14 -13 12 -4 9 5 4 5 6 12 12 5 15 -11 4 10 10 -6 17 -2 
10 10 14 3 -13 -2 12 6 6 0 -11 5 -17 -9 9 6 16 10 7 -15 
15 10 6 6 16 16 -11 5 17 9 17 9 10 3 12 -12 10 -15 17 -16 
-3 9 0 17 -4 -13 13 17 6 15 3 7 2 -17 8 9 10 16 17 -6 
6 4 2 13 -5 14 14 -1 -16 15 17 -11 5 12 1 -10 12 -14 15 15 
15 15 -14 12 -10 1 12 5 -11 17 15 -16 -1 14 14 -5 13 2 4 6 
-6 17 16 10 9 8 -17 2 7 3 15 6 17 13 -13 -4 17 0 9 -3 
-16 17 -15 10 -12 12 3 10 9 17 9 17 5 -11 16 16 6 6 10 15 
-15 7 10 16 6 9 -9 -17 5 -11 0 6 6 12 -2 -13 3 14 10 10 
-2 17 -6 10 10 4 -11 15 5 12 12 6 5 4 5 9 -4 12 -13 -14 
17 10 1 13 6 -15 12 6 -7 1 0 0 6 -2 10 15 8 -14 2 2 
9 3 7 11 8 -12 10 6 -8 -15 -9 5 13 -2 8 -16 -14 15 13 14 
12 13 16 12 3 1 13 11 5 12 11 -1 16 2 15 6 -6 11 -10 7 
-10 -5 9 -3 5 6 11 -12 -1 8 10 17 -17 6 0 16 17 14 9 -6 
3 -9 5 13 3 7 4 -2 9 -7 10 14 6 7 1 -1 15 10 17 10 
139
1
6 5
13 14
0
0
