20 20
-10 -5 3 -6 3 13 15 0 -10 7 10 8 7 -4 9 5 6 13 11 3 
0 3 5 5 3 5 3 8 7 -14 11 15 12 0 15 8 12 11 0 7 
15 7 -6 -8 6 9 8 2 9 3 3 9 -4 14 5 5 11 14 13 15 
8 1 13 10 4 15 7 -12 15 11 4 -13 6 5 12 14 -9 -6 11 0 
-3 12 -12 12 14 4 -9 -1 11 7 -9 11 9 6 12 0 -11 15 6 -8 
11 2 2 -8 7 2 10 -11 9 0 -7 -15 8 6 6 7 11 2 -11 6 
14 15 10 15 7 -11 7 -4 0 -7 5 13 -8 2 13 6 11 2 14 5 
5 5 -2 13 4 -14 -5 13 -15 8 -2 -10 11 8 4 0 2 -9 13 7 
11 13 14 9 12 4 7 -3 13 6 13 11 9 5 7 0 5 15 -2 5 
1 6 13 3 1 -6 -1 -12 9 6 -6 12 2 6 -7 7 7 6 11 6 
6 11 6 7 7 -7 6 2 12 -6 6 9 -12 -1 -6 1 3 13 6 1 
5 -2 15 5 0 7 5 9 11 13 6 13 -3 7 4 12 9 14 13 11 
7 13 -9 2 0 4 8 11 -10 -2 8 -15 13 -5 -14 4 13 -2 5 5 
5 14 2 11 6 13 2 -8 13 5 -7 0 -4 7 -11 7 15 10 15 14 
6 -11 2 11 7 6 6 8 -15 -7 0 9 -11 10 2 7 -8 2 2 11 
-8 6 15 -11 0 12 6 9 11 -9 7 11 -1 -9 4 14 12 -12 12 -3 
0 11 -6 -9 14 12 5 6 -13 4 11 15 -12 7 15 4 10 13 1 8 
15 13 14 11 5 5 14 -4 9 3 3 9 2 8 9 6 -8 -6 7 15 
7 0 11 12 8 15 0 12 15 11 -14 7 8 3 5 3 5 5 3 0 
3 11 13 6 5 9 -4 7 8 10 7 -10 0 15 13 3 -6 3 -5 -10 
75
1
2 15
17 4
0
0
