20 20
1 -13 11 11 8 16 8 -5 11 17 7 6 21 8 18 -7 4 14 13 15 
11 13 -1 3 9 1 18 -13 13 12 -18 13 20 20 21 20 4 -14 9 -6 
-21 16 22 10 8 -19 1 -21 5 18 3 11 -1 14 21 19 6 5 4 -15 
21 6 -11 6 15 21 -3 3 11 4 17 2 10 9 -2 -20 12 -22 -19 19 
10 4 9 21 11 3 14 3 7 15 16 18 18 16 5 1 0 7 7 13 
17 13 -13 -19 1 2 15 15 2 21 15 6 21 -1 9 15 4 -17 -18 16 
-4 20 21 -10 15 7 18 14 22 13 6 -11 19 -1 12 17 17 -10 9 -10 
-2 19 6 -7 19 3 21 12 18 7 14 -14 7 21 10 15 4 -3 -2 2 
-21 16 17 3 10 21 9 15 8 13 15 16 14 10 4 2 -8 4 18 15 
14 8 -12 -16 7 -2 12 4 -2 -13 5 20 18 1 16 -7 12 14 11 -19 
-19 11 14 12 -7 16 1 18 20 5 -13 -2 4 12 -2 7 -16 -12 8 14 
15 18 4 -8 2 4 10 14 16 15 13 8 15 9 21 10 3 17 16 -21 
2 -2 -3 4 15 10 21 7 -14 14 7 18 12 21 3 19 -7 6 19 -2 
-10 9 -10 17 17 12 -1 19 -11 6 13 22 14 18 7 15 -10 21 20 -4 
16 -18 -17 4 15 9 -1 21 6 15 21 2 15 15 2 1 -19 -13 13 17 
13 7 7 0 1 5 16 18 18 16 15 7 3 14 3 11 21 9 4 10 
19 -19 -22 12 -20 -2 9 10 2 17 4 11 3 -3 21 15 6 -11 6 21 
-15 4 5 6 19 21 14 -1 11 3 18 5 -21 1 -19 8 10 22 16 -21 
-6 9 -14 4 20 21 20 20 13 -18 12 13 -13 18 1 9 3 -1 13 11 
15 13 14 4 -7 18 8 21 6 7 17 11 -5 8 16 8 11 11 -13 1 
66
1
11 12
8 7
0
0
