20 20
23 1 20 7 18 14 23 7 -2 19 2 7 14 8 -14 19 7 11 12 20 
17 20 14 -22 -12 17 -13 18 19 15 18 6 18 4 -6 22 9 21 17 -22 
1 5 9 13 2 23 6 1 -13 2 -18 12 -6 4 -4 8 16 7 -17 16 
8 16 -13 8 0 10 4 17 -15 8 -16 -15 18 -9 -14 21 10 16 -6 3 
6 -14 -16 -19 9 20 6 18 -8 8 5 6 -14 6 21 18 7 13 -11 16 
-2 15 15 -20 -7 23 10 -3 22 2 22 18 16 -8 22 -18 10 17 -3 -21 
4 19 8 23 6 1 3 14 -11 20 14 22 4 23 10 1 -19 3 -3 21 
12 10 4 6 11 12 18 -13 0 22 12 3 23 15 2 14 17 20 1 7 
19 18 18 20 22 2 13 20 18 23 9 9 -4 17 5 -13 18 1 -4 16 
7 5 14 -4 17 18 -2 -16 -16 6 21 -9 10 14 1 -9 -7 9 20 -12 
-12 20 9 -7 -9 1 14 10 -9 21 6 -16 -16 -2 18 17 -4 14 5 7 
16 -4 1 18 -13 5 17 -4 9 9 23 18 20 13 2 22 20 18 18 19 
7 1 20 17 14 2 15 23 3 12 22 0 -13 18 12 11 6 4 10 12 
21 -3 3 -19 1 10 23 4 22 14 20 -11 14 3 1 6 23 8 19 4 
-21 -3 17 10 -18 22 -8 16 18 22 2 22 -3 10 23 -7 -20 15 15 -2 
16 -11 13 7 18 21 6 -14 6 5 8 -8 18 6 20 9 -19 -16 -14 6 
3 -6 16 10 21 -14 -9 18 -15 -16 8 -15 17 4 10 0 8 -13 16 8 
16 -17 7 16 8 -4 4 -6 12 -18 2 -13 1 6 23 2 13 9 5 1 
-22 17 21 9 22 -6 4 18 6 18 15 19 18 -13 17 -12 -22 14 20 17 
20 12 11 7 19 -14 8 14 7 2 19 -2 7 23 14 18 7 20 1 23 
88
1
8 9
11 10
0
0
