20 20
-16 1 -2 15 5 6 6 4 -16 6 -19 14 8 12 16 8 -11 6 19 1 
-15 -6 13 14 -1 -14 10 8 -8 15 -2 5 14 3 -6 -2 -12 8 17 8 
2 11 15 -4 -7 -13 -10 10 17 -16 16 15 4 -19 4 5 17 -7 -10 -5 
15 19 11 -18 3 6 -18 6 -10 -16 -15 2 11 -10 6 19 -3 16 1 3 
17 1 12 7 9 -5 7 14 3 6 9 5 8 -7 -19 7 18 17 11 11 
14 13 7 -2 1 7 2 -5 9 -9 15 -19 3 -4 2 -9 -9 -5 12 10 
12 7 -2 9 4 -10 -2 10 19 -4 2 13 -1 10 9 14 -9 12 16 10 
4 -1 1 6 -1 7 3 9 19 2 1 13 15 3 5 -19 -1 -8 9 4 
3 9 16 14 -4 -9 11 9 10 -11 -9 4 -10 5 2 -5 0 18 12 13 
-11 2 14 14 12 10 19 5 6 9 14 18 18 -10 -14 17 11 14 12 12 
12 12 14 11 17 -14 -10 18 18 14 9 6 5 19 10 12 14 14 2 -11 
13 12 18 0 -5 2 5 -10 4 -9 -11 10 9 11 -9 -4 14 16 9 3 
4 9 -8 -1 -19 5 3 15 13 1 2 19 9 3 7 -1 6 1 -1 4 
10 16 12 -9 14 9 10 -1 13 2 -4 19 10 -2 -10 4 9 -2 7 12 
10 12 -5 -9 -9 2 -4 3 -19 15 -9 9 -5 2 7 1 -2 7 13 14 
11 11 17 18 7 -19 -7 8 5 9 6 3 14 7 -5 9 7 12 1 17 
3 1 16 -3 19 6 -10 11 2 -15 -16 -10 6 -18 6 3 -18 11 19 15 
-5 -10 -7 17 5 4 -19 4 15 16 -16 17 10 -10 -13 -7 -4 15 11 2 
8 17 8 -12 -2 -6 3 14 5 -2 15 -8 8 10 -14 -1 14 13 -6 -15 
1 19 6 -11 8 16 12 8 14 -19 6 -16 4 6 6 5 15 -2 1 -16 
187
1
4 8
15 11
0
0
