20 20
0 3 15 16 4 13 15 4 -13 3 8 -2 14 11 7 7 7 1 11 17 
6 -9 17 13 16 9 12 -13 10 7 -1 14 -10 12 8 17 -4 0 7 2 
-6 -12 16 6 6 17 3 8 11 16 9 2 -2 -2 12 11 16 8 2 16 
16 13 -1 4 12 1 -2 10 3 8 -12 7 17 10 1 14 -16 10 7 17 
9 3 -14 10 7 15 3 2 -9 -17 -9 14 -9 12 -4 10 12 17 6 4 
-14 -12 0 5 11 17 0 1 9 11 3 15 6 11 4 -4 10 -11 17 1 
-12 4 6 15 9 0 12 17 12 17 -16 -16 10 2 -3 -8 3 3 -5 -14 
11 1 7 -14 12 5 14 2 17 17 -12 9 12 2 3 11 11 2 4 2 
5 -4 17 -4 16 5 -9 4 11 -17 -11 12 17 8 4 9 7 0 -14 7 
7 -4 16 10 7 -16 12 10 7 7 2 -4 -3 7 5 13 -1 8 9 8 
8 9 8 -1 13 5 7 -3 -4 2 7 7 10 12 -16 7 10 16 -4 7 
7 -14 0 7 9 4 8 17 12 -11 -17 11 4 -9 5 16 -4 17 -4 5 
2 4 2 11 11 3 2 12 9 -12 17 17 2 14 5 12 -14 7 1 11 
-14 -5 3 3 -8 -3 2 10 -16 -16 17 12 17 12 0 9 15 6 4 -12 
1 17 -11 10 -4 4 11 6 15 3 11 9 1 0 17 11 5 0 -12 -14 
4 6 17 12 10 -4 12 -9 14 -9 -17 -9 2 3 15 7 10 -14 3 9 
17 7 10 -16 14 1 10 17 7 -12 8 3 10 -2 1 12 4 -1 13 16 
16 2 8 16 11 12 -2 -2 2 9 16 11 8 3 17 6 6 16 -12 -6 
2 7 0 -4 17 8 12 -10 14 -1 7 10 -13 12 9 16 13 17 -9 6 
17 11 1 7 7 7 11 14 -2 8 3 -13 4 15 13 4 16 15 3 0 
160
1
8 11
11 8
0
0
