20 20
3 2 -18 4 17 6 9 6 13 18 16 12 11 19 -2 17 -5 16 5 19 
9 12 -5 13 10 -6 2 -10 9 11 6 9 11 -11 16 10 0 14 6 11 
-11 -8 13 17 10 -16 -11 4 3 15 16 15 15 6 3 -11 12 19 1 18 
15 17 6 7 10 12 5 17 2 -6 -7 -3 18 13 11 13 17 4 18 -15 
18 4 3 6 6 6 0 16 0 1 4 19 4 15 4 12 8 -10 5 13 
-3 -3 1 6 2 -6 1 18 -7 5 6 19 17 17 8 13 -16 19 13 -9 
2 -5 18 11 -3 3 6 0 7 15 2 14 9 -16 19 11 6 6 -16 12 
11 -6 19 12 3 -1 -18 5 -7 14 12 -8 0 -14 3 11 13 0 1 2 
11 14 -5 19 -8 -2 9 8 8 14 5 -16 -9 6 13 15 -11 7 8 5 
4 13 -1 4 17 3 -19 7 19 6 19 1 -1 0 -10 18 6 12 16 11 
11 16 12 6 18 -10 0 -1 1 19 6 19 7 -19 3 17 4 -1 13 4 
5 8 7 -11 15 13 6 -9 -16 5 14 8 8 9 -2 -8 19 -5 14 11 
2 1 0 13 11 3 -14 0 -8 12 14 -7 5 -18 -1 3 12 19 -6 11 
12 -16 6 6 11 19 -16 9 14 2 15 7 0 6 3 -3 11 18 -5 2 
-9 13 19 -16 13 8 17 17 19 6 5 -7 18 1 -6 2 6 1 -3 -3 
13 5 -10 8 12 4 15 4 19 4 1 0 16 0 6 6 6 3 4 18 
-15 18 4 17 13 11 13 18 -3 -7 -6 2 17 5 12 10 7 6 17 15 
18 1 19 12 -11 3 6 15 15 16 15 3 4 -11 -16 10 17 13 -8 -11 
11 6 14 0 10 16 -11 11 9 6 11 9 -10 2 -6 10 13 -5 12 9 
19 5 16 -5 17 -2 19 11 12 16 18 13 6 9 6 17 4 -18 2 3 
70
1
6 17
13 2
0
0
