20 20
15 2 4 16 22 20 2 5 -24 17 4 20 20 -2 5 9 -10 5 -2 16 
18 16 26 20 16 -8 13 15 25 -11 10 3 -23 28 -12 9 25 4 11 25 
2 22 10 -13 4 15 24 0 -3 16 0 27 -11 11 -16 -22 -19 10 20 26 
25 22 19 -7 -28 12 17 24 20 -24 17 13 -13 -24 -12 11 -8 10 -20 -12 
5 27 21 -21 -16 27 5 28 22 17 17 -10 -14 5 24 24 7 1 28 -6 
24 26 16 9 -12 3 25 26 -9 16 27 -17 -6 -3 18 -21 14 18 15 20 
2 20 13 10 2 10 16 -5 -8 4 13 19 7 27 20 7 11 4 6 16 
2 17 5 5 7 12 12 10 28 19 21 24 25 19 -24 26 16 -21 5 -18 
-22 -20 20 8 -19 16 17 10 0 -23 17 20 0 4 2 7 28 -13 17 20 
-28 -1 18 23 10 10 20 15 15 20 0 -20 26 22 -25 12 10 25 -27 -17 
-17 -27 25 10 12 -25 22 26 -20 0 20 15 15 20 10 10 23 18 -1 -28 
20 17 -13 28 7 2 4 0 20 17 -23 0 10 17 16 -19 8 20 -20 -22 
-18 5 -21 16 26 -24 19 25 24 21 19 28 10 12 12 7 5 5 17 2 
16 6 4 11 7 20 27 7 19 13 4 -8 -5 16 10 2 10 13 20 2 
20 15 18 14 -21 18 -3 -6 -17 27 16 -9 26 25 3 -12 9 16 26 24 
-6 28 1 7 24 24 5 -14 -10 17 17 22 28 5 27 -16 -21 21 27 5 
-12 -20 10 -8 11 -12 -24 -13 13 17 -24 20 24 17 12 -28 -7 19 22 25 
26 20 10 -19 -22 -16 11 -11 27 0 16 -3 0 24 15 4 -13 10 22 2 
25 11 4 25 9 -12 28 -23 3 10 -11 25 15 13 -8 16 20 26 16 18 
16 -2 5 -10 9 5 -2 20 20 4 17 -24 5 2 20 22 16 4 2 15 
118
1
15 16
4 3
0
0
