20 20
10 -17 14 9 26 27 11 -7 27 8 26 5 14 -6 -8 15 -15 -4 13 28 
-8 9 18 29 15 21 1 11 5 -11 -1 -14 17 -26 19 21 20 -12 20 8 
1 22 20 -3 -23 12 22 -18 -16 5 8 12 -6 29 23 18 1 22 22 8 
15 -22 15 12 17 29 20 -29 -25 14 -27 7 26 0 -21 -27 27 27 5 4 
4 -28 14 21 23 -11 -22 29 18 -29 -18 1 16 14 -2 11 -8 2 23 -24 
23 -20 -7 19 -6 26 8 -16 23 10 10 24 11 2 9 29 -5 -23 11 20 
13 17 16 2 21 2 20 25 28 -18 -25 5 1 -16 10 1 6 26 18 5 
-12 5 19 4 17 -16 28 29 6 21 -26 26 -29 -21 -14 13 -7 3 2 -17 
1 2 6 9 -13 -10 3 19 28 16 -19 -22 11 2 5 15 25 10 1 -25 
26 11 4 -4 15 -29 -6 14 4 2 7 -24 3 6 -5 21 24 -24 2 2 
2 2 -24 24 21 -5 6 3 -24 7 2 4 14 -6 -29 15 -4 4 11 26 
-25 1 10 25 15 5 2 11 -22 -19 16 28 19 3 -10 -13 9 6 2 1 
-17 2 3 -7 13 -14 -21 -29 26 -26 21 6 29 28 -16 17 4 19 5 -12 
5 18 26 6 1 10 -16 1 5 -25 -18 28 25 20 2 21 2 16 17 13 
20 11 -23 -5 29 9 2 11 24 10 10 23 -16 8 26 -6 19 -7 -20 23 
-24 23 2 -8 11 -2 14 16 1 -18 -29 18 29 -22 -11 23 21 14 -28 4 
4 5 27 27 -27 -21 0 26 7 -27 14 -25 -29 20 29 17 12 15 -22 15 
8 22 22 1 18 23 29 -6 12 8 5 -16 -18 22 12 -23 -3 20 22 1 
8 20 -12 20 21 19 -26 17 -14 -1 -11 5 11 1 21 15 29 18 9 -8 
28 13 -4 -15 15 -8 -6 14 5 26 8 27 -7 11 27 26 9 14 -17 10 
69
1
9 7
10 12
0
0
