20 20
-10 -2 -3 -2 3 0 1 8 10 6 -8 2 7 -3 5 0 6 5 -10 0 
4 -1 9 -3 4 7 8 6 -10 2 -8 -8 4 -1 4 5 9 6 0 0 
6 3 -9 0 7 2 3 7 7 0 10 1 7 6 1 6 10 1 6 -8 
-4 3 -9 2 10 10 -7 3 3 2 8 9 4 -9 3 5 3 6 5 1 
8 -8 8 2 8 5 6 1 -10 -8 8 -9 9 5 8 1 8 2 -3 3 
6 10 4 6 9 3 6 5 -1 -4 5 1 -1 5 4 2 -4 10 6 5 
-6 -2 1 -9 10 10 4 7 2 -9 9 10 6 2 3 2 7 3 4 4 
7 3 7 8 6 6 9 7 4 -7 9 4 8 -1 6 2 0 2 9 0 
4 4 -1 -5 -9 5 1 10 2 5 -1 -2 -8 1 -3 -3 -10 4 8 7 
5 4 0 2 -1 5 5 8 7 3 5 -9 3 1 0 1 3 8 1 -4 
-4 1 8 3 1 0 1 3 -9 5 3 7 8 5 5 -1 2 0 4 5 
7 8 4 -10 -3 -3 1 -8 -2 -1 5 2 10 1 5 -9 -5 -1 4 4 
0 9 2 0 2 6 -1 8 4 9 -7 4 7 9 6 6 8 7 3 7 
4 4 3 7 2 3 2 6 10 9 -9 2 7 4 10 10 -9 1 -2 -6 
5 6 10 -4 2 4 5 -1 1 5 -4 -1 5 6 3 9 6 4 10 6 
3 -3 2 8 1 8 5 9 -9 8 -8 -10 1 6 5 8 2 8 -8 8 
1 5 6 3 5 3 -9 4 9 8 2 3 3 -7 10 10 2 -9 3 -4 
-8 6 1 10 6 1 6 7 1 10 0 7 7 3 2 7 0 -9 3 6 
0 0 6 9 5 4 -1 4 -8 -8 2 -10 6 8 7 4 -3 9 -1 4 
0 -10 5 6 0 5 -3 7 2 -8 6 10 8 1 0 3 -2 -3 -2 -10 
73
1
14 16
5 3
0
0
