20 20
-10 -12 9 14 2 16 5 10 -30 -30 17 13 27 16 -27 -6 4 6 4 -15 
11 30 14 28 22 -26 7 7 5 -7 5 -26 27 12 -2 8 9 4 28 0 
-26 8 19 6 9 24 3 25 27 5 5 11 -27 29 14 11 9 16 25 14 
18 23 -4 24 -28 18 10 5 15 -25 27 23 -5 5 -21 -21 -7 -5 30 20 
1 27 16 26 29 10 -9 -20 22 -12 -13 13 30 13 18 18 30 5 12 -29 
11 27 11 17 -23 -25 21 9 -24 9 21 13 -1 4 24 12 26 10 1 14 
6 10 9 14 23 4 9 14 25 -19 25 23 18 6 30 21 2 -15 -6 18 
-22 27 16 4 -23 -11 22 -12 -23 29 24 18 21 6 6 27 23 -4 15 -20 
27 21 -7 15 13 -2 22 20 29 -8 -2 17 11 10 5 9 1 20 18 23 
6 24 -19 23 12 17 7 -6 23 -14 -23 16 23 15 29 -5 0 -27 -8 28 
28 -8 -27 0 -5 29 15 23 16 -23 -14 23 -6 7 17 12 23 -19 24 6 
23 18 20 1 9 5 10 11 17 -2 -8 29 20 22 -2 13 15 -7 21 27 
-20 15 -4 23 27 6 6 21 18 24 29 -23 -12 22 -11 -23 4 16 27 -22 
18 -6 -15 2 21 30 6 18 23 25 -19 25 14 9 4 23 14 9 10 6 
14 1 10 26 12 24 4 -1 13 21 9 -24 9 21 -25 -23 17 11 27 11 
-29 12 5 30 18 18 13 30 13 -13 -12 22 -20 -9 10 29 26 16 27 1 
20 30 -5 -7 -21 -21 5 -5 23 27 -25 15 5 10 18 -28 24 -4 23 18 
14 25 16 9 11 14 29 -27 11 5 5 27 25 3 24 9 6 19 8 -26 
0 28 4 9 8 -2 12 27 -26 5 -7 5 7 7 -26 22 28 14 30 11 
-15 4 6 4 -6 -27 16 27 13 17 -30 -30 10 5 16 2 14 9 -12 -10 
32
1
0 18
19 1
0
0
