20 20
5 8 -12 11 -3 7 2 11 0 6 -9 0 -10 7 -8 -3 7 -5 -11 -5 
3 -11 1 -4 12 11 -7 6 3 9 -8 10 8 9 -6 7 1 1 9 10 
-6 -5 -7 9 7 -12 6 -8 8 7 1 4 6 -1 5 10 -7 -12 11 12 
2 11 3 -9 5 5 1 2 10 0 7 9 8 -12 10 12 6 1 2 3 
-7 12 4 9 9 1 10 1 3 9 1 7 2 8 2 10 2 0 8 3 
1 7 12 8 -4 -1 7 -9 11 -12 -2 10 9 10 2 -11 0 5 -10 3 
6 8 2 4 -9 7 1 6 7 7 2 8 -8 8 -9 9 -3 10 8 4 
3 -11 2 -9 -1 9 6 12 10 8 9 -6 -3 -4 -10 7 -7 7 8 4 
1 3 10 5 6 4 2 0 -3 2 -3 1 0 10 11 12 4 11 3 9 
3 8 8 6 8 9 9 3 8 2 8 -2 1 5 11 8 -5 11 3 -7 
-7 3 11 -5 8 11 5 1 -2 8 2 8 3 9 9 8 6 8 8 3 
9 3 11 4 12 11 10 0 1 -3 2 -3 0 2 4 6 5 10 3 1 
4 8 7 -7 7 -10 -4 -3 -6 9 8 10 12 6 9 -1 -9 2 -11 3 
4 8 10 -3 9 -9 8 -8 8 2 7 7 6 1 7 -9 4 2 8 6 
3 -10 5 0 -11 2 10 9 10 -2 -12 11 -9 7 -1 -4 8 12 7 1 
3 8 0 2 10 2 8 2 7 1 9 3 1 10 1 9 9 4 12 -7 
3 2 1 6 12 10 -12 8 9 7 0 10 2 1 5 5 -9 3 11 2 
12 11 -12 -7 10 5 -1 6 4 1 7 8 -8 6 -12 7 9 -7 -5 -6 
10 9 1 1 7 -6 9 8 10 -8 9 3 6 -7 11 12 -4 1 -11 3 
-5 -11 -5 7 -3 -8 7 -10 0 -9 6 0 11 2 7 -3 11 -12 8 5 
67
1
1 17
18 2
0
0
