20 20
3 9 15 20 24 4 -13 -3 0 -22 5 1 -2 14 13 -3 20 5 15 -18 
15 0 7 3 -25 12 13 17 -3 -13 -21 -21 7 21 16 1 -18 -4 2 22 
5 -20 -24 10 14 17 16 -3 18 -16 -7 16 -18 13 4 2 18 -22 16 5 
22 0 18 11 10 -21 11 5 5 13 1 13 14 3 -1 24 7 -8 19 6 
-10 -13 25 16 4 16 4 25 -10 25 24 21 8 6 15 13 1 -6 20 15 
1 -11 17 1 25 22 -5 8 11 21 4 22 20 7 9 4 -21 2 23 0 
-15 25 20 18 -1 -23 23 7 2 21 2 8 -10 12 -3 24 19 23 7 24 
-9 21 12 18 3 20 -20 -3 1 13 -18 -20 -23 23 -25 6 7 11 9 20 
-25 25 -11 16 14 -6 4 20 -24 16 19 17 -10 -3 2 13 13 4 1 7 
16 2 18 25 9 9 7 18 23 22 13 22 -9 4 23 -5 -11 -11 12 -19 
-19 12 -11 -11 -5 23 4 -9 22 13 22 23 18 7 9 9 25 18 2 16 
7 1 4 13 13 2 -3 -10 17 19 16 -24 20 4 -6 14 16 -11 25 -25 
20 9 11 7 6 -25 23 -23 -20 -18 13 1 -3 -20 20 3 18 12 21 -9 
24 7 23 19 24 -3 12 -10 8 2 21 2 7 23 -23 -1 18 20 25 -15 
0 23 2 -21 4 9 7 20 22 4 21 11 8 -5 22 25 1 17 -11 1 
15 20 -6 1 13 15 6 8 21 24 25 -10 25 4 16 4 16 25 -13 -10 
6 19 -8 7 24 -1 3 14 13 1 13 5 5 11 -21 10 11 18 0 22 
5 16 -22 18 2 4 13 -18 16 -7 -16 18 -3 16 17 14 10 -24 -20 5 
22 2 -4 -18 1 16 21 7 -21 -21 -13 -3 17 13 12 -25 3 7 0 15 
-18 15 5 20 -3 13 14 -2 1 5 -22 0 -3 -13 4 24 20 15 9 3 
78
1
15 5
4 14
0
0
