20 20
9 11 21 17 -19 7 20 21 25 8 21 11 2 3 12 13 16 -26 24 26 
2 -16 20 13 -2 22 12 -11 23 16 23 19 -2 -14 0 13 1 8 4 13 
-7 19 -17 8 9 12 -23 6 26 0 -16 -7 4 -19 4 25 1 -21 15 -18 
13 0 9 12 11 12 17 -11 20 -25 9 15 -21 -16 -2 4 -21 15 10 0 
23 -7 20 -18 5 20 6 5 -26 22 15 -20 21 13 25 6 21 10 6 -4 
1 2 23 11 13 -23 15 -3 -8 -2 -26 15 -9 21 16 26 24 -5 6 22 
-21 1 2 0 5 8 9 22 -2 0 -11 24 2 6 12 -8 16 1 7 7 
10 2 11 10 10 19 21 8 25 19 12 -23 10 -7 -20 9 18 26 -3 3 
0 2 -3 9 22 25 25 -9 18 3 -24 4 7 13 22 25 22 13 14 7 
0 20 12 25 -24 -6 17 -20 2 23 -16 20 22 16 26 23 2 9 4 21 
21 4 9 2 23 26 16 22 20 -16 23 2 -20 17 -6 -24 25 12 20 0 
7 14 13 22 25 22 13 7 4 -24 3 18 -9 25 25 22 9 -3 2 0 
3 -3 26 18 9 -20 -7 10 -23 12 19 25 8 21 19 10 10 11 2 10 
7 7 1 16 -8 12 6 2 24 -11 0 -2 22 9 8 5 0 2 1 -21 
22 6 -5 24 26 16 21 -9 15 -26 -2 -8 -3 15 -23 13 11 23 2 1 
-4 6 10 21 6 25 13 21 -20 15 22 -26 5 6 20 5 -18 20 -7 23 
0 10 15 -21 4 -2 -16 -21 15 9 -25 20 -11 17 12 11 12 9 0 13 
-18 15 -21 1 25 4 -19 4 -7 -16 0 26 6 -23 12 9 8 -17 19 -7 
13 4 8 1 13 0 -14 -2 19 23 16 23 -11 12 22 -2 13 20 -16 2 
26 24 -26 16 13 12 3 2 11 21 8 25 21 20 7 -19 17 21 11 9 
32
1
18 2
1 17
0
0
