20 20
19 0 22 15 14 10 19 12 13 -7 17 1 22 11 11 -19 -11 -14 2 12 
3 -16 6 12 3 1 22 16 4 -7 10 -3 6 5 -21 21 8 -7 -1 -1 
5 19 19 3 6 3 -3 1 18 14 -2 18 12 -10 -1 10 -12 7 21 21 
1 3 19 13 -8 -10 -18 -3 15 13 22 15 22 20 7 12 -2 19 -14 9 
19 -3 14 11 10 6 12 11 12 -20 14 7 12 -19 7 18 13 17 14 -22 
17 17 -18 -7 10 20 -9 21 14 12 -22 4 -21 3 -8 -7 4 -14 7 9 
-5 -19 -17 21 14 6 5 8 5 -20 13 19 9 6 15 18 -9 -15 22 21 
-22 0 3 1 20 7 1 -10 22 8 5 -4 6 -16 5 -2 -10 15 -3 -6 
9 -15 -20 -14 12 19 15 1 18 21 -22 16 8 -11 21 11 13 -11 3 -14 
-2 10 13 17 21 -20 6 16 8 -16 11 9 20 21 10 21 -4 19 6 -6 
-6 6 19 -4 21 10 21 20 9 11 -16 8 16 6 -20 21 17 13 10 -2 
-14 3 -11 13 11 21 -11 8 16 -22 21 18 1 15 19 12 -14 -20 -15 9 
-6 -3 15 -10 -2 5 -16 6 -4 5 8 22 -10 1 7 20 1 3 0 -22 
21 22 -15 -9 18 15 6 9 19 13 -20 5 8 5 6 14 21 -17 -19 -5 
9 7 -14 4 -7 -8 3 -21 4 -22 12 14 21 -9 20 10 -7 -18 17 17 
-22 14 17 13 18 7 -19 12 7 14 -20 12 11 12 6 10 11 14 -3 19 
9 -14 19 -2 12 7 20 22 15 22 13 15 -3 -18 -10 -8 13 19 3 1 
21 21 7 -12 10 -1 -10 12 18 -2 14 18 1 -3 3 6 3 19 19 5 
-1 -1 -7 8 21 -21 5 6 -3 10 -7 4 16 22 1 3 12 6 -16 3 
12 2 -14 -11 -19 11 11 22 1 17 -7 13 12 19 10 14 15 22 0 19 
67
1
0 6
19 13
0
0
