20 20
-19 -4 6 -2 -10 0 19 9 21 11 6 13 1 4 -8 -15 0 9 10 6 
2 7 -5 -19 16 7 -12 -9 -3 13 0 -5 9 18 17 7 8 -16 2 3 
5 5 6 16 13 -7 17 14 -12 0 15 -10 12 17 -18 -8 19 5 14 16 
-18 -20 18 -9 8 17 -15 18 -21 20 1 0 17 11 19 -16 9 -15 11 -20 
9 16 13 5 9 10 -2 18 18 18 18 6 -10 13 -1 20 21 19 8 -6 
7 15 -5 1 -7 -6 11 -18 19 2 17 17 19 18 5 7 6 -16 6 18 
1 -13 5 10 4 8 20 6 18 13 7 17 14 -5 1 -3 -18 -19 16 18 
10 20 21 -4 -17 2 9 14 6 21 21 12 -7 -13 8 -7 -14 5 9 -1 
9 1 17 6 3 -1 11 0 14 1 -14 -17 -11 -14 -4 5 19 18 -4 16 
6 6 -4 3 6 -9 19 5 9 21 15 -8 -3 -19 -14 13 17 -16 7 -17 
-17 7 -16 17 13 -14 -19 -3 -8 15 21 9 5 19 -9 6 3 -4 6 6 
16 -4 18 19 5 -4 -14 -11 -17 -14 1 14 0 11 -1 3 6 17 1 9 
-1 9 5 -14 -7 8 -13 -7 12 21 21 6 14 9 2 -17 -4 21 20 10 
18 16 -19 -18 -3 1 -5 14 17 7 13 18 6 20 8 4 10 5 -13 1 
18 6 -16 6 7 5 18 19 17 17 2 19 -18 11 -6 -7 1 -5 15 7 
-6 8 19 21 20 -1 13 -10 6 18 18 18 18 -2 10 9 5 13 16 9 
-20 11 -15 9 -16 19 11 17 0 1 20 -21 18 -15 17 8 -9 18 -20 -18 
16 14 5 19 -8 -18 17 12 -10 15 0 -12 14 17 -7 13 16 6 5 5 
3 2 -16 8 7 17 18 9 -5 0 13 -3 -9 -12 7 16 -19 -5 7 2 
6 10 9 0 -15 -8 4 1 13 6 11 21 9 19 0 -10 -2 6 -4 -19 
48
1
19 2
0 17
0
0
