20 20
10 26 5 22 11 22 1 5 16 0 8 5 23 15 10 10 -2 16 1 23 
22 10 -13 -14 11 -16 13 -21 12 -19 8 22 5 -23 -2 19 0 17 9 27 
-21 12 13 14 9 19 20 12 17 8 -25 6 2 -5 -26 1 9 -15 -22 16 
21 21 12 24 14 7 -12 -22 -24 -26 21 15 -18 2 9 -21 6 6 18 20 
17 13 22 22 8 21 10 12 24 -4 4 -4 3 -15 1 16 10 10 2 1 
-24 18 -10 13 10 23 27 16 -18 22 26 -12 17 1 -26 6 9 13 15 23 
23 20 26 -3 0 -27 -1 8 27 8 3 -3 15 8 12 -4 9 -15 16 16 
26 27 -4 15 12 -10 25 -5 14 4 18 -8 -7 18 7 3 18 23 20 1 
-24 2 11 3 13 19 27 -10 27 -13 25 -1 12 23 -11 14 26 10 5 21 
27 25 23 13 -18 26 23 4 -27 -3 16 8 26 7 -12 21 -1 1 20 13 
13 20 1 -1 21 -12 7 26 8 16 -3 -27 4 23 26 -18 13 23 25 27 
21 5 10 26 14 -11 23 12 -1 25 -13 27 -10 27 19 13 3 11 2 -24 
1 20 23 18 3 7 18 -7 -8 18 4 14 -5 25 -10 12 15 -4 27 26 
16 16 -15 9 -4 12 8 15 -3 3 8 27 8 -1 -27 0 -3 26 20 23 
23 15 13 9 6 -26 1 17 -12 26 22 -18 16 27 23 10 13 -10 18 -24 
1 2 10 10 16 1 -15 3 -4 4 -4 24 12 10 21 8 22 22 13 17 
20 18 6 6 -21 9 2 -18 15 21 -26 -24 -22 -12 7 14 24 12 21 21 
16 -22 -15 9 1 -26 -5 2 6 -25 8 17 12 20 19 9 14 13 12 -21 
27 9 17 0 19 -2 -23 5 22 8 -19 12 -21 13 -16 11 -14 -13 10 22 
23 1 16 -2 10 10 15 23 5 8 0 16 5 1 22 11 22 5 26 10 
82
1
11 3
8 16
0
0
