20 20
0 8 1 0 12 15 2 3 4 -13 -3 4 15 8 -3 12 -14 -8 -9 7 
8 -10 -8 -7 -13 -3 7 -13 11 15 12 15 -13 2 4 0 -11 7 7 13 
14 13 -7 -3 15 10 7 10 10 9 12 12 -3 6 -5 12 7 13 0 2 
-10 6 6 -7 6 10 14 11 5 -2 10 9 6 -7 12 12 15 9 0 0 
11 11 13 -9 10 11 14 2 7 14 15 13 0 15 -13 -7 4 8 7 9 
1 -7 1 3 -13 -3 1 2 15 -12 8 2 2 11 7 -9 8 6 -9 -14 
5 7 -6 -2 -5 14 1 7 10 -14 12 4 -12 5 -1 14 13 14 8 3 
14 7 -10 1 6 8 -2 10 -2 4 -1 0 8 9 12 -12 -5 14 2 4 
9 14 9 11 5 0 6 4 15 8 -7 11 -13 12 6 9 13 1 -11 8 
14 -14 3 13 -15 4 7 -10 -13 -11 14 14 12 -3 2 5 0 2 10 7 
7 10 2 0 5 2 -3 12 14 14 -11 -13 -10 7 4 -15 13 3 -14 14 
8 -11 1 13 9 6 12 -13 11 -7 8 15 4 6 0 5 11 9 14 9 
4 2 14 -5 -12 12 9 8 0 -1 4 -2 10 -2 8 6 1 -10 7 14 
3 8 14 13 14 -1 5 -12 4 12 -14 10 7 1 14 -5 -2 -6 7 5 
-14 -9 6 8 -9 7 11 2 2 8 -12 15 2 1 -3 -13 3 1 -7 1 
9 7 8 4 -7 -13 15 0 13 15 14 7 2 14 11 10 -9 13 11 11 
0 0 9 15 12 12 -7 6 9 10 -2 5 11 14 10 6 -7 6 6 -10 
2 0 13 7 12 -5 6 -3 12 12 9 10 10 7 10 15 -3 -7 13 14 
13 7 7 -11 0 4 2 -13 15 12 15 11 -13 7 -3 -13 -7 -8 -10 8 
7 -9 -8 -14 12 -3 8 15 4 -3 -13 4 3 2 15 12 0 1 8 0 
55
1
8 15
11 4
0
0
