20 20
11 6 12 14 5 1 11 8 2 13 7 -3 5 10 2 11 6 -2 -12 12 
-6 7 12 6 13 3 3 11 11 7 -6 -14 13 5 -1 5 -1 14 -6 -6 
-3 5 14 12 -11 13 10 -8 -2 9 4 9 12 -5 9 2 14 12 -1 -5 
12 6 5 3 4 -9 4 -4 11 12 -1 0 10 6 -2 2 12 3 13 5 
5 -3 -7 -3 2 4 13 10 4 14 2 2 14 -7 -14 9 9 1 3 3 
1 -3 7 1 12 4 14 0 13 -9 13 7 5 -10 -1 2 -6 -11 3 14 
10 7 12 4 14 13 3 14 1 13 14 7 7 -11 11 10 -7 13 13 2 
10 1 -11 14 -13 11 3 10 11 5 3 8 -1 -9 11 6 4 14 9 9 
10 3 7 -3 11 10 5 2 3 -7 1 1 12 11 3 5 1 -5 -12 7 
4 6 12 -1 -8 -9 14 14 -6 6 -6 10 10 12 3 13 13 3 7 3 
3 7 3 13 13 3 12 10 10 -6 6 -6 14 14 -9 -8 -1 12 6 4 
7 -12 -5 1 5 3 11 12 1 1 -7 3 2 5 10 11 -3 7 3 10 
9 9 14 4 6 11 -9 -1 8 3 5 11 10 3 11 -13 14 -11 1 10 
2 13 13 -7 10 11 -11 7 7 14 13 1 14 3 13 14 4 12 7 10 
14 3 -11 -6 2 -1 -10 5 7 13 -9 13 0 14 4 12 1 7 -3 1 
3 3 1 9 9 -14 -7 14 2 2 14 4 10 13 4 2 -3 -7 -3 5 
5 13 3 12 2 -2 6 10 0 -1 12 11 -4 4 -9 4 3 5 6 12 
-5 -1 12 14 2 9 -5 12 9 4 9 -2 -8 10 13 -11 12 14 5 -3 
-6 -6 14 -1 5 -1 5 13 -14 -6 7 11 11 3 3 13 6 12 7 -6 
12 -12 -2 6 11 2 10 5 -3 7 13 2 8 11 1 5 14 12 6 11 
91
1
5 0
14 19
0
0
