20 20
9 14 12 7 14 5 3 -6 -1 -4 2 -15 1 14 -6 13 9 -14 7 13 
12 12 4 -8 8 12 0 4 5 7 -7 -14 6 -8 2 6 3 3 14 13 
1 5 0 -8 8 8 1 15 6 -13 -12 6 6 -9 -14 7 0 4 -10 2 
6 -4 7 -9 4 2 4 -1 8 3 9 3 15 7 14 10 1 12 8 8 
-13 12 13 12 10 8 -14 -4 2 2 15 13 -10 7 10 0 4 1 15 4 
11 7 7 6 -15 13 -6 -12 9 3 -15 -11 15 12 5 8 4 7 -3 -5 
5 0 -4 -10 -14 5 12 11 15 -5 0 3 4 8 -3 6 15 -2 9 7 
8 2 -12 3 -8 -5 0 -9 -5 11 5 -3 -10 9 9 2 1 4 6 12 
2 6 -12 -15 3 13 12 12 14 4 6 1 9 0 13 1 6 15 -11 5 
2 2 -1 -5 0 -8 11 9 -5 -10 -14 2 0 14 5 -13 7 -3 -6 12 
12 -6 -3 7 -13 5 14 0 2 -14 -10 -5 9 11 -8 0 -5 -1 2 2 
5 -11 15 6 1 13 0 9 1 6 4 14 12 12 13 3 -15 -12 6 2 
12 6 4 1 2 9 9 -10 -3 5 11 -5 -9 0 -5 -8 3 -12 2 8 
7 9 -2 15 6 -3 8 4 3 0 -5 15 11 12 5 -14 -10 -4 0 5 
-5 -3 7 4 8 5 12 15 -11 -15 3 9 -12 -6 13 -15 6 7 7 11 
4 15 1 4 0 10 7 -10 13 15 2 2 -4 -14 8 10 12 13 12 -13 
8 8 12 1 10 14 7 15 3 9 3 8 -1 4 2 4 -9 7 -4 6 
2 -10 4 0 7 -14 -9 6 6 -12 -13 6 15 1 8 8 -8 0 5 1 
13 14 3 3 6 2 -8 6 -14 -7 7 5 4 0 12 8 -8 4 12 12 
13 7 -14 9 13 -6 14 1 -15 2 -4 -1 -6 3 5 14 7 12 14 9 
141
1
11 17
8 2
0
0
