20 20
2 2 11 -13 16 1 6 1 15 -17 1 4 7 2 6 4 6 5 14 9 
8 2 17 -9 2 0 8 13 10 -10 9 12 -3 3 8 -2 15 9 -14 5 
12 12 7 8 13 2 7 12 18 -12 1 -5 13 -4 17 3 16 9 16 -15 
16 0 4 -14 -15 1 0 9 18 -16 6 7 2 -18 4 -8 -1 -9 -11 -5 
0 -11 5 9 15 9 16 10 -3 14 0 -10 5 17 15 4 8 12 -10 0 
-12 13 1 2 -5 14 11 11 5 -4 8 8 -4 15 6 7 6 -16 18 2 
-12 0 -12 8 4 17 17 3 18 -15 11 -5 5 -1 9 6 4 -14 10 1 
14 4 7 14 9 6 2 -13 4 2 9 17 12 18 5 2 11 3 -3 8 
15 18 4 5 -14 -6 13 -10 5 17 18 5 -8 2 6 2 7 17 16 1 
6 -11 3 13 18 -11 15 -17 7 7 9 16 1 -7 3 3 15 -18 13 16 
16 13 -18 15 3 3 -7 1 16 9 7 7 -17 15 -11 18 13 3 -11 6 
1 16 17 7 2 6 2 -8 5 18 17 5 -10 13 -6 -14 5 4 18 15 
8 -3 3 11 2 5 18 12 17 9 2 4 -13 2 6 9 14 7 4 14 
1 10 -14 4 6 9 -1 5 -5 11 -15 18 3 17 17 4 8 -12 0 -12 
2 18 -16 6 7 6 15 -4 8 8 -4 5 11 11 14 -5 2 1 13 -12 
0 -10 12 8 4 15 17 5 -10 0 14 -3 10 16 9 15 9 5 -11 0 
-5 -11 -9 -1 -8 4 -18 2 7 6 -16 18 9 0 1 -15 -14 4 0 16 
-15 16 9 16 3 17 -4 13 -5 1 -12 18 12 7 2 13 8 7 12 12 
5 -14 9 15 -2 8 3 -3 12 9 -10 10 13 8 0 2 -9 17 2 8 
9 14 5 6 4 6 2 7 4 1 -17 15 1 6 1 16 -13 11 2 2 
122
1
18 12
1 7
0
0
