20 20
11 8 15 8 16 -8 -12 4 8 -7 5 3 7 8 0 -1 13 11 1 12 
1 16 13 15 0 2 6 4 16 15 -7 5 -9 8 5 6 4 16 1 3 
12 17 2 17 -9 7 11 17 -5 7 -14 12 8 10 1 4 -6 6 -5 7 
2 -7 9 -15 8 -7 7 0 9 -11 -3 12 3 11 14 14 16 5 13 1 
-8 15 -14 -10 17 -11 17 6 -15 -10 12 12 -17 15 -8 2 17 15 13 5 
4 17 12 9 5 3 8 17 -13 8 16 -1 17 15 6 8 2 -16 5 -7 
-14 1 -3 15 7 -11 13 13 9 13 3 5 -5 14 15 9 2 14 10 13 
17 10 15 17 17 6 13 1 8 1 -7 9 12 11 3 10 2 -10 7 -1 
-11 8 4 11 15 9 11 12 1 14 3 13 6 -11 -15 17 10 5 8 -7 
5 5 17 11 -15 12 5 3 0 -13 17 5 12 -9 10 -7 -1 -17 5 -10 
-10 5 -17 -1 -7 10 -9 12 5 17 -13 0 3 5 12 -15 11 17 5 5 
-7 8 5 10 17 -15 -11 6 13 3 14 1 12 11 9 15 11 4 8 -11 
-1 7 -10 2 10 3 11 12 9 -7 1 8 1 13 6 17 17 15 10 17 
13 10 14 2 9 15 14 -5 5 3 13 9 13 13 -11 7 15 -3 1 -14 
-7 5 -16 2 8 6 15 17 -1 16 8 -13 17 8 3 5 9 12 17 4 
5 13 15 17 2 -8 15 -17 12 12 -10 -15 6 17 -11 17 -10 -14 15 -8 
1 13 5 16 14 14 11 3 12 -3 -11 9 0 7 -7 8 -15 9 -7 2 
7 -5 6 -6 4 1 10 8 12 -14 7 -5 17 11 7 -9 17 2 17 12 
3 1 16 4 6 5 8 -9 5 -7 15 16 4 6 2 0 15 13 16 1 
12 1 11 13 -1 0 8 7 3 5 -7 8 4 -12 -8 16 8 15 8 11 
72
1
17 3
2 16
0
0
