20 20
19 16 -9 14 11 8 15 8 1 22 12 -11 24 4 3 -16 14 22 22 3 
1 -9 18 -2 11 3 16 20 3 -4 11 -19 3 -23 -13 13 23 17 13 16 
-23 -14 1 13 3 -8 11 13 19 6 20 -1 8 18 24 -1 11 18 3 -20 
8 17 6 -25 -14 -20 4 17 -24 -1 20 -8 4 1 24 3 -10 3 23 11 
18 13 12 -20 21 15 14 -17 -4 17 14 5 -7 22 3 -18 1 -19 -10 8 
-21 24 12 10 4 17 -13 16 1 13 0 22 -22 20 -12 -15 14 -14 3 10 
21 13 10 -9 6 25 7 25 -24 -7 18 -23 18 16 -4 11 12 12 -9 -10 
-3 18 8 23 12 16 14 2 5 8 2 -17 25 5 24 11 -10 -10 9 2 
-2 -15 4 -3 23 -1 -3 14 -6 -6 1 4 18 2 14 -4 2 -20 -20 14 
-7 20 10 -20 25 5 9 17 -3 14 23 7 16 -15 16 -21 -16 20 3 10 
10 3 20 -16 -21 16 -15 16 7 23 14 -3 17 9 5 25 -20 10 20 -7 
14 -20 -20 2 -4 14 2 18 4 1 -6 -6 14 -3 -1 23 -3 4 -15 -2 
2 9 -10 -10 11 24 5 25 -17 2 8 5 2 14 16 12 23 8 18 -3 
-10 -9 12 12 11 -4 16 18 -23 18 -7 -24 25 7 25 6 -9 10 13 21 
10 3 -14 14 -15 -12 20 -22 22 0 13 1 16 -13 17 4 10 12 24 -21 
8 -10 -19 1 -18 3 22 -7 5 14 17 -4 -17 14 15 21 -20 12 13 18 
11 23 3 -10 3 24 1 4 -8 20 -1 -24 17 4 -20 -14 -25 6 17 8 
-20 3 18 11 -1 24 18 8 -1 20 6 19 13 11 -8 3 13 1 -14 -23 
16 13 17 23 13 -13 -23 3 -19 11 -4 3 20 16 3 11 -2 18 -9 1 
3 22 22 14 -16 3 4 24 -11 12 22 1 8 15 8 11 14 -9 16 19 
34
1
17 1
2 18
0
0
