20 20
2 -13 -3 3 19 2 12 -7 -22 14 5 12 1 -23 15 -10 20 -20 -14 6 
0 8 18 21 20 -3 -10 8 -17 13 16 19 3 4 7 -12 3 -13 16 8 
13 5 13 19 17 -5 5 3 -3 -7 -20 -12 6 17 6 22 12 22 20 21 
12 23 11 9 13 -1 16 -8 13 9 12 11 13 23 7 11 15 3 11 19 
19 -5 8 4 10 22 0 14 15 19 -23 8 22 12 -1 -9 22 15 20 6 
-14 19 0 22 -6 -13 -6 20 0 16 9 10 21 10 10 12 23 22 -2 -6 
-8 7 12 -9 13 20 20 16 -11 -22 12 17 -22 11 15 1 3 -15 17 13 
20 -3 1 -17 13 22 3 3 -14 -6 23 19 3 -2 21 -20 6 16 5 -22 
16 14 10 10 6 17 9 11 10 10 3 3 8 9 2 -14 20 23 19 1 
-21 -10 17 5 14 21 -15 -1 -19 -7 14 10 -1 18 -13 20 -5 -13 4 -16 
-16 4 -13 -5 20 -13 18 -1 10 14 -7 -19 -1 -15 21 14 5 17 -10 -21 
1 19 23 20 -14 2 9 8 3 3 10 10 11 9 17 6 10 10 14 16 
-22 5 16 6 -20 21 -2 3 19 23 -6 -14 3 3 22 13 -17 1 -3 20 
13 17 -15 3 1 15 11 -22 17 12 -22 -11 16 20 20 13 -9 12 7 -8 
-6 -2 22 23 12 10 10 21 10 9 16 0 20 -6 -13 -6 22 0 19 -14 
6 20 15 22 -9 -1 12 22 8 -23 19 15 14 0 22 10 4 8 -5 19 
19 11 3 15 11 7 23 13 11 12 9 13 -8 16 -1 13 9 11 23 12 
21 20 22 12 22 6 17 6 -12 -20 -7 -3 3 5 -5 17 19 13 5 13 
8 16 -13 3 -12 7 4 3 19 16 13 -17 8 -10 -3 20 21 18 8 0 
6 -14 -20 20 -10 15 -23 1 12 5 14 -22 -7 12 2 19 3 -3 -13 2 
115
1
2 15
17 4
0
0
