20 20
15 15 9 -9 -4 4 3 17 21 2 -9 13 -27 7 24 7 -19 -17 16 8 
8 -27 9 26 4 27 8 21 -10 -5 -16 21 5 -9 8 -1 13 25 14 0 
-10 17 -17 19 7 11 8 1 5 -25 -14 -23 23 -27 12 3 12 24 7 -2 
0 26 21 3 1 -2 13 3 13 21 2 3 2 14 10 2 8 4 14 16 
0 7 8 4 -24 23 5 -3 -13 -26 3 10 15 -8 21 20 -11 9 13 5 
9 -8 22 25 -18 1 19 4 12 3 -24 -9 22 21 24 -1 -9 21 6 -15 
9 4 10 3 27 19 5 -15 -26 -1 4 17 -25 1 15 -21 5 8 19 8 
27 -20 -5 12 16 -23 27 -27 26 -23 -25 -23 8 19 -2 4 18 21 8 18 
21 -20 24 11 -25 0 13 22 9 0 11 22 4 2 24 2 26 23 25 16 
22 -7 0 15 2 12 -13 22 0 -18 14 23 16 -11 -15 22 10 17 19 8 
8 19 17 10 22 -15 -11 16 23 14 -18 0 22 -13 12 2 15 0 -7 22 
16 25 23 26 2 24 2 4 22 11 0 9 22 13 0 -25 11 24 -20 21 
18 8 21 18 4 -2 19 8 -23 -25 -23 26 -27 27 -23 16 12 -5 -20 27 
8 19 8 5 -21 15 1 -25 17 4 -1 -26 -15 5 19 27 3 10 4 9 
-15 6 21 -9 -1 24 21 22 -9 -24 3 12 4 19 1 -18 25 22 -8 9 
5 13 9 -11 20 21 -8 15 10 3 -26 -13 -3 5 23 -24 4 8 7 0 
16 14 4 8 2 10 14 2 3 2 21 13 3 13 -2 1 3 21 26 0 
-2 7 24 12 3 12 -27 23 -23 -14 -25 5 1 8 11 7 19 -17 17 -10 
0 14 25 13 -1 8 -9 5 21 -16 -5 -10 21 8 27 4 26 9 -27 8 
8 16 -17 -19 7 24 7 -27 13 -9 2 21 17 3 4 -4 -9 9 15 15 
98
1
6 16
13 3
0
0
