20 20
5 14 13 2 22 1 14 16 10 14 20 12 -23 13 5 7 16 8 4 6 
19 9 9 13 18 20 12 25 17 25 13 13 4 -13 26 -11 14 7 -21 17 
13 6 17 20 2 19 10 4 13 8 12 10 -23 8 14 6 -22 16 26 3 
-11 0 -4 -18 -21 13 2 25 17 24 -12 -20 17 19 18 -13 19 1 4 5 
4 16 20 -5 16 -24 1 23 -22 17 -26 -22 15 -23 13 22 -17 -15 -1 20 
-17 25 -7 5 -26 21 11 -7 8 -26 -15 -13 3 6 22 1 15 25 2 13 
-1 -17 -8 -22 13 7 -9 21 -23 14 16 -23 -5 23 23 2 6 12 3 12 
8 14 22 14 12 18 -15 0 19 14 21 25 17 16 25 3 -17 16 2 4 
-4 -24 -21 15 16 -11 -15 26 20 19 16 2 -10 3 12 25 -6 15 23 25 
1 8 26 -6 0 27 -25 16 19 -9 9 16 10 23 0 22 4 22 6 26 
26 6 22 4 22 0 23 10 16 9 -9 19 16 -25 27 0 -6 26 8 1 
25 23 15 -6 25 12 3 -10 2 16 19 20 26 -15 -11 16 15 -21 -24 -4 
4 2 16 -17 3 25 16 17 25 21 14 19 0 -15 18 12 14 22 14 8 
12 3 12 6 2 23 23 -5 -23 16 14 -23 21 -9 7 13 -22 -8 -17 -1 
13 2 25 15 1 22 6 3 -13 -15 -26 8 -7 11 21 -26 5 -7 25 -17 
20 -1 -15 -17 22 13 -23 15 -22 -26 17 -22 23 1 -24 16 -5 20 16 4 
5 4 1 19 -13 18 19 17 -20 -12 24 17 25 2 13 -21 -18 -4 0 -11 
3 26 16 -22 6 14 8 -23 10 12 8 13 4 10 19 2 20 17 6 13 
17 -21 7 14 -11 26 -13 4 13 13 25 17 25 12 20 18 13 9 9 19 
6 4 8 16 7 5 13 -23 12 20 14 10 16 14 1 22 2 13 14 5 
91
1
13 3
6 16
0
0
