20 20
21 3 10 5 2 10 5 24 22 23 21 -19 22 9 17 20 3 14 10 24 
12 13 4 -19 24 22 8 5 11 1 13 -22 20 -12 11 1 15 -10 -1 -10 
5 2 10 4 -24 2 -20 3 15 13 7 -13 15 -5 8 1 15 21 23 -18 
18 -16 5 -15 23 14 -18 19 1 0 -22 20 24 13 7 21 2 12 -21 1 
-2 21 14 23 6 -5 -6 -12 4 9 -10 4 8 1 4 -17 -15 4 23 16 
7 11 18 -24 15 -17 -2 5 10 5 -4 3 12 5 10 9 11 -7 0 1 
16 -15 12 17 24 16 -6 -5 17 20 15 8 -20 -5 8 7 -1 0 -16 8 
6 -15 -7 9 -13 -5 3 -6 5 8 12 11 3 9 24 7 19 3 18 1 
6 8 1 19 9 11 8 2 10 3 -11 8 -18 -3 20 14 7 23 21 2 
5 16 20 -5 18 8 17 11 0 -8 6 1 19 8 7 16 20 22 9 12 
12 9 22 20 16 7 8 19 1 6 -8 0 11 17 8 18 -5 20 16 5 
2 21 23 7 14 20 -3 -18 8 -11 3 10 2 8 11 9 19 1 8 6 
1 18 3 19 7 24 9 3 11 12 8 5 -6 3 -5 -13 9 -7 -15 6 
8 -16 0 -1 7 8 -5 -20 8 15 20 17 -5 -6 16 24 17 12 -15 16 
1 0 -7 11 9 10 5 12 3 -4 5 10 5 -2 -17 15 -24 18 11 7 
16 23 4 -15 -17 4 1 8 4 -10 9 4 -12 -6 -5 6 23 14 21 -2 
1 -21 12 2 21 7 13 24 20 -22 0 1 19 -18 14 23 -15 5 -16 18 
-18 23 21 15 1 8 -5 15 -13 7 13 15 3 -20 2 -24 4 10 2 5 
-10 -1 -10 15 1 11 -12 20 -22 13 1 11 5 8 22 24 -19 4 13 12 
24 10 14 3 20 17 9 22 -19 21 23 22 24 5 10 2 5 10 3 21 
104
1
8 9
11 10
0
0
