20 20
-11 11 6 -19 3 -10 20 9 6 2 3 18 8 17 4 3 13 12 1 -16 
19 6 14 3 15 -11 9 1 12 -2 8 7 13 1 -3 0 16 19 12 8 
4 9 18 12 21 -10 0 17 5 18 21 11 18 2 -12 -13 -5 -17 0 11 
20 6 -16 16 3 16 3 -7 5 16 2 -12 -12 -18 2 4 2 17 -9 12 
4 10 17 -13 20 1 -21 20 6 8 -18 -8 -10 9 15 2 10 -3 -17 16 
13 10 16 4 11 20 -18 -17 2 13 7 8 13 8 -9 9 14 -19 -5 9 
-20 5 20 14 11 1 18 -13 5 -16 21 0 18 6 8 -19 17 2 19 -16 
-8 1 18 -16 -4 20 11 20 0 3 -6 1 16 19 -6 4 7 -11 11 19 
9 -7 15 2 11 6 4 19 -6 -19 12 8 -11 11 20 8 16 -21 -4 12 
6 5 17 6 17 14 0 -3 -9 10 1 11 -7 0 13 8 15 2 19 5 
5 19 2 15 8 13 0 -7 11 1 10 -9 -3 0 14 17 6 17 5 6 
12 -4 -21 16 8 20 11 -11 8 12 -19 -6 19 4 6 11 2 15 -7 9 
19 11 -11 7 4 -6 19 16 1 -6 3 0 20 11 20 -4 -16 18 1 -8 
-16 19 2 17 -19 8 6 18 0 21 -16 5 -13 18 1 11 14 20 5 -20 
9 -5 -19 14 9 -9 8 13 8 7 13 2 -17 -18 20 11 4 16 10 13 
16 -17 -3 10 2 15 9 -10 -8 -18 8 6 20 -21 1 20 -13 17 10 4 
12 -9 17 2 4 2 -18 -12 -12 2 16 5 -7 3 16 3 16 -16 6 20 
11 0 -17 -5 -13 -12 2 18 11 21 18 5 17 0 -10 21 12 18 9 4 
8 12 19 16 0 -3 1 13 7 8 -2 12 1 9 -11 15 3 14 6 19 
-16 1 12 13 3 4 17 8 18 3 2 6 9 20 -10 3 -19 6 11 -11 
30
1
8 2
11 17
0
0
