20 20
18 8 1 -16 4 8 16 1 7 15 11 -6 2 2 1 12 -18 13 13 1 
4 11 10 3 3 -15 -9 -2 16 18 9 7 18 10 -1 -1 18 2 17 3 
10 -15 6 -2 17 17 -16 2 17 3 5 9 5 -8 15 -5 10 6 9 16 
10 6 15 -12 -4 13 18 -8 4 16 11 -16 6 12 6 -17 16 -1 4 18 
1 7 12 14 11 4 -12 7 -4 16 8 -7 0 -17 -7 4 7 -18 1 4 
-2 3 16 10 12 -1 -6 10 2 3 4 11 -6 4 7 6 18 11 0 2 
1 -12 -15 -15 -6 7 15 4 -11 -16 -13 -4 10 18 4 18 -15 -14 14 12 
-17 16 10 3 -7 12 12 -11 11 14 1 7 -15 1 -2 13 13 3 13 15 
18 -4 -16 1 -13 5 15 1 -3 15 -8 12 2 -17 16 -15 15 4 1 9 
2 15 12 17 2 5 8 15 8 15 17 -11 13 -10 -12 1 8 10 15 -18 
-18 15 10 8 1 -12 -10 13 -11 17 15 8 15 8 5 2 17 12 15 2 
9 1 4 15 -15 16 -17 2 12 -8 15 -3 1 15 5 -13 1 -16 -4 18 
15 13 3 13 13 -2 1 -15 7 1 14 11 -11 12 12 -7 3 10 16 -17 
12 14 -14 -15 18 4 18 10 -4 -13 -16 -11 4 15 7 -6 -15 -15 -12 1 
2 0 11 18 6 7 4 -6 11 4 3 2 10 -6 -1 12 10 16 3 -2 
4 1 -18 7 4 -7 -17 0 -7 8 16 -4 7 -12 4 11 14 12 7 1 
18 4 -1 16 -17 6 12 6 -16 11 16 4 -8 18 13 -4 -12 15 6 10 
16 9 6 10 -5 15 -8 5 9 5 3 17 2 -16 17 17 -2 6 -15 10 
3 17 2 18 -1 -1 10 18 7 9 18 16 -2 -9 -15 3 3 10 11 4 
1 13 13 -18 12 1 2 2 -6 11 15 7 1 16 8 4 -16 1 8 18 
140
1
1 6
18 13
0
0
