20 20
13 20 5 7 21 0 16 18 13 -24 11 19 9 -18 7 5 14 8 26 6 
2 8 12 16 27 26 8 0 12 25 -14 3 -6 -3 23 -3 3 22 -16 15 
9 20 7 16 0 16 22 -23 -26 13 5 -6 2 12 8 -4 -16 21 11 17 
-5 29 4 29 26 24 7 23 22 24 20 26 -23 11 2 -14 8 26 28 2 
-6 -28 15 3 19 -10 28 6 -22 29 12 3 -4 -15 28 29 -23 22 -19 9 
16 13 21 8 4 23 8 7 -29 -21 20 -2 2 17 5 5 -25 -11 28 -17 
20 23 11 17 7 1 20 11 1 6 20 26 -18 20 9 0 -7 13 -4 -3 
16 24 17 23 24 16 10 17 -28 22 4 14 -2 17 5 10 10 17 8 28 
6 8 11 -23 22 20 28 29 15 6 28 5 19 18 23 -22 13 21 24 9 
-20 14 29 13 20 26 -20 -21 -7 11 19 24 -19 2 19 -20 20 -5 5 27 
27 5 -5 20 -20 19 2 -19 24 19 11 -7 -21 -20 26 20 13 29 14 -20 
9 24 21 13 -22 23 18 19 5 28 6 15 29 28 20 22 -23 11 8 6 
28 8 17 10 10 5 17 -2 14 4 22 -28 17 10 16 24 23 17 24 16 
-3 -4 13 -7 0 9 20 -18 26 20 6 1 11 20 1 7 17 11 23 20 
-17 28 -11 -25 5 5 17 2 -2 20 -21 -29 7 8 23 4 8 21 13 16 
9 -19 22 -23 29 28 -15 -4 3 12 29 -22 6 28 -10 19 3 15 -28 -6 
2 28 26 8 -14 2 11 -23 26 20 24 22 23 7 24 26 29 4 29 -5 
17 11 21 -16 -4 8 12 2 -6 5 13 -26 -23 22 16 0 16 7 20 9 
15 -16 22 3 -3 23 -3 -6 3 -14 25 12 0 8 26 27 16 12 8 2 
6 26 8 14 5 7 -18 9 19 11 -24 13 18 16 0 21 7 5 20 13 
66
1
6 15
13 4
0
0
