20 20
18 0 14 16 -13 16 14 7 0 -8 -7 9 17 -4 8 -15 -20 -20 15 17 
8 14 21 -18 11 6 18 13 12 1 -15 2 7 -12 17 -12 15 -3 -17 -16 
3 13 20 17 20 16 10 14 4 -8 -12 -18 -2 -13 5 8 -7 11 14 6 
11 11 2 -9 2 2 -17 7 6 16 15 18 15 2 -21 19 3 10 15 6 
3 -17 7 -8 -17 18 7 -3 11 15 4 11 17 20 18 11 7 18 -3 -17 
7 -2 13 16 -19 4 20 15 16 9 -17 -21 15 2 5 -1 -20 16 12 10 
13 6 2 17 4 -12 2 10 19 8 17 10 -19 -3 13 -16 20 4 17 15 
21 -10 8 7 11 0 20 3 6 2 13 14 -12 18 14 11 2 7 9 6 
-19 -13 3 3 5 10 1 15 -19 -3 2 5 12 8 14 17 -17 11 4 10 
-12 14 19 13 18 -4 -3 20 -13 7 3 1 19 21 -18 -5 5 8 16 6 
6 16 8 5 -5 -18 21 19 1 3 7 -13 20 -3 -4 18 13 19 14 -12 
10 4 11 -17 17 14 8 12 5 2 -3 -19 15 1 10 5 3 3 -13 -19 
6 9 7 2 11 14 18 -12 14 13 2 6 3 20 0 11 7 8 -10 21 
15 17 4 20 -16 13 -3 -19 10 17 8 19 10 2 -12 4 17 2 6 13 
10 12 16 -20 -1 5 2 15 -21 -17 9 16 15 20 4 -19 16 13 -2 7 
-17 -3 18 7 11 18 20 17 11 4 15 11 -3 7 18 -17 -8 7 -17 3 
6 15 10 3 19 -21 2 15 18 15 16 6 7 -17 2 2 -9 2 11 11 
6 14 11 -7 8 5 -13 -2 -18 -12 -8 4 14 10 16 20 17 20 13 3 
-16 -17 -3 15 -12 17 -12 7 2 -15 1 12 13 18 6 11 -18 21 14 8 
17 15 -20 -20 -15 8 -4 17 9 -7 -8 0 7 14 16 -13 16 14 0 18 
131
1
17 9
2 10
0
0
