20 20
27 -27 -24 19 -24 -20 26 23 0 22 21 -11 11 2 21 -4 20 -15 6 8 
-5 23 -26 -6 18 4 4 26 3 23 17 -24 -6 28 10 13 26 3 0 18 
-25 22 11 11 11 -16 12 -26 25 15 -15 20 -17 28 -2 -18 9 9 4 2 
-29 16 14 3 27 20 22 29 8 13 21 4 20 -21 19 18 26 -28 -4 29 
6 6 2 24 16 23 25 29 6 22 4 -3 25 16 12 10 28 26 17 17 
14 5 15 -29 9 7 19 -26 -9 10 -21 6 12 21 -18 9 -16 7 8 2 
1 5 -10 24 1 27 11 11 14 -4 -27 1 14 27 9 -15 17 -4 25 8 
-24 2 14 -28 15 -26 4 20 -16 9 21 14 -20 -16 10 -2 29 13 10 23 
29 11 24 28 -16 -27 -15 -28 25 25 23 -27 -7 8 12 18 15 -27 4 2 
-18 9 -1 23 5 28 5 24 -4 -12 23 9 3 -29 -28 -9 -15 12 6 -10 
-10 6 12 -15 -9 -28 -29 3 9 23 -12 -4 24 5 28 5 23 -1 9 -18 
2 4 -27 15 18 12 8 -7 -27 23 25 25 -28 -15 -27 -16 28 24 11 29 
23 10 13 29 -2 10 -16 -20 14 21 9 -16 20 4 -26 15 -28 14 2 -24 
8 25 -4 17 -15 9 27 14 1 -27 -4 14 11 11 27 1 24 -10 5 1 
2 8 7 -16 9 -18 21 12 6 -21 10 -9 -26 19 7 9 -29 15 5 14 
17 17 26 28 10 12 16 25 -3 4 22 6 29 25 23 16 24 2 6 6 
29 -4 -28 26 18 19 -21 20 4 21 13 8 29 22 20 27 3 14 16 -29 
2 4 9 9 -18 -2 28 -17 20 -15 15 25 -26 12 -16 11 11 11 22 -25 
18 0 3 26 13 10 28 -6 -24 17 23 3 26 4 4 18 -6 -26 23 -5 
8 6 -15 20 -4 21 2 11 -11 21 22 0 23 26 -20 -24 19 -24 -27 27 
199
1
13 1
6 18
0
0
