20 20
21 9 11 -4 24 -27 28 -5 20 -11 25 26 20 27 26 17 -3 16 3 -18 
26 23 4 15 -12 -18 -4 -2 2 22 8 -16 4 -3 27 19 17 25 18 -18 
-22 15 4 5 -28 -25 4 9 6 24 26 -3 5 1 2 8 27 26 5 24 
15 -17 26 1 -12 7 14 4 17 18 -21 20 25 6 1 2 -2 -7 13 5 
3 -25 -18 19 -12 -10 12 26 11 3 -12 20 26 2 -27 1 25 -6 9 17 
16 20 13 6 19 -12 0 24 3 28 18 14 19 3 13 15 -11 -27 14 5 
-3 4 11 9 25 21 18 26 -24 18 7 24 -26 18 -7 22 -15 15 -3 8 
9 23 9 5 24 0 15 21 5 21 8 18 20 -13 12 -21 22 11 -19 8 
6 -4 -1 0 13 4 27 1 16 -6 -2 14 -6 8 5 12 -10 5 3 15 
18 16 15 28 5 -9 25 19 26 23 18 -23 21 7 2 -23 7 1 17 -22 
-22 17 1 7 -23 2 7 21 -23 18 23 26 19 25 -9 5 28 15 16 18 
15 3 5 -10 12 5 8 -6 14 -2 -6 16 1 27 4 13 0 -1 -4 6 
8 -19 11 22 -21 12 -13 20 18 8 21 5 21 15 0 24 5 9 23 9 
8 -3 15 -15 22 -7 18 -26 24 7 18 -24 26 18 21 25 9 11 4 -3 
5 14 -27 -11 15 13 3 19 14 18 28 3 24 0 -12 19 6 13 20 16 
17 9 -6 25 1 -27 2 26 20 -12 3 11 26 12 -10 -12 19 -18 -25 3 
5 13 -7 -2 2 1 6 25 20 -21 18 17 4 14 7 -12 1 26 -17 15 
24 5 26 27 8 2 1 5 -3 26 24 6 9 4 -25 -28 5 4 15 -22 
-18 18 25 17 19 27 -3 4 -16 8 22 2 -2 -4 -18 -12 15 4 23 26 
-18 3 16 -3 17 26 27 20 26 25 -11 20 -5 28 -27 24 -4 11 9 21 
127
1
0 15
19 4
0
0
