20 20
14 14 7 17 -8 3 10 3 8 10 13 -3 20 2 -11 18 20 -8 17 19 
-3 7 -6 -17 20 -17 3 8 -11 -13 6 6 1 9 19 9 4 10 9 -7 
2 9 -13 10 -14 -13 2 15 1 4 8 4 -20 4 6 11 10 1 12 8 
17 -8 -18 12 5 7 -6 -18 7 -6 -2 5 19 -20 9 18 14 6 17 14 
-16 1 5 2 -9 -16 -1 3 10 9 9 16 13 -3 -14 12 4 11 3 13 
16 -17 14 -1 4 -15 20 19 -10 -18 -10 19 -9 -11 -19 12 12 1 16 12 
9 4 -7 0 2 20 -20 -5 15 16 16 -8 14 16 5 -3 -18 2 15 8 
18 13 13 19 13 15 2 13 -2 -3 -13 7 11 3 -8 20 17 -7 -10 5 
3 6 7 9 4 17 6 19 18 20 4 4 16 11 13 20 6 4 3 -15 
-9 16 -9 17 8 -10 11 -14 4 10 16 -17 -1 16 16 14 7 2 -10 3 
3 -10 2 7 14 16 16 -1 -17 16 10 4 -14 11 -10 8 17 -9 16 -9 
-15 3 4 6 20 13 11 16 4 4 20 18 19 6 17 4 9 7 6 3 
5 -10 -7 17 20 -8 3 11 7 -13 -3 -2 13 2 15 13 19 13 13 18 
8 15 2 -18 -3 5 16 14 -8 16 16 15 -5 -20 20 2 0 -7 4 9 
12 16 1 12 12 -19 -11 -9 19 -10 -18 -10 19 20 -15 4 -1 14 -17 16 
13 3 11 4 12 -14 -3 13 16 9 9 10 3 -1 -16 -9 2 5 1 -16 
14 17 6 14 18 9 -20 19 5 -2 -6 7 -18 -6 7 5 12 -18 -8 17 
8 12 1 10 11 6 4 -20 4 8 4 1 15 2 -13 -14 10 -13 9 2 
-7 9 10 4 9 19 9 1 6 6 -13 -11 8 3 -17 20 -17 -6 7 -3 
19 17 -8 20 18 -11 2 20 -3 13 10 8 3 10 3 -8 17 7 14 14 
126
1
5 7
14 12
0
0
