20 20
16 13 6 21 -18 23 -5 -7 5 6 22 1 -10 -5 -27 16 16 23 13 10 
13 28 5 7 10 3 17 -12 20 10 27 21 15 -3 16 8 16 -19 20 1 
8 18 5 -28 -28 8 10 11 15 25 -12 21 -5 26 5 10 -18 6 -19 -22 
18 1 24 8 27 -9 28 28 10 -16 25 -10 15 1 7 9 -14 26 -8 15 
12 29 -16 27 19 -26 3 29 -5 27 23 6 20 20 11 -19 21 18 -27 6 
25 10 20 26 26 8 -5 20 29 10 19 -27 1 28 7 -5 7 15 29 8 
14 29 -3 20 0 -4 4 27 10 10 8 -23 15 19 14 2 23 18 -15 20 
26 -2 13 -1 -24 16 -19 12 2 19 3 21 -7 22 6 25 24 -22 -2 21 
9 -28 15 15 -29 21 -18 17 18 8 -15 15 2 -1 18 19 18 26 1 16 
29 11 6 23 19 -25 -9 -4 -24 11 -25 14 18 9 0 4 25 6 2 3 
3 2 6 25 4 0 9 18 14 -25 11 -24 -4 -9 -25 19 23 6 11 29 
16 1 26 18 19 18 -1 2 15 -15 8 18 17 -18 21 -29 15 15 -28 9 
21 -2 -22 24 25 6 22 -7 21 3 19 2 12 -19 16 -24 -1 13 -2 26 
20 -15 18 23 2 14 19 15 -23 8 10 10 27 4 -4 0 20 -3 29 14 
8 29 15 7 -5 7 28 1 -27 19 10 29 20 -5 8 26 26 20 10 25 
6 -27 18 21 -19 11 20 20 6 23 27 -5 29 3 -26 19 27 -16 29 12 
15 -8 26 -14 9 7 1 15 -10 25 -16 10 28 28 -9 27 8 24 1 18 
-22 -19 6 -18 10 5 26 -5 21 -12 25 15 11 10 8 -28 -28 5 18 8 
1 20 -19 16 8 16 -3 15 21 27 10 20 -12 17 3 10 7 5 28 13 
10 13 23 16 16 -27 -5 -10 1 22 6 5 -7 -5 23 -18 21 6 13 16 
69
1
15 10
4 9
0
0
