20 20
17 11 -22 -5 -6 21 3 25 11 22 16 -2 0 24 2 24 -8 15 25 23 
11 0 3 -7 -21 6 3 2 17 -3 10 21 -7 -16 13 21 5 3 10 6 
8 16 14 11 18 -10 -14 -21 -20 2 10 8 13 14 12 6 13 9 -4 -23 
3 15 14 16 10 1 5 15 13 4 20 7 19 24 15 -12 13 21 16 7 
2 20 5 21 19 9 13 9 -3 23 7 9 12 23 12 16 22 13 -4 17 
-21 -11 -9 24 6 12 23 10 -9 5 17 23 2 4 5 17 21 13 3 14 
14 25 1 13 12 17 0 17 5 7 14 20 23 5 6 5 8 -13 2 -12 
11 14 15 -14 3 5 20 -21 24 25 19 21 11 -2 12 15 -3 3 4 11 
13 8 10 18 2 2 -20 -2 11 13 15 24 11 11 6 15 20 -24 16 -10 
19 18 8 16 23 13 17 6 16 14 -17 4 7 9 -22 3 13 25 11 13 
13 11 25 13 3 -22 9 7 4 -17 14 16 6 17 13 23 16 8 18 19 
-10 16 -24 20 15 6 11 11 24 15 13 11 -2 -20 2 2 18 10 8 13 
11 4 3 -3 15 12 -2 11 21 19 25 24 -21 20 5 3 -14 15 14 11 
-12 2 -13 8 5 6 5 23 20 14 7 5 17 0 17 12 13 1 25 14 
14 3 13 21 17 5 4 2 23 17 5 -9 10 23 12 6 24 -9 -11 -21 
17 -4 13 22 16 12 23 12 9 7 23 -3 9 13 9 19 21 5 20 2 
7 16 21 13 -12 15 24 19 7 20 4 13 15 5 1 10 16 14 15 3 
-23 -4 9 13 6 12 14 13 8 10 2 -20 -21 -14 -10 18 11 14 16 8 
6 10 3 5 21 13 -16 -7 21 10 -3 17 2 3 6 -21 -7 3 0 11 
23 25 15 -8 24 2 24 0 -2 16 22 11 25 3 21 -6 -5 -22 11 17 
100
1
1 0
18 19
0
0
