20 20
2 14 17 3 -18 4 -17 14 1 8 0 -7 18 2 16 15 7 10 -13 0 
13 10 -13 18 16 -14 12 -18 14 17 -16 15 9 6 5 -17 5 11 1 -14 
14 9 20 16 14 -13 12 10 16 16 13 -3 -2 21 -17 0 15 -16 -2 5 
11 -14 16 5 21 6 6 -14 4 6 7 9 -8 17 14 3 5 -11 18 17 
19 -5 20 1 9 -14 1 8 5 7 0 3 9 16 -17 4 8 -21 12 14 
13 13 21 11 -9 8 16 7 -19 -9 2 13 17 15 20 -7 16 -12 8 0 
13 14 16 1 16 7 -1 10 21 2 -18 3 12 4 6 14 -3 2 20 -10 
9 14 -4 14 3 6 7 5 18 -16 12 18 2 10 17 5 10 -12 5 4 
2 1 -16 14 18 12 20 3 7 -20 -6 16 14 -7 -19 20 7 19 17 11 
1 1 16 20 20 11 -17 15 -6 -1 4 7 5 11 -5 6 6 -21 17 7 
7 17 -21 6 6 -5 11 5 7 4 -1 -6 15 -17 11 20 20 16 1 1 
11 17 19 7 20 -19 -7 14 16 -6 -20 7 3 20 12 18 14 -16 1 2 
4 5 -12 10 5 17 10 2 18 12 -16 18 5 7 6 3 14 -4 14 9 
-10 20 2 -3 14 6 4 12 3 -18 2 21 10 -1 7 16 1 16 14 13 
0 8 -12 16 -7 20 15 17 13 2 -9 -19 7 16 8 -9 11 21 13 13 
14 12 -21 8 4 -17 16 9 3 0 7 5 8 1 -14 9 1 20 -5 19 
17 18 -11 5 3 14 17 -8 9 7 6 4 -14 6 6 21 5 16 -14 11 
5 -2 -16 15 0 -17 21 -2 -3 13 16 16 10 12 -13 14 16 20 9 14 
-14 1 11 5 -17 5 6 9 15 -16 17 14 -18 12 -14 16 18 -13 10 13 
0 -13 10 7 15 16 2 18 -7 0 8 1 14 -17 4 -18 3 17 14 2 
88
1
16 6
3 13
0
0
