20 20
11 -15 4 5 -13 19 15 8 0 6 3 -20 12 7 11 20 17 1 -4 6 
-14 -6 19 8 13 11 -3 -1 8 -19 6 18 1 14 7 4 16 13 3 -20 
1 9 19 11 6 -14 21 11 17 7 11 12 21 -14 1 -5 16 2 20 13 
1 4 -9 21 21 19 8 11 16 11 0 -21 9 6 -3 17 16 19 5 18 
2 5 21 15 19 20 11 15 20 -10 -2 -13 15 3 19 14 -8 16 4 -16 
20 -19 -10 17 16 12 9 1 2 1 13 -17 1 6 -6 10 10 12 20 5 
19 4 5 19 19 9 -4 7 2 13 15 -4 21 16 19 17 20 18 -19 12 
1 7 -9 15 1 -3 -16 4 16 1 13 9 17 5 11 2 4 -13 19 9 
3 17 16 -3 0 -21 21 20 15 19 2 1 15 7 7 10 9 -14 18 11 
-8 -16 18 5 19 10 16 4 2 11 1 5 18 5 -20 9 17 9 -10 17 
17 -10 9 17 9 -20 5 18 5 1 11 2 4 16 10 19 5 18 -16 -8 
11 18 -14 9 10 7 7 15 1 2 19 15 20 21 -21 0 -3 16 17 3 
9 19 -13 4 2 11 5 17 9 13 1 16 4 -16 -3 1 15 -9 7 1 
12 -19 18 20 17 19 16 21 -4 15 13 2 7 -4 9 19 19 5 4 19 
5 20 12 10 10 -6 6 1 -17 13 1 2 1 9 12 16 17 -10 -19 20 
-16 4 16 -8 14 19 3 15 -13 -2 -10 20 15 11 20 19 15 21 5 2 
18 5 19 16 17 -3 6 9 -21 0 11 16 11 8 19 21 21 -9 4 1 
13 20 2 16 -5 1 -14 21 12 11 7 17 11 21 -14 6 11 19 9 1 
-20 3 13 16 4 7 14 1 18 6 -19 8 -1 -3 11 13 8 19 -6 -14 
6 -4 1 17 20 11 7 12 -20 3 6 0 8 15 19 -13 5 4 -15 11 
59
1
19 4
0 15
0
0
