20 20
1 4 24 11 12 7 -11 -23 19 12 -23 10 -11 7 7 8 19 -6 12 4 
7 19 25 17 -2 14 -18 17 -19 0 7 18 20 8 18 2 -23 8 14 7 
4 9 16 12 13 1 2 -6 12 4 11 20 12 11 0 6 8 7 -10 23 
-4 4 10 1 23 19 8 22 25 -10 15 -5 0 0 -25 6 -14 21 16 -2 
17 12 -3 -9 -7 -10 -20 -1 -21 18 7 4 1 -10 18 24 1 -22 19 9 
1 -4 2 22 16 -7 10 -13 21 25 -15 -6 21 9 -6 21 0 -25 10 14 
-17 -14 14 -10 -1 21 2 -15 3 19 11 18 -9 6 9 1 3 5 8 -23 
17 2 8 16 20 -13 18 8 3 5 18 16 19 -24 8 -4 11 11 1 4 
-25 -4 9 -17 0 5 21 10 8 3 8 -7 19 -15 21 18 25 -16 18 15 
20 3 -20 22 22 -10 10 -21 9 -25 6 23 -13 25 24 14 15 17 24 -9 
-9 24 17 15 14 24 25 -13 23 6 -25 9 -21 10 -10 22 22 -20 3 20 
15 18 -16 25 18 21 -15 19 -7 8 3 8 10 21 5 0 -17 9 -4 -25 
4 1 11 11 -4 8 -24 19 16 18 5 3 8 18 -13 20 16 8 2 17 
-23 8 5 3 1 9 6 -9 18 11 19 3 -15 2 21 -1 -10 14 -14 -17 
14 10 -25 0 21 -6 9 21 -6 -15 25 21 -13 10 -7 16 22 2 -4 1 
9 19 -22 1 24 18 -10 1 4 7 18 -21 -1 -20 -10 -7 -9 -3 12 17 
-2 16 21 -14 6 -25 0 0 -5 15 -10 25 22 8 19 23 1 10 4 -4 
23 -10 7 8 6 0 11 12 20 11 4 12 -6 2 1 13 12 16 9 4 
7 14 8 -23 2 18 8 20 18 7 0 -19 17 -18 14 -2 17 25 19 7 
4 12 -6 19 8 7 7 -11 10 -23 12 19 -23 -11 7 12 11 24 4 1 
76
1
14 6
5 13
0
0
