20 20
-3 20 9 2 4 16 -11 23 18 15 11 13 -6 15 14 12 5 8 22 -18 
-13 5 14 17 -8 22 22 14 8 2 21 14 13 2 3 -22 21 1 14 3 
4 13 12 9 18 15 -3 22 23 -21 5 12 20 17 8 21 8 9 13 13 
16 -13 -18 4 19 12 23 7 20 -16 7 0 23 0 3 10 15 5 15 10 
-1 17 17 -1 19 8 11 16 -14 -8 17 6 5 20 -16 9 19 20 8 9 
9 -22 -12 -9 19 -3 11 10 22 18 23 18 21 23 17 -22 12 22 10 -19 
12 21 4 17 -15 8 9 -17 0 0 6 22 7 12 22 19 20 -10 -3 18 
-16 11 -14 6 10 -16 8 1 -15 -11 12 4 -3 -20 9 2 10 13 20 5 
19 -21 -23 7 12 19 -3 22 11 22 -6 3 15 0 7 7 -16 12 16 6 
1 10 -14 -21 -20 19 14 7 7 14 9 0 15 16 22 8 -17 8 -2 -22 
-22 -2 8 -17 8 22 16 15 0 9 14 7 7 14 19 -20 -21 -14 10 1 
6 16 12 -16 7 7 0 15 3 -6 22 11 22 -3 19 12 7 -23 -21 19 
5 20 13 10 2 9 -20 -3 4 12 -11 -15 1 8 -16 10 6 -14 11 -16 
18 -3 -10 20 19 22 12 7 22 6 0 0 -17 9 8 -15 17 4 21 12 
-19 10 22 12 -22 17 23 21 18 23 18 22 10 11 -3 19 -9 -12 -22 9 
9 8 20 19 9 -16 20 5 6 17 -8 -14 16 11 8 19 -1 17 17 -1 
10 15 5 15 10 3 0 23 0 7 -16 20 7 23 12 19 4 -18 -13 16 
13 13 9 8 21 8 17 20 12 5 -21 23 22 -3 15 18 9 12 13 4 
3 14 1 21 -22 3 2 13 14 21 2 8 14 22 22 -8 17 14 5 -13 
-18 22 8 5 12 14 15 -6 13 11 15 18 23 -11 16 4 2 9 20 -3 
71
1
10 0
9 19
0
0
