20 20
4 -6 21 19 5 19 18 14 -9 -23 17 12 -15 9 14 5 -19 16 8 -18 
17 -1 24 17 20 5 -6 14 -16 0 -13 9 -11 18 -20 12 -17 16 24 7 
24 7 3 11 24 16 -4 20 5 11 -20 -23 20 11 18 3 21 -23 -24 7 
14 10 2 15 20 2 4 -13 4 23 20 -3 12 -23 24 16 -1 19 -19 19 
11 7 18 23 15 7 20 -19 4 12 20 -19 -7 11 16 12 22 -2 10 10 
13 3 21 -19 4 4 -4 1 -13 22 8 19 9 3 20 2 1 1 23 14 
20 16 -12 1 -7 23 -20 14 23 4 23 15 -3 8 4 -4 19 18 15 5 
15 -20 5 24 4 1 7 20 3 16 -2 13 -23 -3 -13 13 8 21 19 3 
24 -13 22 14 -18 -11 -20 3 9 -7 11 4 12 -9 22 7 -14 -11 -20 15 
18 5 10 21 22 21 22 6 4 7 1 5 13 8 23 21 -14 7 -19 13 
13 -19 7 -14 21 23 8 13 5 1 7 4 6 22 21 22 21 10 5 18 
15 -20 -11 -14 7 22 -9 12 4 11 -7 9 3 -20 -11 -18 14 22 -13 24 
3 19 21 8 13 -13 -3 -23 13 -2 16 3 20 7 1 4 24 5 -20 15 
5 15 18 19 -4 4 8 -3 15 23 4 23 14 -20 23 -7 1 -12 16 20 
14 23 1 1 2 20 3 9 19 8 22 -13 1 -4 4 4 -19 21 3 13 
10 10 -2 22 12 16 11 -7 -19 20 12 4 -19 20 7 15 23 18 7 11 
19 -19 19 -1 16 24 -23 12 -3 20 23 4 -13 4 2 20 15 2 10 14 
7 -24 -23 21 3 18 11 20 -23 -20 11 5 20 -4 16 24 11 3 7 24 
7 24 16 -17 12 -20 18 -11 9 -13 0 -16 14 -6 5 20 17 24 -1 17 
-18 8 16 -19 5 14 9 -15 12 17 -23 -9 14 18 19 5 19 21 -6 4 
177
1
9 18
10 1
0
0
