20 20
-1 6 4 8 5 9 16 7 8 17 13 14 0 6 10 3 6 13 9 8 
14 12 11 -11 8 11 4 7 -15 -3 -4 -15 16 1 15 10 11 8 3 2 
16 -7 17 10 12 4 15 16 15 13 0 8 -5 -9 10 4 2 -14 10 2 
13 11 5 -17 9 6 7 15 -14 7 13 9 5 6 12 11 0 17 2 12 
3 16 11 10 4 7 -4 9 15 7 14 7 6 -7 11 -5 16 15 14 2 
3 14 -2 17 5 9 14 -5 15 -7 11 5 15 7 13 4 -14 14 13 17 
5 0 17 17 17 12 13 17 -13 -1 4 2 12 0 -13 -5 -3 6 13 -4 
11 -1 -11 11 10 -7 14 5 2 8 -11 5 -2 -8 15 17 5 16 7 11 
-14 9 -10 11 16 -4 -6 4 13 15 -5 8 8 12 -3 2 8 6 17 7 
16 3 2 14 6 0 2 14 3 10 1 3 1 12 2 5 11 -5 7 5 
5 7 -5 11 5 2 12 1 3 1 10 3 14 2 0 6 14 2 3 16 
7 17 6 8 2 -3 12 8 8 -5 15 13 4 -6 -4 16 11 -10 9 -14 
11 7 16 5 17 15 -8 -2 5 -11 8 2 5 14 -7 10 11 -11 -1 11 
-4 13 6 -3 -5 -13 0 12 2 4 -1 -13 17 13 12 17 17 17 0 5 
17 13 14 -14 4 13 7 15 5 11 -7 15 -5 14 9 5 17 -2 14 3 
2 14 15 16 -5 11 -7 6 7 14 7 15 9 -4 7 4 10 11 16 3 
12 2 17 0 11 12 6 5 9 13 7 -14 15 7 6 9 -17 5 11 13 
2 10 -14 2 4 10 -9 -5 8 0 13 15 16 15 4 12 10 17 -7 16 
2 3 8 11 10 15 1 16 -15 -4 -3 -15 7 4 11 8 -11 11 12 14 
8 9 13 6 3 10 6 0 14 13 17 8 7 16 9 5 8 4 6 -1 
143
1
2 11
17 8
0
0
