20 20
-11 2 10 9 4 -11 18 2 4 2 11 16 16 0 11 11 11 16 7 17 
4 -14 7 7 -4 6 -9 15 -10 6 14 13 9 15 2 4 19 3 -7 9 
5 19 2 2 -3 -5 -13 10 0 4 13 -17 9 9 18 19 8 16 5 13 
9 -13 7 15 -13 1 0 13 -8 7 18 -10 10 -16 -16 13 17 19 -18 -3 
-7 5 5 13 12 19 -9 10 1 6 2 8 -2 8 11 16 14 12 10 0 
14 1 19 -13 1 19 9 17 17 15 11 -10 5 -11 -18 2 10 15 3 12 
9 -12 7 8 7 -16 -10 7 -10 2 4 -8 12 11 1 -3 6 12 6 13 
5 17 9 6 13 9 10 9 8 2 7 16 -4 5 17 -3 13 19 -18 18 
10 -11 -17 8 1 10 1 9 17 14 13 -5 -10 6 6 -1 8 13 6 14 
6 7 13 19 -5 -3 -6 12 1 -4 17 9 9 -2 8 -10 -19 12 6 6 
6 6 12 -19 -10 8 -2 9 9 17 -4 1 12 -6 -3 -5 19 13 7 6 
14 6 13 8 -1 6 6 -10 -5 13 14 17 9 1 10 1 8 -17 -11 10 
18 -18 19 13 -3 17 5 -4 16 7 2 8 9 10 9 13 6 9 17 5 
13 6 12 6 -3 1 11 12 -8 4 2 -10 7 -10 -16 7 8 7 -12 9 
12 3 15 10 2 -18 -11 5 -10 11 15 17 17 9 19 1 -13 19 1 14 
0 10 12 14 16 11 8 -2 8 2 6 1 10 -9 19 12 13 5 5 -7 
-3 -18 19 17 13 -16 -16 10 -10 18 7 -8 13 0 1 -13 15 7 -13 9 
13 5 16 8 19 18 9 9 -17 13 4 0 10 -13 -5 -3 2 2 19 5 
9 -7 3 19 4 2 15 9 13 14 6 -10 15 -9 6 -4 7 7 -14 4 
17 7 16 11 11 11 0 16 16 11 2 4 2 18 -11 4 9 10 2 -11 
80
1
10 2
9 17
0
0
