20 20
7 -9 -7 15 -6 16 1 -13 16 -10 -14 8 21 10 15 12 -22 -20 22 16 
3 22 22 15 -5 -23 7 18 1 21 9 0 15 5 18 25 18 -11 14 3 
-7 -17 11 -5 20 -23 10 -13 9 13 3 0 24 12 18 24 -1 11 -13 13 
10 2 2 3 12 0 25 0 13 3 2 24 11 -11 -9 -19 -2 -9 9 20 
8 10 4 15 9 9 -5 2 15 11 10 18 -9 7 23 24 -2 15 25 6 
7 11 6 18 -1 25 24 15 22 -20 -22 23 -13 14 20 -7 15 24 -25 23 
-9 7 16 -6 25 22 23 23 12 18 -3 4 -5 -19 7 2 6 20 25 23 
8 11 24 -11 8 -25 18 8 19 -3 5 4 -25 14 -2 -17 5 20 -11 9 
-8 7 -5 17 3 7 20 20 -24 -5 0 1 14 -16 16 10 25 13 16 -21 
23 -1 24 16 -10 25 23 8 15 -14 7 2 7 3 20 24 24 17 11 -5 
-5 11 17 24 24 20 3 7 2 7 -14 15 8 23 25 -10 16 24 -1 23 
-21 16 13 25 10 16 -16 14 1 0 -5 -24 20 20 7 3 17 -5 7 -8 
9 -11 20 5 -17 -2 14 -25 4 5 -3 19 8 18 -25 8 -11 24 11 8 
23 25 20 6 2 7 -19 -5 4 -3 18 12 23 23 22 25 -6 16 7 -9 
23 -25 24 15 -7 20 14 -13 23 -22 -20 22 15 24 25 -1 18 6 11 7 
6 25 15 -2 24 23 7 -9 18 10 11 15 2 -5 9 9 15 4 10 8 
20 9 -9 -2 -19 -9 -11 11 24 2 3 13 0 25 0 12 3 2 2 10 
13 -13 11 -1 24 18 12 24 0 3 13 9 -13 10 -23 20 -5 11 -17 -7 
3 14 -11 18 25 18 5 15 0 9 21 1 18 7 -23 -5 15 22 22 3 
16 22 -20 -22 12 15 10 21 8 -14 -10 16 -13 1 16 -6 15 -7 -9 7 
128
1
5 4
14 15
0
0
