20 20
12 15 -4 -18 -10 12 0 14 4 -6 0 5 -7 2 12 7 -15 12 2 0 
4 19 14 16 0 -8 10 9 4 10 12 15 16 10 9 -17 20 -1 -3 -4 
12 2 -2 -6 4 -2 6 20 2 17 4 -1 -7 -1 10 4 13 2 -18 17 
4 7 15 2 6 14 7 19 1 12 15 13 18 9 -18 4 4 3 -2 -19 
10 0 17 4 9 14 8 16 -7 16 12 6 -12 15 -20 20 17 13 -13 19 
14 6 6 -10 8 4 -4 2 16 14 14 -1 17 4 -15 5 1 17 13 8 
19 -5 -6 0 9 3 14 9 16 1 -9 0 9 -4 4 8 -6 -5 18 20 
16 15 12 6 20 7 -17 20 17 3 -9 1 14 4 18 12 8 -1 -20 7 
0 3 1 9 17 14 2 3 15 18 2 6 12 0 16 5 14 4 4 4 
11 -17 -3 -5 -7 13 20 -1 9 16 1 14 2 8 -17 11 -7 15 6 -15 
-15 6 15 -7 11 -17 8 2 14 1 16 9 -1 20 13 -7 -5 -3 -17 11 
4 4 4 14 5 16 0 12 6 2 18 15 3 2 14 17 9 1 3 0 
7 -20 -1 8 12 18 4 14 1 -9 3 17 20 -17 7 20 6 12 15 16 
20 18 -5 -6 8 4 -4 9 0 -9 1 16 9 14 3 9 0 -6 -5 19 
8 13 17 1 5 -15 4 17 -1 14 14 16 2 -4 4 8 -10 6 6 14 
19 -13 13 17 20 -20 15 -12 6 12 16 -7 16 8 14 9 4 17 0 10 
-19 -2 3 4 4 -18 9 18 13 15 12 1 19 7 14 6 2 15 7 4 
17 -18 2 13 4 10 -1 -7 -1 4 17 2 20 6 -2 4 -6 -2 2 12 
-4 -3 -1 20 -17 9 10 16 15 12 10 4 9 10 -8 0 16 14 19 4 
0 2 12 -15 7 12 2 -7 5 0 -6 4 14 0 12 -10 -18 -4 15 12 
66
1
12 8
7 11
0
0
