20 20
16 -11 -1 6 -18 19 11 10 -13 -5 3 6 4 17 10 16 -18 2 12 8 
2 1 8 14 1 17 20 -6 -8 9 4 2 1 1 17 9 6 2 -16 8 
7 1 17 -7 17 -1 -13 -5 14 2 15 -2 7 3 -14 -17 -11 7 -3 10 
5 19 15 7 3 20 7 -9 -9 9 12 -16 3 -4 8 16 8 10 12 1 
16 15 18 17 2 14 14 19 14 -18 2 -8 4 8 19 9 9 17 18 1 
-7 1 1 4 6 2 18 -17 -1 19 8 17 7 1 4 -8 10 2 -9 14 
-17 10 18 7 -18 2 14 5 20 14 7 -17 -6 -5 0 -14 -4 -16 10 5 
7 -18 18 13 10 -5 9 15 9 16 6 7 -4 3 20 6 8 -19 -17 7 
7 9 10 18 -15 1 8 16 18 7 5 13 6 7 7 -8 4 10 18 -7 
12 -1 -19 1 13 5 -20 -11 3 20 2 6 -7 3 -3 12 3 -14 14 -15 
-15 14 -14 3 12 -3 3 -7 6 2 20 3 -11 -20 5 13 1 -19 -1 12 
-7 18 10 4 -8 7 7 6 13 5 7 18 16 8 1 -15 18 10 9 7 
7 -17 -19 8 6 20 3 -4 7 6 16 9 15 9 -5 10 13 18 -18 7 
5 10 -16 -4 -14 0 -5 -6 -17 7 14 20 5 14 2 -18 7 18 10 -17 
14 -9 2 10 -8 4 1 7 17 8 19 -1 -17 18 2 6 4 1 1 -7 
1 18 17 9 9 19 8 4 -8 2 -18 14 19 14 14 2 17 18 15 16 
1 12 10 8 16 8 -4 3 -16 12 9 -9 -9 7 20 3 7 15 19 5 
10 -3 7 -11 -17 -14 3 7 -2 15 2 14 -5 -13 -1 17 -7 17 1 7 
8 -16 2 6 9 17 1 1 2 4 9 -8 -6 20 17 1 14 8 1 2 
8 12 2 -18 16 10 17 4 6 3 -5 -13 10 11 19 -18 6 -1 -11 16 
125
1
16 10
3 9
0
0
