20 20
-4 15 14 4 -15 14 2 -3 5 7 -3 5 5 15 13 13 4 -11 -1 -11 
10 -13 7 -11 -4 16 2 10 -1 -8 16 -6 10 8 6 -9 -8 16 -13 -3 
1 15 -3 1 -16 -13 -5 8 -6 2 -9 -4 3 4 2 7 5 2 8 -16 
1 -4 4 2 7 -7 4 -12 -5 3 13 11 -4 6 2 12 13 13 -10 9 
-16 3 9 8 14 12 10 11 8 -15 12 2 7 -15 5 9 3 12 8 11 
4 -16 6 3 5 10 13 8 5 13 13 12 -4 7 14 -10 -3 5 14 15 
12 14 -8 4 7 7 2 9 11 4 8 2 10 14 8 -3 15 2 -16 3 
5 4 9 13 7 -3 6 14 -5 5 13 13 -3 6 -14 3 0 0 15 -3 
-1 -6 5 9 14 15 11 2 16 13 -6 3 -2 16 -12 8 8 3 12 2 
11 6 4 -2 8 10 14 -2 1 12 -4 9 3 9 11 6 -7 10 -11 2 
2 -11 10 -7 6 11 9 3 9 -4 12 1 -2 14 10 8 -2 4 6 11 
2 12 3 8 8 -12 16 -2 3 -6 13 16 2 11 15 14 9 5 -6 -1 
-3 15 0 0 3 -14 6 -3 13 13 5 -5 14 6 -3 7 13 9 4 5 
3 -16 2 15 -3 8 14 10 2 8 4 11 9 2 7 7 4 -8 14 12 
15 14 5 -3 -10 14 7 -4 12 13 13 5 8 13 10 5 3 6 -16 4 
11 8 12 3 9 5 -15 7 2 12 -15 8 11 10 12 14 8 9 3 -16 
9 -10 13 13 12 2 6 -4 11 13 3 -5 -12 4 -7 7 2 4 -4 1 
-16 8 2 5 7 2 4 3 -4 -9 2 -6 8 -5 -13 -16 1 -3 15 1 
-3 -13 16 -8 -9 6 8 10 -6 16 -8 -1 10 2 16 -4 -11 7 -13 10 
-11 -1 -11 4 13 13 15 5 5 -3 7 5 -3 2 14 -15 4 14 15 -4 
91
1
13 19
6 0
0
0
