20 20
8 12 -23 12 -24 18 16 -14 13 21 25 4 15 14 23 6 27 2 24 -2 
10 16 27 -16 -1 -4 17 -5 -25 0 21 -3 23 9 0 6 2 15 -10 21 
20 15 6 4 23 19 27 24 -18 14 -21 19 24 8 17 14 7 -23 -4 -5 
22 13 5 20 2 21 6 -6 14 2 21 1 -18 7 -17 2 0 21 26 -12 
-4 15 -8 7 -18 8 1 8 16 -6 11 -5 7 25 -14 9 21 14 10 0 
-12 16 17 -22 0 12 25 1 19 -8 -14 12 20 16 -11 16 10 1 10 13 
17 3 -5 23 14 9 -18 17 10 -15 8 25 18 20 2 21 6 -15 26 16 
-3 9 19 17 4 6 -5 16 13 -4 3 -10 21 25 1 -23 -5 11 18 8 
4 1 14 22 -5 7 25 5 2 -19 14 2 19 9 -12 10 19 -2 -2 7 
20 20 14 -13 9 20 -5 21 17 -17 -8 -13 27 6 2 -8 -21 19 -22 19 
19 -22 19 -21 -8 2 6 27 -13 -8 -17 17 21 -5 20 9 -13 14 20 20 
7 -2 -2 19 10 -12 9 19 2 14 -19 2 5 25 7 -5 22 14 1 4 
8 18 11 -5 -23 1 25 21 -10 3 -4 13 16 -5 6 4 17 19 9 -3 
16 26 -15 6 21 2 20 18 25 8 -15 10 17 -18 9 14 23 -5 3 17 
13 10 1 10 16 -11 16 20 12 -14 -8 19 1 25 12 0 -22 17 16 -12 
0 10 14 21 9 -14 25 7 -5 11 -6 16 8 1 8 -18 7 -8 15 -4 
-12 26 21 0 2 -17 7 -18 1 21 2 14 -6 6 21 2 20 5 13 22 
-5 -4 -23 7 14 17 8 24 19 -21 14 -18 24 27 19 23 4 6 15 20 
21 -10 15 2 6 0 9 23 -3 21 0 -25 -5 17 -4 -1 -16 27 16 10 
-2 24 2 27 6 23 14 15 4 25 21 13 -14 16 18 -24 12 -23 12 8 
186
1
16 19
3 0
0
0
