20 20
-12 5 -17 19 2 1 23 12 9 20 -9 -14 -13 -22 0 -23 8 10 19 9 
14 22 12 -5 19 -23 10 -7 19 -6 20 17 -16 9 15 8 18 -15 -13 20 
-21 -13 10 11 -20 19 1 15 9 8 1 15 -14 14 16 14 5 4 7 11 
-17 15 8 13 10 16 18 10 -23 21 -6 12 -1 4 22 6 -2 15 -15 12 
5 13 8 23 1 6 15 21 19 11 0 0 22 22 23 2 13 -17 13 3 
7 -8 9 -11 13 -5 -21 18 23 20 15 16 -17 20 4 12 15 15 14 11 
-10 7 -23 16 23 14 -22 -21 -10 7 6 9 -8 1 16 7 12 -10 -7 -20 
-20 17 21 13 11 15 1 17 -10 -21 11 12 -17 -4 11 3 -6 7 3 10 
11 -13 18 5 20 18 11 8 23 6 3 2 -11 15 15 18 5 21 -21 17 
-22 19 21 4 7 17 -15 11 23 -5 17 18 15 13 6 -15 20 -20 21 18 
18 21 -20 20 -15 6 13 15 18 17 -5 23 11 -15 17 7 4 21 19 -22 
17 -21 21 5 18 15 15 -11 2 3 6 23 8 11 18 20 5 18 -13 11 
10 3 7 -6 3 11 -4 -17 12 11 -21 -10 17 1 15 11 13 21 17 -20 
-20 -7 -10 12 7 16 1 -8 9 6 7 -10 -21 -22 14 23 16 -23 7 -10 
11 14 15 15 12 4 20 -17 16 15 20 23 18 -21 -5 13 -11 9 -8 7 
3 13 -17 13 2 23 22 22 0 0 11 19 21 15 6 1 23 8 13 5 
12 -15 15 -2 6 22 4 -1 12 -6 21 -23 10 18 16 10 13 8 15 -17 
11 7 4 5 14 16 14 -14 15 1 8 9 15 1 19 -20 11 10 -13 -21 
20 -13 -15 18 8 15 9 -16 17 20 -6 19 -7 10 -23 19 -5 12 22 14 
9 19 10 8 -23 0 -22 -13 -14 -9 20 9 12 23 1 2 19 -17 5 -12 
71
1
3 5
16 14
0
0
