20 20
-18 -4 20 21 1 -14 -13 20 2 8 6 19 -26 -10 28 26 -19 15 -20 28 
-30 12 2 30 4 5 -15 -6 29 14 29 21 20 -16 -28 1 -19 7 28 7 
17 18 20 17 0 19 7 30 28 2 17 22 -10 19 3 25 14 29 9 15 
15 -3 -25 21 8 28 14 10 16 -30 11 10 8 14 21 5 24 1 9 4 
2 4 -11 10 12 16 18 23 16 28 1 30 6 18 2 12 -4 3 2 10 
-1 29 0 7 -10 30 -17 14 17 10 5 16 27 17 -14 12 5 7 14 18 
2 22 12 27 6 17 24 21 21 17 4 14 -28 20 -19 -20 29 18 3 3 
7 2 12 9 -4 3 -4 30 -24 26 -16 -1 17 -3 14 23 29 -17 24 29 
29 0 8 24 1 -14 -8 10 25 12 19 -11 -28 -10 6 28 23 8 11 2 
12 -5 8 -30 1 -21 27 5 -6 2 21 14 -18 29 23 15 10 12 18 6 
6 18 12 10 15 23 29 -18 14 21 2 -6 5 27 -21 1 -30 8 -5 12 
2 11 8 23 28 6 -10 -28 -11 19 12 25 10 -8 -14 1 24 8 0 29 
29 24 -17 29 23 14 -3 17 -1 -16 26 -24 30 -4 3 -4 9 12 2 7 
3 3 18 29 -20 -19 20 -28 14 4 17 21 21 24 17 6 27 12 22 2 
18 14 7 5 12 -14 17 27 16 5 10 17 14 -17 30 -10 7 0 29 -1 
10 2 3 -4 12 2 18 6 30 1 28 16 23 18 16 12 10 -11 4 2 
4 9 1 24 5 21 14 8 10 11 -30 16 10 14 28 8 21 -25 -3 15 
15 9 29 14 25 3 19 -10 22 17 2 28 30 7 19 0 17 20 18 17 
7 28 7 -19 1 -28 -16 20 21 29 14 29 -6 -15 5 4 30 2 12 -30 
28 -20 15 -19 26 28 -10 -26 19 6 8 2 20 -13 -14 1 21 20 -4 -18 
56
1
12 18
7 1
0
0
