20 20
4 -18 -2 1 11 5 -24 12 7 13 9 -7 19 -22 7 1 27 -7 26 15 
24 -26 14 23 7 11 13 26 26 17 19 21 15 5 10 11 2 22 3 -23 
23 18 8 5 5 6 15 3 10 -6 12 2 -7 -18 -15 20 0 16 -6 26 
11 18 22 9 3 13 16 20 -2 -17 20 11 2 26 -17 2 11 24 24 -16 
10 6 22 15 20 8 9 0 23 25 4 4 24 -24 0 -23 22 17 21 16 
14 27 18 6 -17 -17 -14 -11 8 24 15 4 17 -13 8 10 16 -8 -9 27 
14 19 7 26 -26 11 21 -9 -6 3 21 13 -11 8 5 13 27 21 2 13 
20 -2 -16 25 11 18 27 21 4 11 9 18 22 -25 15 17 10 -4 23 -5 
8 19 6 -26 -18 23 23 7 6 -12 11 20 14 7 0 26 -19 10 18 23 
3 18 15 -18 1 3 15 23 -1 9 8 5 17 14 27 4 5 5 10 10 
10 10 5 5 4 27 14 17 5 8 9 -1 23 15 3 1 -18 15 18 3 
23 18 10 -19 26 0 7 14 20 11 -12 6 7 23 23 -18 -26 6 19 8 
-5 23 -4 10 17 15 -25 22 18 9 11 4 21 27 18 11 25 -16 -2 20 
13 2 21 27 13 5 8 -11 13 21 3 -6 -9 21 11 -26 26 7 19 14 
27 -9 -8 16 10 8 -13 17 4 15 24 8 -11 -14 -17 -17 6 18 27 14 
16 21 17 22 -23 0 -24 24 4 4 25 23 0 9 8 20 15 22 6 10 
-16 24 24 11 2 -17 26 2 11 20 -17 -2 20 16 13 3 9 22 18 11 
26 -6 16 0 20 -15 -18 -7 2 12 -6 10 3 15 6 5 5 8 18 23 
-23 3 22 2 11 10 5 15 21 19 17 26 26 13 11 7 23 14 -26 24 
15 26 -7 27 1 7 -22 19 -7 9 13 7 12 -24 5 11 1 -2 -18 4 
128
1
0 19
19 0
0
0
