20 20
10 10 7 -4 20 8 -20 11 7 5 20 19 4 -16 20 20 6 -12 21 -10 
5 -13 10 20 -15 11 -5 -3 17 -12 -18 15 11 -12 -13 3 7 21 21 5 
-17 10 4 3 2 15 10 8 -8 21 6 -16 13 -12 17 -7 7 16 -14 18 
9 19 18 15 8 14 5 -9 10 12 18 3 -6 5 16 13 15 11 16 -10 
8 16 7 4 -12 5 -14 4 1 18 7 6 18 2 2 6 3 3 6 15 
16 17 11 -11 18 8 -7 16 17 6 13 11 16 4 15 -3 12 3 20 19 
21 -1 7 -7 7 -7 0 16 -14 11 18 7 10 9 0 7 -11 3 3 -20 
10 8 8 7 8 20 -5 19 18 8 0 10 -7 11 1 12 2 -19 6 -17 
11 14 -17 -20 9 2 18 3 1 15 8 7 12 2 4 5 2 -12 4 -16 
4 0 -4 6 1 12 17 -10 -21 10 -6 4 14 17 1 8 14 21 16 12 
12 16 21 14 8 1 17 14 4 -6 10 -21 -10 17 12 1 6 -4 0 4 
-16 4 -12 2 5 4 2 12 7 8 15 1 3 18 2 9 -20 -17 14 11 
-17 6 -19 2 12 1 11 -7 10 0 8 18 19 -5 20 8 7 8 8 10 
-20 3 3 -11 7 0 9 10 7 18 11 -14 16 0 -7 7 -7 7 -1 21 
19 20 3 12 -3 15 4 16 11 13 6 17 16 -7 8 18 -11 11 17 16 
15 6 3 3 6 2 2 18 6 7 18 1 4 -14 5 -12 4 7 16 8 
-10 16 11 15 13 16 5 -6 3 18 12 10 -9 5 14 8 15 18 19 9 
18 -14 16 7 -7 17 -12 13 -16 6 21 -8 8 10 15 2 3 4 10 -17 
5 21 21 7 3 -13 -12 11 15 -18 -12 17 -3 -5 11 -15 20 10 -13 5 
-10 21 -12 6 20 20 -16 4 19 20 5 7 11 -20 8 20 -4 7 10 10 
176
1
16 0
3 19
0
0
