20 20
16 1 -14 3 13 3 -7 4 5 5 -7 11 6 1 11 10 15 -10 11 6 
-5 10 9 5 4 -9 11 9 14 -14 12 -13 13 16 10 12 -15 14 -1 7 
8 2 5 -7 11 2 13 5 -12 0 6 13 9 16 3 -2 -1 5 15 -10 
5 14 8 15 2 1 -15 4 2 9 1 2 -6 7 2 -6 -2 -4 -9 2 
2 -2 14 -14 -16 12 1 13 -15 12 4 -11 10 16 7 1 -3 14 -5 5 
-9 8 16 12 14 13 2 13 16 2 16 11 13 2 5 -14 5 -13 13 14 
0 3 3 -11 -6 15 11 15 8 -16 9 9 9 2 8 -16 -13 -1 3 10 
16 14 14 9 16 9 13 15 13 10 2 -14 12 15 7 1 11 2 16 6 
14 11 5 16 -1 11 -6 9 3 -4 6 11 -10 6 1 4 -5 3 14 -13 
1 7 10 4 4 2 4 1 8 2 14 -5 10 13 2 1 3 -7 3 4 
4 3 -7 3 1 2 13 10 -5 14 2 8 1 4 2 4 4 10 7 1 
-13 14 3 -5 4 1 6 -10 11 6 -4 3 9 -6 11 -1 16 5 11 14 
6 16 2 11 1 7 15 12 -14 2 10 13 15 13 9 16 9 14 14 16 
10 3 -1 -13 -16 8 2 9 9 9 -16 8 15 11 15 -6 -11 3 3 0 
14 13 -13 5 -14 5 2 13 11 16 2 16 13 2 13 14 12 16 8 -9 
5 -5 14 -3 1 7 16 10 -11 4 12 -15 13 1 12 -16 -14 14 -2 2 
2 -9 -4 -2 -6 2 7 -6 2 1 9 2 4 -15 1 2 15 8 14 5 
-10 15 5 -1 -2 3 16 9 13 6 0 -12 5 13 2 11 -7 5 2 8 
7 -1 14 -15 12 10 16 13 -13 12 -14 14 9 11 -9 4 5 9 10 -5 
6 11 -10 15 10 11 1 6 11 -7 5 5 4 -7 3 13 3 -14 1 16 
82
1
18 4
1 15
0
0
