20 20
-6 3 8 0 -2 2 11 3 -1 -11 -5 6 9 5 2 -11 -9 13 6 0 
-7 5 3 12 0 7 2 -9 0 10 11 6 -4 7 2 -4 5 13 3 10 
8 1 5 9 12 -6 10 -13 12 5 6 2 -11 9 8 11 10 7 -12 5 
-11 4 -6 -6 -2 -8 9 5 7 6 10 10 13 2 -11 4 4 8 12 -11 
0 2 -7 1 8 4 -13 1 9 12 3 -4 -4 10 0 -10 3 11 7 5 
7 11 8 11 8 -7 -7 0 3 13 2 -7 -7 -8 13 6 -4 12 2 13 
-5 13 -13 4 12 2 7 3 1 13 1 7 10 10 1 7 -11 13 5 13 
1 3 8 -1 3 3 4 3 13 7 10 -2 3 11 2 6 0 -8 8 0 
7 7 -11 9 4 1 -8 2 5 -9 10 12 9 6 7 -13 5 3 11 1 
12 10 7 4 -8 8 3 9 12 -8 8 -4 1 -2 13 7 6 -13 3 1 
1 3 -13 6 7 13 -2 1 -4 8 -8 12 9 3 8 -8 4 7 10 12 
1 11 3 5 -13 7 6 9 12 10 -9 5 2 -8 1 4 9 -11 7 7 
0 8 -8 0 6 2 11 3 -2 10 7 13 3 4 3 3 -1 8 3 1 
13 5 13 -11 7 1 10 10 7 1 13 1 3 7 2 12 4 -13 13 -5 
13 2 12 -4 6 13 -8 -7 -7 2 13 3 0 -7 -7 8 11 8 11 7 
5 7 11 3 -10 0 10 -4 -4 3 12 9 1 -13 4 8 1 -7 2 0 
-11 12 8 4 4 -11 2 13 10 10 6 7 5 9 -8 -2 -6 -6 4 -11 
5 -12 7 10 11 8 9 -11 2 6 5 12 -13 10 -6 12 9 5 1 8 
10 3 13 5 -4 2 7 -4 6 11 10 0 -9 2 7 0 12 3 5 -7 
0 6 13 -9 -11 2 5 9 6 -5 -11 -1 3 11 2 -2 0 8 3 -6 
174
1
5 6
14 13
0
0
