20 20
-13 14 16 5 17 7 -17 9 -22 -8 3 18 1 9 -23 -7 12 17 14 21 
-5 12 8 8 1 2 -7 -20 -12 22 12 2 21 15 -21 -6 11 6 4 -5 
4 9 21 22 9 2 14 0 19 8 2 19 13 4 -16 21 20 8 18 -11 
17 -13 14 1 6 4 3 21 5 16 -3 23 17 16 20 8 12 0 1 -12 
-2 8 13 16 15 21 16 19 8 -23 9 4 22 22 16 4 22 -5 6 4 
15 20 4 -14 16 7 21 24 15 13 16 0 12 -15 14 6 -16 2 22 14 
16 -6 2 -21 16 3 7 24 12 14 3 0 -18 3 2 14 18 23 -18 -5 
9 5 9 23 -17 23 -2 1 -9 10 13 24 -4 11 3 23 17 -19 -21 18 
8 24 6 -4 4 19 5 -5 1 19 -3 9 17 5 11 20 8 -11 -11 -3 
1 -2 19 5 7 0 15 -20 14 12 0 23 15 -19 10 3 -18 21 10 1 
1 10 21 -18 3 10 -19 15 23 0 12 14 -20 15 0 7 5 19 -2 1 
-3 -11 -11 8 20 11 5 17 9 -3 19 1 -5 5 19 4 -4 6 24 8 
18 -21 -19 17 23 3 11 -4 24 13 10 -9 1 -2 23 -17 23 9 5 9 
-5 -18 23 18 14 2 3 -18 0 3 14 12 24 7 3 16 -21 2 -6 16 
14 22 2 -16 6 14 -15 12 0 16 13 15 24 21 7 16 -14 4 20 15 
4 6 -5 22 4 16 22 22 4 9 -23 8 19 16 21 15 16 13 8 -2 
-12 1 0 12 8 20 16 17 23 -3 16 5 21 3 4 6 1 14 -13 17 
-11 18 8 20 21 -16 4 13 19 2 8 19 0 14 2 9 22 21 9 4 
-5 4 6 11 -6 -21 15 21 2 12 22 -12 -20 -7 2 1 8 8 12 -5 
21 14 17 12 -7 -23 9 1 18 3 -8 -22 9 -17 7 17 5 16 14 -13 
84
1
16 0
3 19
0
0
