20 20
-11 21 24 12 -3 -12 -28 18 5 11 8 11 27 -19 -26 6 10 7 7 -15 
6 27 16 10 18 18 5 -28 27 24 20 11 8 15 8 12 16 -13 -11 -21 
-1 22 22 25 23 18 29 30 -16 9 15 1 -7 28 -13 28 21 2 7 -24 
-27 10 1 23 11 -7 26 25 12 -23 11 1 12 6 -25 11 6 13 6 10 
27 24 25 13 13 -11 4 9 15 -24 28 -7 -6 27 15 11 29 18 30 -25 
19 -15 13 1 19 6 13 10 22 25 18 -9 20 26 -2 4 -17 7 20 12 
-8 4 -11 -5 7 9 1 7 16 6 -10 -25 2 16 26 28 30 -25 18 28 
-25 29 -1 15 6 -21 -13 -24 7 -20 17 -22 5 12 -6 1 -21 29 3 28 
-27 1 -16 23 2 11 26 16 21 5 4 -7 11 3 5 -17 21 18 -28 6 
22 -26 -27 10 10 14 3 10 -15 27 17 29 9 9 19 21 17 2 15 2 
2 15 2 17 21 19 9 9 29 17 27 -15 10 3 14 10 10 -27 -26 22 
6 -28 18 21 -17 5 3 11 -7 4 5 21 16 26 11 2 23 -16 1 -27 
28 3 29 -21 1 -6 12 5 -22 17 -20 7 -24 -13 -21 6 15 -1 29 -25 
28 18 -25 30 28 26 16 2 -25 -10 6 16 7 1 9 7 -5 -11 4 -8 
12 20 7 -17 4 -2 26 20 -9 18 25 22 10 13 6 19 1 13 -15 19 
-25 30 18 29 11 15 27 -6 -7 28 -24 15 9 4 -11 13 13 25 24 27 
10 6 13 6 11 -25 6 12 1 11 -23 12 25 26 -7 11 23 1 10 -27 
-24 7 2 21 28 -13 28 -7 1 15 9 -16 30 29 18 23 25 22 22 -1 
-21 -11 -13 16 12 8 15 8 11 20 24 27 -28 5 18 18 10 16 27 6 
-15 7 7 10 6 -26 -19 27 11 8 11 5 18 -28 -12 -3 12 24 21 -11 
60
1
2 10
17 9
0
0
