20 20
4 11 3 6 2 9 5 -2 15 -10 14 5 7 10 9 16 12 6 -9 14 
0 6 13 -9 -1 11 -9 -9 -14 -10 -16 15 1 13 -10 13 10 16 12 4 
5 5 -13 9 14 8 -11 -16 13 -1 -1 10 4 0 -3 1 13 -4 -13 16 
4 15 16 8 -5 -7 14 2 6 6 8 12 6 13 10 12 1 5 2 1 
5 -16 14 1 10 4 1 -7 3 2 1 13 5 -3 8 6 -3 7 1 -1 
-4 -12 15 -11 9 13 12 4 14 1 -6 -11 1 -2 16 14 9 -14 -11 -1 
16 9 10 5 8 16 6 12 1 9 0 -7 -9 1 -14 4 16 -6 12 1 
6 7 14 -10 13 6 4 7 -6 8 7 0 2 1 16 3 10 9 9 -6 
0 -8 6 -8 16 7 2 7 14 6 14 11 -8 6 -6 2 -14 9 14 -2 
15 3 13 5 0 7 -1 -15 -1 16 2 7 7 9 8 12 11 2 3 2 
2 3 2 11 12 8 9 7 7 2 16 -1 -15 -1 7 0 5 13 3 15 
-2 14 9 -14 2 -6 6 -8 11 14 6 14 7 2 7 16 -8 6 -8 0 
-6 9 9 10 3 16 1 2 0 7 8 -6 7 4 6 13 -10 14 7 6 
1 12 -6 16 4 -14 1 -9 -7 0 9 1 12 6 16 8 5 10 9 16 
-1 -11 -14 9 14 16 -2 1 -11 -6 1 14 4 12 13 9 -11 15 -12 -4 
-1 1 7 -3 6 8 -3 5 13 1 2 3 -7 1 4 10 1 14 -16 5 
1 2 5 1 12 10 13 6 12 8 6 6 2 14 -7 -5 8 16 15 4 
16 -13 -4 13 1 -3 0 4 10 -1 -1 13 -16 -11 8 14 9 -13 5 5 
4 12 16 10 13 -10 13 1 15 -16 -10 -14 -9 -9 11 -1 -9 13 6 0 
14 -9 6 12 16 9 10 7 5 14 -10 15 -2 5 9 2 6 3 11 4 
37
1
1 11
18 8
0
0
