20 20
11 -14 6 5 3 2 9 1 18 8 0 15 3 15 6 -5 13 15 6 6 
-7 15 4 13 -18 11 17 8 -2 9 9 19 -13 -19 8 4 -6 -15 -17 3 
2 7 17 18 2 17 3 1 3 -5 13 2 19 2 12 2 -17 4 -19 2 
5 11 12 -5 0 8 5 18 -9 -18 5 7 -19 12 10 6 6 6 -7 -9 
11 2 1 1 2 6 6 5 -17 8 -12 -1 -14 16 10 -3 -5 -3 19 15 
15 1 2 5 1 -19 16 6 3 13 -6 5 15 -9 13 2 -18 16 12 16 
18 6 15 14 -16 11 18 8 4 -18 4 9 -15 6 17 13 8 11 13 -3 
-14 -15 6 -6 9 13 1 -13 18 6 18 6 0 -2 19 8 -13 3 -3 4 
-14 -8 2 15 -6 6 7 -6 15 19 10 4 18 8 18 4 1 16 9 -11 
-16 9 4 -17 11 -12 -7 1 16 10 1 10 9 9 -16 1 -14 2 19 18 
18 19 2 -14 1 -16 9 9 10 1 10 16 1 -7 -12 11 -17 4 9 -16 
-11 9 16 1 4 18 8 18 4 10 19 15 -6 7 6 -6 15 2 -8 -14 
4 -3 3 -13 8 19 -2 0 6 18 6 18 -13 1 13 9 -6 6 -15 -14 
-3 13 11 8 13 17 6 -15 9 4 -18 4 8 18 11 -16 14 15 6 18 
16 12 16 -18 2 13 -9 15 5 -6 13 3 6 16 -19 1 5 2 1 15 
15 19 -3 -5 -3 10 16 -14 -1 -12 8 -17 5 6 6 2 1 1 2 11 
-9 -7 6 6 6 10 12 -19 7 5 -18 -9 18 5 8 0 -5 12 11 5 
2 -19 4 -17 2 12 2 19 2 13 -5 3 1 3 17 2 18 17 7 2 
3 -17 -15 -6 4 8 -19 -13 19 9 9 -2 8 17 11 -18 13 4 15 -7 
6 6 15 13 -5 6 15 3 15 0 8 18 1 9 2 3 5 6 -14 11 
42
1
18 13
1 6
0
0
