20 20
15 -15 -3 -14 11 -17 14 6 -1 16 1 3 17 -8 4 9 13 4 13 -8 
14 15 -9 9 16 14 -14 16 17 0 17 -4 8 -4 7 9 13 0 -5 17 
11 12 15 13 2 10 9 -6 14 -2 17 -1 12 11 0 6 3 13 1 10 
4 14 8 9 -11 16 8 6 3 17 -9 17 11 -2 -12 14 -5 15 16 13 
12 0 -9 11 9 13 16 17 -2 17 1 4 3 2 9 3 2 5 -11 12 
-14 -13 4 12 0 4 -6 0 8 6 -6 15 -2 10 5 10 14 6 5 -8 
-2 13 1 -10 7 8 9 9 2 -13 -4 4 3 12 7 8 -1 14 16 -14 
-12 2 1 17 14 7 5 13 -4 9 2 8 1 17 -1 3 10 16 9 8 
9 14 16 6 3 4 8 -2 5 3 8 -9 7 8 7 -6 17 16 -12 8 
-13 1 -7 2 3 12 2 -14 4 8 7 9 5 4 7 -6 1 0 3 7 
7 3 0 1 -6 7 4 5 9 7 8 4 -14 2 12 3 2 -7 1 -13 
8 -12 16 17 -6 7 8 7 -9 8 3 5 -2 8 4 3 6 16 14 9 
8 9 16 10 3 -1 17 1 8 2 9 -4 13 5 7 14 17 1 2 -12 
-14 16 14 -1 8 7 12 3 4 -4 -13 2 9 9 8 7 -10 1 13 -2 
-8 5 6 14 10 5 10 -2 15 -6 6 8 0 -6 4 0 12 4 -13 -14 
12 -11 5 2 3 9 2 3 4 1 17 -2 17 16 13 9 11 -9 0 12 
13 16 15 -5 14 -12 -2 11 17 -9 17 3 6 8 16 -11 9 8 14 4 
10 1 13 3 6 0 11 12 -1 17 -2 14 -6 9 10 2 13 15 12 11 
17 -5 0 13 9 7 -4 8 -4 17 0 17 16 -14 14 16 9 -9 15 14 
-8 13 4 13 9 4 -8 17 3 1 16 -1 6 14 -17 11 -14 -3 -15 15 
135
1
10 18
9 1
0
0
