20 20
-3 12 6 -14 -1 1 4 13 16 -5 -6 3 -15 -14 13 16 10 2 -4 13 
2 -7 -8 -4 1 3 -3 -11 13 -10 -7 -9 15 -7 9 4 3 16 8 -11 
-8 12 14 10 16 0 -3 4 -3 4 14 8 10 -14 -5 7 8 1 15 -3 
3 5 9 8 7 -14 13 -11 9 2 15 7 16 5 -14 13 12 5 -3 8 
16 -15 10 -8 7 15 8 4 2 1 -11 0 11 15 9 14 5 5 10 16 
5 13 13 -2 7 2 4 7 15 5 13 3 -8 11 -7 8 13 15 -10 9 
4 -8 1 8 3 1 14 -12 11 -10 10 -10 -6 -1 16 16 10 6 9 -7 
6 6 6 7 -8 9 1 7 -8 -12 5 11 12 -12 13 -5 -9 8 15 -10 
9 -9 11 -12 11 7 8 8 2 2 4 5 14 13 -6 -15 9 3 -13 15 
-1 1 3 -12 9 6 -16 -8 6 8 -12 3 -12 1 1 2 -10 6 15 12 
12 15 6 -10 2 1 1 -12 3 -12 8 6 -8 -16 6 9 -12 3 1 -1 
15 -13 3 9 -15 -6 13 14 5 4 2 2 8 8 7 11 -12 11 -9 9 
-10 15 8 -9 -5 13 -12 12 11 5 -12 -8 7 1 9 -8 7 6 6 6 
-7 9 6 10 16 16 -1 -6 -10 10 -10 11 -12 14 1 3 8 1 -8 4 
9 -10 15 13 8 -7 11 -8 3 13 5 15 7 4 2 7 -2 13 13 5 
16 10 5 5 14 9 15 11 0 -11 1 2 4 8 15 7 -8 10 -15 16 
8 -3 5 12 13 -14 5 16 7 15 2 9 -11 13 -14 7 8 9 5 3 
-3 15 1 8 7 -5 -14 10 8 14 4 -3 4 -3 0 16 10 14 12 -8 
-11 8 16 3 4 9 -7 15 -9 -7 -10 13 -11 -3 3 1 -4 -8 -7 2 
13 -4 2 10 16 13 -14 -15 3 -6 -5 16 13 4 1 -1 -14 6 12 -3 
196
1
18 17
1 2
0
0
