20 20
4 18 22 0 16 -24 21 16 25 24 -9 23 5 -16 10 0 -17 22 24 4 
-20 -22 15 21 11 -23 14 11 15 26 -23 22 -20 17 7 25 -9 20 4 26 
-1 2 21 -15 17 25 3 6 12 3 1 -14 22 18 15 18 10 11 4 12 
3 0 -21 -16 20 9 -14 13 -2 16 15 2 17 -6 -7 0 2 8 9 25 
21 25 21 14 15 -1 0 -11 -21 5 1 -14 21 22 2 -5 21 -9 -5 22 
13 4 23 21 -3 6 5 24 -22 3 21 19 14 -21 6 -23 10 14 -7 21 
-3 -15 -8 21 5 26 19 6 0 -10 7 5 24 -3 -24 12 13 -24 23 11 
3 9 0 5 0 23 7 4 10 10 17 12 3 22 15 20 5 1 26 4 
13 -12 6 -18 24 25 25 11 20 -23 -20 23 3 3 -7 13 3 7 10 -16 
16 25 -26 -11 23 15 11 18 23 13 21 7 1 22 5 3 24 -7 26 25 
25 26 -7 24 3 5 22 1 7 21 13 23 18 11 15 23 -11 -26 25 16 
-16 10 7 3 13 -7 3 3 23 -20 -23 20 11 25 25 24 -18 6 -12 13 
4 26 1 5 20 15 22 3 12 17 10 10 4 7 23 0 5 0 9 3 
11 23 -24 13 12 -24 -3 24 5 7 -10 0 6 19 26 5 21 -8 -15 -3 
21 -7 14 10 -23 6 -21 14 19 21 3 -22 24 5 6 -3 21 23 4 13 
22 -5 -9 21 -5 2 22 21 -14 1 5 -21 -11 0 -1 15 14 21 25 21 
25 9 8 2 0 -7 -6 17 2 15 16 -2 13 -14 9 20 -16 -21 0 3 
12 4 11 10 18 15 18 22 -14 1 3 12 6 3 25 17 -15 21 2 -1 
26 4 20 -9 25 7 17 -20 22 -23 26 15 11 14 -23 11 21 15 -22 -20 
4 24 22 -17 0 10 -16 5 23 -9 24 25 16 21 -24 16 0 22 18 4 
168
1
19 15
0 4
0
0
