20 20
18 8 29 20 15 -4 19 21 8 23 -29 -20 11 18 23 10 11 29 26 20 
26 2 16 -10 11 -12 2 24 -28 6 21 28 2 -11 4 27 -27 2 -17 19 
2 3 4 16 20 9 8 5 13 27 3 26 -1 -5 4 21 20 2 1 27 
15 24 6 17 -3 -17 1 23 -12 27 -29 6 23 -6 6 23 29 2 6 -20 
26 20 21 16 -22 -11 6 -6 5 -20 -28 -13 11 -16 -24 1 -5 16 7 7 
-26 7 -23 10 -18 13 -19 29 17 -6 -17 -5 15 24 16 12 23 8 5 2 
9 9 17 7 26 17 -25 18 6 29 28 -1 28 15 19 4 24 19 8 29 
29 25 -10 22 15 7 -5 8 27 -10 29 27 -24 23 29 29 27 21 8 1 
-29 1 28 10 -14 23 26 -8 -23 -7 -18 11 26 -29 8 -2 9 15 1 -19 
0 -24 4 -13 29 8 24 26 16 -17 0 9 2 15 24 26 27 17 -16 29 
29 -16 17 27 26 24 15 2 9 0 -17 16 26 24 8 29 -13 4 -24 0 
-19 1 15 9 -2 8 -29 26 11 -18 -7 -23 -8 26 23 -14 10 28 1 -29 
1 8 21 27 29 29 23 -24 27 29 -10 27 8 -5 7 15 22 -10 25 29 
29 8 19 24 4 19 15 28 -1 28 29 6 18 -25 17 26 7 17 9 9 
2 5 8 23 12 16 24 15 -5 -17 -6 17 29 -19 13 -18 10 -23 7 -26 
7 7 16 -5 1 -24 -16 11 -13 -28 -20 5 -6 6 -11 -22 16 21 20 26 
-20 6 2 29 23 6 -6 23 6 -29 27 -12 23 1 -17 -3 17 6 24 15 
27 1 2 20 21 4 -5 -1 26 3 27 13 5 8 9 20 16 4 3 2 
19 -17 2 -27 27 4 -11 2 28 21 6 -28 24 2 -12 11 -10 16 2 26 
20 26 29 11 10 23 18 11 -20 -29 23 8 21 19 -4 15 20 29 8 18 
74
1
3 18
16 1
0
0
