20 20
11 -6 -6 4 2 -2 8 -3 -5 5 7 3 11 -4 3 11 11 6 2 0 
11 -7 11 -2 -5 5 3 6 -9 -1 -1 10 4 6 4 2 -11 3 10 -8 
8 6 11 -11 9 7 7 -3 10 10 8 6 10 11 11 6 -5 10 2 -1 
5 -5 5 5 -3 8 7 4 9 -5 -2 3 -11 10 4 0 -3 -6 10 6 
10 11 5 5 11 5 6 1 3 5 5 8 6 8 5 1 8 7 4 4 
9 11 3 4 11 -2 2 -6 4 -2 -6 -11 6 -1 -10 1 5 -6 -2 -1 
5 -7 2 2 -10 11 7 5 3 1 4 2 7 8 1 1 1 3 5 1 
-3 6 0 -10 7 4 5 -2 6 6 2 1 2 5 5 10 -1 4 0 2 
-7 3 5 8 2 -4 -4 3 5 -3 10 -9 9 2 8 4 3 5 3 4 
-2 -1 3 9 8 3 -9 9 11 4 4 0 -5 6 3 9 -3 11 6 8 
8 6 11 -3 9 3 6 -5 0 4 4 11 9 -9 3 8 9 3 -1 -2 
4 3 5 3 4 8 2 9 -9 10 -3 5 3 -4 -4 2 8 5 3 -7 
2 0 4 -1 10 5 5 2 1 2 6 6 -2 5 4 7 -10 0 6 -3 
1 5 3 1 1 1 8 7 2 4 1 3 5 7 11 -10 2 2 -7 5 
-1 -2 -6 5 1 -10 -1 6 -11 -6 -2 4 -6 2 -2 11 4 3 11 9 
4 4 7 8 1 5 8 6 8 5 5 3 1 6 5 11 5 5 11 10 
6 10 -6 -3 0 4 10 -11 3 -2 -5 9 4 7 8 -3 5 5 -5 5 
-1 2 10 -5 6 11 11 10 6 8 10 10 -3 7 7 9 -11 11 6 8 
-8 10 3 -11 2 4 6 4 10 -1 -1 -9 6 3 5 -5 -2 11 -7 11 
0 2 6 11 11 3 -4 11 3 7 5 -5 -3 8 -2 2 4 -6 -6 11 
57
1
11 2
8 17
0
0
