20 20
-18 22 25 -24 -22 4 7 19 3 -19 19 16 11 -10 13 7 9 18 10 2 
5 7 0 -18 14 14 17 5 15 1 11 7 2 2 2 5 17 -25 24 15 
17 -19 3 4 -10 0 16 12 -5 23 24 11 -2 16 6 -24 10 21 -1 5 
21 23 6 7 12 -20 17 -25 9 19 -19 6 25 17 17 -25 -8 0 -20 23 
2 -16 14 -4 -21 16 4 -19 0 -2 -13 15 20 -17 20 5 21 1 -18 3 
-13 3 11 -25 -2 -23 -19 19 8 1 12 18 9 13 10 12 2 16 24 18 
19 2 -23 15 4 19 14 12 12 18 -22 9 2 0 19 -18 -16 18 5 1 
-13 18 18 8 3 -22 25 21 11 3 -16 1 22 20 15 21 -19 4 24 7 
12 -17 0 9 11 -19 17 8 25 -18 17 1 18 -18 -22 14 1 16 1 2 
2 -14 -23 14 19 24 14 18 14 18 -7 -19 -18 20 15 23 12 12 -10 19 
19 -10 12 12 23 15 20 -18 -19 -7 18 14 18 14 24 19 14 -23 -14 2 
2 1 16 1 14 -22 -18 18 1 17 -18 25 8 17 -19 11 9 0 -17 12 
7 24 4 -19 21 15 20 22 1 -16 3 11 21 25 -22 3 8 18 18 -13 
1 5 18 -16 -18 19 0 2 9 -22 18 12 12 14 19 4 15 -23 2 19 
18 24 16 2 12 10 13 9 18 12 1 8 19 -19 -23 -2 -25 11 3 -13 
3 -18 1 21 5 20 -17 20 15 -13 -2 0 -19 4 16 -21 -4 14 -16 2 
23 -20 0 -8 -25 17 17 25 6 -19 19 9 -25 17 -20 12 7 6 23 21 
5 -1 21 10 -24 6 16 -2 11 24 23 -5 12 16 0 -10 4 3 -19 17 
15 24 -25 17 5 2 2 2 7 11 1 15 5 17 14 14 -18 0 7 5 
2 10 18 9 7 13 -10 11 16 19 -19 3 19 7 4 -22 -24 25 22 -18 
63
1
0 9
19 10
0
0
