20 20
3 4 -10 3 5 4 -7 -7 -7 3 -4 -7 9 5 4 -7 -13 13 7 6 
12 6 6 1 5 11 2 3 -13 8 13 4 11 11 -11 -13 13 11 -7 6 
10 -11 13 6 5 1 -2 -9 -7 6 5 5 -7 4 3 7 10 7 12 10 
9 5 1 -9 -8 5 -1 7 10 2 4 12 13 6 1 11 4 1 1 3 
9 8 10 -11 13 11 3 1 6 -13 4 13 6 10 2 -7 10 11 9 7 
5 7 1 -12 2 13 -6 8 -1 8 1 13 1 2 11 13 3 3 11 13 
5 11 13 5 -4 3 13 -10 -7 5 2 2 4 13 13 -10 4 1 12 5 
3 13 5 -10 -7 4 1 5 12 6 7 -10 12 12 5 4 13 7 5 12 
12 9 12 0 10 5 11 4 -4 -10 -2 0 11 7 11 -11 3 10 9 2 
-3 -4 11 -12 12 5 6 -11 2 1 13 -12 -5 7 7 11 11 11 10 -2 
-2 10 11 11 11 7 7 -5 -12 13 1 2 -11 6 5 12 -12 11 -4 -3 
2 9 10 3 -11 11 7 11 0 -2 -10 -4 4 11 5 10 0 12 9 12 
12 5 7 13 4 5 12 12 -10 7 6 12 5 1 4 -7 -10 5 13 3 
5 12 1 4 -10 13 13 4 2 2 5 -7 -10 13 3 -4 5 13 11 5 
13 11 3 3 13 11 2 1 13 1 8 -1 8 -6 13 2 -12 1 7 5 
7 9 11 10 -7 2 10 6 13 4 -13 6 1 3 11 13 -11 10 8 9 
3 1 1 4 11 1 6 13 12 4 2 10 7 -1 5 -8 -9 1 5 9 
10 12 7 10 7 3 4 -7 5 5 6 -7 -9 -2 1 5 6 13 -11 10 
6 -7 11 13 -13 -11 11 11 4 13 8 -13 3 2 11 5 1 6 6 12 
6 7 13 -13 -7 4 5 9 -7 -4 3 -7 -7 -7 4 5 3 -10 4 3 
62
1
5 7
14 12
0
0
