20 20
1 -11 5 8 20 -6 14 12 3 10 12 16 16 -13 3 17 11 19 6 1 
-6 -20 6 -7 18 -16 13 3 -12 17 17 15 -2 -17 8 18 12 1 7 19 
8 -4 1 10 4 -20 13 6 7 13 15 12 -9 18 14 12 18 -8 10 20 
1 10 -8 4 14 11 0 5 20 -9 11 -4 14 10 -8 13 16 16 -10 -4 
18 1 -7 20 13 6 4 6 8 -18 12 19 8 5 6 1 -1 -19 0 3 
9 1 9 7 7 12 2 6 9 3 20 2 -3 8 -19 11 1 12 -18 12 
9 -15 10 -19 -12 8 1 -7 8 -17 -3 -14 0 20 11 10 -18 -12 5 1 
10 -18 16 12 -20 18 8 -12 -6 11 9 6 15 -6 12 7 17 -12 20 -1 
-2 11 8 19 -15 9 14 18 -20 6 -11 5 16 7 7 19 -2 2 9 7 
-7 -12 8 11 20 -2 13 -5 -4 -14 11 3 11 2 6 14 -13 15 10 9 
9 10 15 -13 14 6 2 11 3 11 -14 -4 -5 13 -2 20 11 8 -12 -7 
7 9 2 -2 19 7 7 16 5 -11 6 -20 18 14 9 -15 19 8 11 -2 
-1 20 -12 17 7 12 -6 15 6 9 11 -6 -12 8 18 -20 12 16 -18 10 
1 5 -12 -18 10 11 20 0 -14 -3 -17 8 -7 1 8 -12 -19 10 -15 9 
12 -18 12 1 11 -19 8 -3 2 20 3 9 6 2 12 7 7 9 1 9 
3 0 -19 -1 1 6 5 8 19 12 -18 8 6 4 6 13 20 -7 1 18 
-4 -10 16 16 13 -8 10 14 -4 11 -9 20 5 0 11 14 4 -8 10 1 
20 10 -8 18 12 14 18 -9 12 15 13 7 6 13 -20 4 10 1 -4 8 
19 7 1 12 18 8 -17 -2 15 17 17 -12 3 13 -16 18 -7 6 -20 -6 
1 6 19 11 17 3 -13 16 16 12 10 3 12 14 -6 20 8 5 -11 1 
61
1
3 2
16 17
0
0
