20 20
1 -12 0 10 4 5 -11 5 2 -7 11 10 11 11 -12 8 4 12 -10 5 
-1 9 -2 10 1 9 7 -11 -10 10 -7 4 -7 3 2 11 1 6 -9 -9 
11 -7 2 7 2 -12 10 7 -10 12 4 2 10 7 2 1 -9 1 4 -12 
11 12 9 1 9 -3 0 0 12 7 -11 3 10 -1 4 -11 6 5 1 9 
2 -1 4 6 7 12 6 12 2 -9 9 6 -5 -4 -2 9 12 3 -1 5 
10 2 -3 7 6 2 -5 1 5 11 -9 2 -6 -8 9 6 8 11 4 1 
11 -12 10 -2 -3 3 -1 11 1 5 9 1 4 -10 1 -10 10 -1 7 11 
4 12 -7 12 5 11 6 -4 5 12 10 2 8 1 12 0 2 3 3 3 
6 6 1 11 2 -7 10 2 6 11 -4 11 12 4 6 -7 -5 10 12 12 
-6 -9 7 9 -3 1 7 1 4 4 9 -5 11 10 2 8 -11 11 7 4 
4 7 11 -11 8 2 10 11 -5 9 4 4 1 7 1 -3 9 7 -9 -6 
12 12 10 -5 -7 6 4 12 11 -4 11 6 2 10 -7 2 11 1 6 6 
3 3 3 2 0 12 1 8 2 10 12 5 -4 6 11 5 12 -7 12 4 
11 7 -1 10 -10 1 -10 4 1 9 5 1 11 -1 3 -3 -2 10 -12 11 
1 4 11 8 6 9 -8 -6 2 -9 11 5 1 -5 2 6 7 -3 2 10 
5 -1 3 12 9 -2 -4 -5 6 9 -9 2 12 6 12 7 6 4 -1 2 
9 1 5 6 -11 4 -1 10 3 -11 7 12 0 0 -3 9 1 9 12 11 
-12 4 1 -9 1 2 7 10 2 4 12 -10 7 10 -12 2 7 2 -7 11 
-9 -9 6 1 11 2 3 -7 4 -7 10 -10 -11 7 9 1 10 -2 9 -1 
5 -10 12 4 8 -12 11 11 10 11 -7 2 5 -11 5 4 10 0 -12 1 
46
1
2 13
17 6
0
0
