20 20
24 4 6 -1 6 -26 19 8 -28 30 5 13 -25 16 -15 -15 22 3 27 11 
4 0 13 22 16 -6 19 29 -29 -1 23 11 15 3 -15 17 21 -9 -4 26 
26 27 -3 25 -27 14 14 9 10 27 22 9 0 2 11 8 -21 12 -9 13 
25 15 2 -15 -9 -14 5 -8 19 25 26 27 -11 13 27 26 10 24 20 7 
28 20 14 30 16 6 2 -27 0 -1 -19 7 -25 8 11 10 0 -28 25 -18 
30 21 5 1 7 2 1 23 11 18 22 5 12 1 -27 8 26 3 -16 -16 
9 9 23 12 22 4 8 10 -18 -18 -1 29 13 10 7 16 22 -10 -19 19 
9 28 -29 14 16 29 24 21 -3 9 26 21 2 18 4 3 20 20 17 25 
15 13 15 -7 17 7 5 -23 18 29 -13 16 24 7 18 27 -23 27 19 30 
9 30 -26 26 5 19 -29 27 -12 22 13 -9 13 22 8 15 -26 14 20 -23 
-23 20 14 -26 15 8 22 13 -9 13 22 -12 27 -29 19 5 26 -26 30 9 
30 19 27 -23 27 18 7 24 16 -13 29 18 -23 5 7 17 -7 15 13 15 
25 17 20 20 3 4 18 2 21 26 9 -3 21 24 29 16 14 -29 28 9 
19 -19 -10 22 16 7 10 13 29 -1 -18 -18 10 8 4 22 12 23 9 9 
-16 -16 3 26 8 -27 1 12 5 22 18 11 23 1 2 7 1 5 21 30 
-18 25 -28 0 10 11 8 -25 7 -19 -1 0 -27 2 6 16 30 14 20 28 
7 20 24 10 26 27 13 -11 27 26 25 19 -8 5 -14 -9 -15 2 15 25 
13 -9 12 -21 8 11 2 0 9 22 27 10 9 14 14 -27 25 -3 27 26 
26 -4 -9 21 17 -15 3 15 11 23 -1 -29 29 19 -6 16 22 13 0 4 
11 27 3 22 -15 -15 16 -25 13 5 30 -28 8 19 -26 6 -1 6 4 24 
146
1
3 19
16 0
0
0
