20 20
8 1 11 6 14 14 -14 15 3 4 -8 10 11 2 8 12 13 -2 7 -3 
0 12 15 8 8 -10 -15 5 -3 11 4 15 0 2 13 13 1 10 12 -9 
-6 -14 1 5 13 -10 -6 14 5 6 -14 6 6 -2 3 9 3 11 9 -5 
5 -2 11 2 7 -4 7 5 10 0 4 -5 6 6 -1 -12 -11 14 -6 7 
9 1 14 1 7 2 13 -4 5 2 -10 2 13 8 2 1 -8 2 0 10 
11 6 -2 14 13 3 3 8 3 9 10 -14 -8 0 14 10 13 11 11 13 
2 8 7 7 -3 -13 -1 15 6 11 11 3 11 7 -6 11 11 4 4 -13 
7 8 -7 -6 -10 3 -1 -4 0 9 1 15 -9 9 8 1 13 15 6 -12 
15 4 -4 1 8 7 6 14 14 8 11 6 -14 14 5 3 -5 6 14 11 
5 -12 8 -8 14 -7 7 -1 5 2 11 9 -2 11 13 3 12 9 8 3 
3 8 9 12 3 13 11 -2 9 11 2 5 -1 7 -7 14 -8 8 -12 5 
11 14 6 -5 3 5 14 -14 6 11 8 14 14 6 7 8 1 -4 4 15 
-12 6 15 13 1 8 9 -9 15 1 9 0 -4 -1 3 -10 -6 -7 8 7 
-13 4 4 11 11 -6 7 11 3 11 11 6 15 -1 -13 -3 7 7 8 2 
13 11 11 13 10 14 0 -8 -14 10 9 3 8 3 3 13 14 -2 6 11 
10 0 2 -8 1 2 8 13 2 -10 2 5 -4 13 2 7 1 14 1 9 
7 -6 14 -11 -12 -1 6 6 -5 4 0 10 5 7 -4 7 2 11 -2 5 
-5 9 11 3 9 3 -2 6 6 -14 6 5 14 -6 -10 13 5 1 -14 -6 
-9 12 10 1 13 13 2 0 15 4 11 -3 5 -15 -10 8 8 15 12 0 
-3 7 -2 13 12 8 2 11 10 -8 4 3 15 -14 14 14 6 11 1 8 
77
1
4 13
15 6
0
0
