20 20
12 1 3 -2 1 -11 7 9 -5 9 -11 -10 5 12 3 8 -12 11 5 -7 
9 1 1 4 5 5 7 2 8 5 6 3 7 4 4 5 -6 1 12 8 
11 0 9 12 -5 11 2 7 12 2 -4 10 2 5 3 10 11 3 11 9 
-12 -3 2 1 11 -12 -6 -6 10 10 2 -7 -1 -8 10 3 10 -10 -1 12 
-3 11 6 11 -9 9 1 5 2 11 3 -11 9 1 -12 -11 1 8 9 -9 
0 1 5 -4 12 6 4 10 5 -11 12 4 2 12 7 3 5 2 10 -8 
-9 2 -10 -9 3 6 -4 10 11 5 1 0 2 -9 -6 1 -12 4 5 5 
12 10 7 1 4 -11 11 11 7 7 -6 -8 8 4 2 1 -12 7 1 2 
-3 3 2 8 -8 -3 -8 2 6 11 -9 9 -6 10 10 10 4 5 3 0 
9 1 8 6 3 3 0 7 12 4 6 12 3 9 -5 -6 -4 6 0 4 
4 0 6 -4 -6 -5 9 3 12 6 4 12 7 0 3 3 6 8 1 9 
0 3 5 4 10 10 10 -6 9 -9 11 6 2 -8 -3 -8 8 2 3 -3 
2 1 7 -12 1 2 4 8 -8 -6 7 7 11 11 -11 4 1 7 10 12 
5 5 4 -12 1 -6 -9 2 0 1 5 11 10 -4 6 3 -9 -10 2 -9 
-8 10 2 5 3 7 12 2 4 12 -11 5 10 4 6 12 -4 5 1 0 
-9 9 8 1 -11 -12 1 9 -11 3 11 2 5 1 9 -9 11 6 11 -3 
12 -1 -10 10 3 10 -8 -1 -7 2 10 10 -6 -6 -12 11 1 2 -3 -12 
9 11 3 11 10 3 5 2 10 -4 2 12 7 2 11 -5 12 9 0 11 
8 12 1 -6 5 4 4 7 3 6 5 8 2 7 5 5 4 1 1 9 
-7 5 11 -12 8 3 12 5 -10 -11 9 -5 9 7 -11 1 -2 3 1 12 
92
1
6 7
13 12
0
0
