20 20
-5 10 13 23 2 -7 26 -18 5 15 15 10 22 10 -14 4 -25 11 17 25 
2 18 19 -9 10 26 9 9 -25 5 3 17 -5 3 9 24 -22 2 12 5 
-14 28 21 28 -7 18 -15 16 21 11 0 18 23 -25 -20 29 -9 10 19 29 
-11 17 16 14 20 6 -8 -12 -6 29 9 7 23 29 -5 7 20 23 2 -9 
-11 22 20 27 11 2 8 15 20 6 9 7 5 27 -13 26 6 2 23 11 
7 23 15 1 15 19 15 28 4 29 26 6 10 25 4 18 -7 -20 18 22 
9 2 0 22 13 -2 -13 12 14 12 24 11 -1 29 -3 11 26 10 -7 11 
5 -6 5 7 10 28 23 10 20 6 21 -12 6 25 -7 4 24 28 17 21 
16 12 -28 14 28 17 7 -28 27 -3 19 2 6 14 17 -7 21 -2 2 11 
22 1 3 13 8 20 17 -20 23 17 15 4 -27 12 15 17 4 9 1 20 
20 1 9 4 17 15 12 -27 4 15 17 23 -20 17 20 8 13 3 1 22 
11 2 -2 21 -7 17 14 6 2 19 -3 27 -28 7 17 28 14 -28 12 16 
21 17 28 24 4 -7 25 6 -12 21 6 20 10 23 28 10 7 5 -6 5 
11 -7 10 26 11 -3 29 -1 11 24 12 14 12 -13 -2 13 22 0 2 9 
22 18 -20 -7 18 4 25 10 6 26 29 4 28 15 19 15 1 15 23 7 
11 23 2 6 26 -13 27 5 7 9 6 20 15 8 2 11 27 20 22 -11 
-9 2 23 20 7 -5 29 23 7 9 29 -6 -12 -8 6 20 14 16 17 -11 
29 19 10 -9 29 -20 -25 23 18 0 11 21 16 -15 18 -7 28 21 28 -14 
5 12 2 -22 24 9 3 -5 17 3 5 -25 9 9 26 10 -9 19 18 2 
25 17 11 -25 4 -14 10 22 10 15 15 5 -18 26 -7 2 23 13 10 -5 
43
1
7 13
12 6
0
0
