20 20
-22 23 14 9 3 12 12 -18 22 5 15 5 1 6 21 14 -10 8 15 -11 
5 21 -11 -9 -16 -17 -8 -8 -19 13 -9 23 15 16 -21 12 -15 9 -20 20 
3 20 20 17 16 1 6 7 4 18 6 7 1 22 17 23 4 23 -10 23 
9 17 14 12 -14 5 4 -6 -21 8 18 6 -23 -20 1 15 17 20 -16 4 
6 1 10 -10 -1 6 4 -1 3 -8 13 -10 -20 22 5 0 23 0 19 6 
-3 20 16 15 19 17 14 -23 -6 -19 19 -23 -9 -20 17 -21 -5 15 9 19 
-18 -2 -24 -23 -16 22 -15 21 14 -13 -10 22 2 7 1 4 14 12 -12 -15 
2 11 19 14 23 18 19 13 23 -9 14 12 18 13 6 9 -2 21 -24 -12 
-18 14 21 11 8 19 13 13 -15 -17 6 17 18 14 -17 4 2 19 23 7 
20 24 -14 8 -21 11 23 -22 -1 19 16 -3 -11 3 6 5 11 1 4 23 
23 4 1 11 5 6 3 -11 -3 16 19 -1 -22 23 11 -21 8 -14 24 20 
7 23 19 2 4 -17 14 18 17 6 -17 -15 13 13 19 8 11 21 14 -18 
-12 -24 21 -2 9 6 13 18 12 14 -9 23 13 19 18 23 14 19 11 2 
-15 -12 12 14 4 1 7 2 22 -10 -13 14 21 -15 22 -16 -23 -24 -2 -18 
19 9 15 -5 -21 17 -20 -9 -23 19 -19 -6 -23 14 17 19 15 16 20 -3 
6 19 0 23 0 5 22 -20 -10 13 -8 3 -1 4 6 -1 -10 10 1 6 
4 -16 20 17 15 1 -20 -23 6 18 8 -21 -6 4 5 -14 12 14 17 9 
23 -10 23 4 23 17 22 1 7 6 18 4 7 6 1 16 17 20 20 3 
20 -20 9 -15 12 -21 16 15 23 -9 13 -19 -8 -8 -17 -16 -9 -11 21 5 
-11 15 8 -10 14 21 6 1 5 15 5 22 -18 12 12 3 9 14 23 -22 
114
1
19 3
0 16
0
0
