20 20
1 -13 2 9 5 -13 2 7 9 13 1 3 4 2 5 7 2 9 11 2 
-10 9 12 -2 5 7 7 2 -6 -9 3 12 -10 11 6 -5 10 0 -1 -4 
1 1 12 4 10 6 8 -1 7 11 11 11 -2 -10 0 -5 -1 8 6 3 
-3 13 -2 6 9 2 -10 12 -7 -4 2 1 11 3 0 10 5 13 13 -10 
-13 5 5 10 6 -8 -12 2 10 -2 8 13 12 4 12 10 2 0 0 2 
9 -4 2 -6 3 -6 10 -2 13 -7 -9 4 5 1 12 0 -8 10 7 2 
7 7 13 -1 -1 7 10 1 7 12 2 -3 -3 0 3 3 10 3 -1 12 
5 -1 10 7 -4 4 13 -6 4 2 3 3 -7 3 5 2 6 13 2 -12 
12 9 7 1 9 7 -12 9 -3 7 11 5 12 1 2 13 7 9 4 -3 
4 2 -13 4 12 0 5 -5 8 7 8 -3 8 -2 1 0 12 0 10 9 
9 10 0 12 0 1 -2 8 -3 8 7 8 -5 5 0 12 4 -13 2 4 
-3 4 9 7 13 2 1 12 5 11 7 -3 9 -12 7 9 1 7 9 12 
-12 2 13 6 2 5 3 -7 3 3 2 4 -6 13 4 -4 7 10 -1 5 
12 -1 3 10 3 3 0 -3 -3 2 12 7 1 10 7 -1 -1 13 7 7 
2 7 10 -8 0 12 1 5 4 -9 -7 13 -2 10 -6 3 -6 2 -4 9 
2 0 0 2 10 12 4 12 13 8 -2 10 2 -12 -8 6 10 5 5 -13 
-10 13 13 5 10 0 3 11 1 2 -4 -7 12 -10 2 9 6 -2 13 -3 
3 6 8 -1 -5 0 -10 -2 11 11 11 7 -1 8 6 10 4 12 1 1 
-4 -1 0 10 -5 6 11 -10 12 3 -9 -6 2 7 7 5 -2 12 9 -10 
2 11 9 2 7 5 2 4 3 1 13 9 7 2 -13 5 9 2 -13 1 
79
1
4 15
15 4
0
0
