20 20
16 9 17 5 -7 -9 -17 18 8 10 18 -6 9 -15 21 -3 -23 -9 8 -20 
4 14 -23 28 21 23 17 7 29 -24 -1 -12 10 7 28 8 -14 23 13 18 
27 -16 19 14 18 8 16 28 22 10 19 7 -1 2 14 -16 -12 13 1 19 
15 10 28 12 11 16 14 -15 -11 -9 9 -21 -16 21 -24 4 29 0 20 2 
19 16 21 -9 20 -19 21 5 18 -1 8 8 2 2 15 14 9 -17 26 -28 
19 8 1 -4 2 5 29 2 11 23 4 -12 6 0 -5 24 -2 15 14 28 
22 1 2 21 -12 3 8 21 19 25 7 -3 18 4 21 -13 -27 1 26 -22 
2 -18 25 -18 6 22 14 -11 23 22 0 18 -22 18 -8 7 20 21 13 -1 
24 25 -6 7 -10 24 -5 -22 13 21 -2 2 0 22 10 28 -21 -9 18 -18 
1 22 -7 22 1 -29 22 17 20 3 15 26 0 12 -26 -24 11 20 -19 9 
9 -19 20 11 -24 -26 12 0 26 15 3 20 17 22 -29 1 22 -7 22 1 
-18 18 -9 -21 28 10 22 0 2 -2 21 13 -22 -5 24 -10 7 -6 25 24 
-1 13 21 20 7 -8 18 -22 18 0 22 23 -11 14 22 6 -18 25 -18 2 
-22 26 1 -27 -13 21 4 18 -3 7 25 19 21 8 3 -12 21 2 1 22 
28 14 15 -2 24 -5 0 6 -12 4 23 11 2 29 5 2 -4 1 8 19 
-28 26 -17 9 14 15 2 2 8 8 -1 18 5 21 -19 20 -9 21 16 19 
2 20 0 29 4 -24 21 -16 -21 9 -9 -11 -15 14 16 11 12 28 10 15 
19 1 13 -12 -16 14 2 -1 7 19 10 22 28 16 8 18 14 19 -16 27 
18 13 23 -14 8 28 7 10 -12 -1 -24 29 7 17 23 21 28 -23 14 4 
-20 8 -9 -23 -3 21 -15 9 -6 18 10 8 18 -17 -9 -7 5 17 9 16 
35
1
8 3
11 16
0
0
