20 20
-1 14 6 12 2 3 13 -7 0 -12 4 0 -3 6 10 -1 12 -14 1 9 
-10 14 -14 1 5 7 8 7 3 13 0 9 10 -14 12 5 11 2 1 -7 
7 12 2 1 -12 11 4 8 9 -11 -3 13 -9 1 10 13 1 3 8 -4 
14 3 12 7 -7 5 5 7 -4 0 10 8 5 -10 -11 11 5 3 9 14 
-6 14 12 9 5 -3 12 14 6 -12 13 -11 4 7 13 7 4 1 -14 -11 
14 8 14 6 5 2 12 9 12 8 0 10 3 -14 0 0 7 -1 -8 10 
3 2 4 -8 9 7 9 7 5 -4 5 8 6 7 3 12 13 -1 0 -9 
-9 -13 13 0 14 0 14 7 1 12 13 5 5 5 0 -12 7 11 -11 3 
1 13 -8 6 11 14 13 -11 -10 6 14 8 -6 12 9 8 5 8 -9 3 
4 -8 2 12 -3 11 7 13 -12 -1 4 13 8 -11 -11 -9 -3 9 6 9 
9 6 9 -3 -9 -11 -11 8 13 4 -1 -12 13 7 11 -3 12 2 -8 4 
3 -9 8 5 8 9 12 -6 8 14 6 -10 -11 13 14 11 6 -8 13 1 
3 -11 11 7 -12 0 5 5 5 13 12 1 7 14 0 14 0 13 -13 -9 
-9 0 -1 13 12 3 7 6 8 5 -4 5 7 9 7 9 -8 4 2 3 
10 -8 -1 7 0 0 -14 3 10 0 8 12 9 12 2 5 6 14 8 14 
-11 -14 1 4 7 13 7 4 -11 13 -12 6 14 12 -3 5 9 12 14 -6 
14 9 3 5 11 -11 -10 5 8 10 0 -4 7 5 5 -7 7 12 3 14 
-4 8 3 1 13 10 1 -9 13 -3 -11 9 8 4 11 -12 1 2 12 7 
-7 1 2 11 5 12 -14 10 9 0 13 3 7 8 7 5 1 -14 14 -10 
9 1 -14 12 -1 10 6 -3 0 4 -12 0 -7 13 3 2 12 6 14 -1 
162
1
18 14
1 5
0
0
