20 20
16 5 -6 8 11 -2 -2 16 -21 -21 14 25 21 23 5 -22 2 23 5 1 
2 18 -22 6 22 11 17 0 22 -25 -15 2 8 8 22 24 8 17 25 12 
9 -12 22 -22 3 15 16 -6 16 20 12 7 -24 9 12 3 19 4 -13 19 
13 -25 6 8 25 10 -8 -10 -15 2 6 23 -15 -3 17 22 11 2 19 3 
4 17 15 5 -3 8 13 6 -14 -4 8 17 4 19 -10 23 15 16 -12 23 
22 15 15 22 18 -2 17 -2 12 25 25 -1 -24 8 7 -20 2 2 -13 25 
23 0 16 1 2 23 -9 8 -10 23 -7 13 -18 -18 -17 -24 -15 -2 13 12 
2 15 -22 -12 -14 19 18 2 20 25 8 -23 15 10 -19 -8 19 -17 -20 -2 
4 19 0 14 1 19 -11 -17 -21 -18 -24 23 3 1 4 11 16 23 7 9 
13 22 22 9 4 -15 -24 11 3 -2 7 -24 1 3 14 25 21 9 17 10 
10 17 9 21 25 14 3 1 -24 7 -2 3 11 -24 -15 4 9 22 22 13 
9 7 23 16 11 4 1 3 23 -24 -18 -21 -17 -11 19 1 14 0 19 4 
-2 -20 -17 19 -8 -19 10 15 -23 8 25 20 2 18 19 -14 -12 -22 15 2 
12 13 -2 -15 -24 -17 -18 -18 13 -7 23 -10 8 -9 23 2 1 16 0 23 
25 -13 2 2 -20 7 8 -24 -1 25 25 12 -2 17 -2 18 22 15 15 22 
23 -12 16 15 23 -10 19 4 17 8 -4 -14 6 13 8 -3 5 15 17 4 
3 19 2 11 22 17 -3 -15 23 6 2 -15 -10 -8 10 25 8 6 -25 13 
19 -13 4 19 3 12 9 -24 7 12 20 16 -6 16 15 3 -22 22 -12 9 
12 25 17 8 24 22 8 8 2 -15 -25 22 0 17 11 22 6 -22 18 2 
1 5 23 2 -22 5 23 21 25 14 -21 -21 16 -2 -2 11 8 -6 5 16 
66
1
8 14
11 5
0
0
