20 20
9 24 4 1 -13 11 -15 0 9 -22 13 24 16 21 11 6 -10 22 23 7 
22 21 13 7 17 -8 -5 -16 -11 21 13 -17 20 -18 16 8 6 6 2 -19 
14 10 4 11 1 1 24 -22 13 -16 21 13 18 -25 -12 -19 15 -14 10 17 
2 6 21 3 19 0 17 10 -22 15 24 8 -17 25 -18 25 22 -3 3 -20 
-13 17 -2 23 3 19 20 10 12 8 5 16 14 25 16 11 -14 22 6 17 
-1 16 18 3 19 21 11 24 25 15 1 0 12 24 16 7 11 19 0 24 
-15 -11 10 2 12 -21 17 8 -23 24 15 5 9 17 -1 21 10 -17 12 1 
-25 -3 -4 -13 17 21 21 1 6 16 -11 22 18 -7 11 13 17 -7 13 5 
17 9 -4 25 21 6 8 13 -13 15 -14 -19 10 6 4 18 -4 6 21 -16 
-22 -16 24 17 -24 10 11 5 -6 9 3 7 6 -4 24 1 24 2 5 -24 
-24 5 2 24 1 24 -4 6 7 3 9 -6 5 11 10 -24 17 24 -16 -22 
-16 21 6 -4 18 4 6 10 -19 -14 15 -13 13 8 6 21 25 -4 9 17 
5 13 -7 17 13 11 -7 18 22 -11 16 6 1 21 21 17 -13 -4 -3 -25 
1 12 -17 10 21 -1 17 9 5 15 24 -23 8 17 -21 12 2 10 -11 -15 
24 0 19 11 7 16 24 12 0 1 15 25 24 11 21 19 3 18 16 -1 
17 6 22 -14 11 16 25 14 16 5 8 12 10 20 19 3 23 -2 17 -13 
-20 3 -3 22 25 -18 25 -17 8 24 15 -22 10 17 0 19 3 21 6 2 
17 10 -14 15 -19 -12 -25 18 13 21 -16 13 -22 24 1 1 11 4 10 14 
-19 2 6 6 8 16 -18 20 -17 13 21 -11 -16 -5 -8 17 7 13 21 22 
7 23 22 -10 6 11 21 16 24 13 -22 9 0 -15 11 -13 1 4 24 9 
186
1
16 6
3 13
0
0
