20 20
21 20 -11 11 25 12 0 15 -2 7 -10 5 22 -19 10 23 -23 19 -18 23 
-25 2 14 6 -19 22 13 10 18 22 20 26 6 -20 15 9 17 15 19 18 
11 7 6 -20 23 20 4 18 -2 15 8 6 3 7 1 -2 14 17 23 20 
17 9 7 8 11 12 17 7 23 -17 27 11 0 23 15 -22 -3 25 -13 27 
2 0 4 18 16 25 14 21 -26 12 19 23 -17 15 16 -10 22 12 13 13 
9 18 -23 16 -16 26 -13 -21 -4 3 6 13 22 3 15 3 7 26 13 27 
-25 0 14 3 3 20 -1 18 1 1 21 23 27 7 -11 -24 20 11 20 18 
23 19 -25 10 5 24 26 18 13 3 12 21 10 4 -16 13 27 7 -6 12 
25 23 26 9 1 18 2 7 11 -20 24 15 -1 25 24 2 15 -18 9 -19 
-16 1 7 21 22 20 12 26 -22 9 25 -4 -21 -7 21 27 9 5 -12 22 
22 -12 5 9 27 21 -7 -21 -4 25 9 -22 26 12 20 22 21 7 1 -16 
-19 9 -18 15 2 24 25 -1 15 24 -20 11 7 2 18 1 9 26 23 25 
12 -6 7 27 13 -16 4 10 21 12 3 13 18 26 24 5 10 -25 19 23 
18 20 11 20 -24 -11 7 27 23 21 1 1 18 -1 20 3 3 14 0 -25 
27 13 26 7 3 15 3 22 13 6 3 -4 -21 -13 26 -16 16 -23 18 9 
13 13 12 22 -10 16 15 -17 23 19 12 -26 21 14 25 16 18 4 0 2 
27 -13 25 -3 -22 15 23 0 11 27 -17 23 7 17 12 11 8 7 9 17 
20 23 17 14 -2 1 7 3 6 8 15 -2 18 4 20 23 -20 6 7 11 
18 19 15 17 9 15 -20 6 26 20 22 18 10 13 22 -19 6 14 2 -25 
23 -18 19 -23 23 10 -19 22 5 -10 7 -2 15 0 12 25 11 -11 20 21 
35
1
7 2
12 17
0
0
