20 20
-11 -3 18 0 6 -13 17 15 23 3 16 -6 -25 5 19 2 2 25 8 5 
-11 23 7 9 -4 -1 4 8 -7 6 19 25 21 11 -5 16 -20 6 3 14 
-14 -19 13 2 5 -7 21 12 25 24 4 -6 -8 -16 1 3 23 3 17 13 
20 19 -13 21 1 20 14 16 12 11 19 3 14 4 8 3 15 23 -19 3 
13 2 -14 4 13 25 3 21 6 3 -13 19 -5 14 20 19 20 12 3 -3 
17 -20 -17 1 13 19 5 13 3 -10 10 4 6 -19 10 -1 21 25 -22 23 
-14 10 2 4 23 25 12 23 20 10 -8 -1 -24 -6 3 9 3 -3 3 9 
6 -25 5 4 5 13 13 7 17 11 19 -1 -19 1 2 4 18 1 21 12 
1 21 13 11 -8 21 19 8 1 -1 19 24 22 23 -18 -23 18 10 18 -18 
1 -3 4 20 17 12 3 12 24 2 25 11 12 19 21 2 15 17 21 16 
16 21 17 15 2 21 19 12 11 25 2 24 12 3 12 17 20 4 -3 1 
-18 18 10 18 -23 -18 23 22 24 19 -1 1 8 19 21 -8 11 13 21 1 
12 21 1 18 4 2 1 -19 -1 19 11 17 7 13 13 5 4 5 -25 6 
9 3 -3 3 9 3 -6 -24 -1 -8 10 20 23 12 25 23 4 2 10 -14 
23 -22 25 21 -1 10 -19 6 4 10 -10 3 13 5 19 13 1 -17 -20 17 
-3 3 12 20 19 20 14 -5 19 -13 3 6 21 3 25 13 4 -14 2 13 
3 -19 23 15 3 8 4 14 3 19 11 12 16 14 20 1 21 -13 19 20 
13 17 3 23 3 1 -16 -8 -6 4 24 25 12 21 -7 5 2 13 -19 -14 
14 3 6 -20 16 -5 11 21 25 19 6 -7 8 4 -1 -4 9 7 23 -11 
5 8 25 2 2 19 5 -25 -6 16 3 23 15 17 -13 6 0 18 -3 -11 
198
1
14 10
5 9
0
0
