20 20
6 12 -11 7 7 -2 6 6 2 7 7 -4 -12 3 5 5 2 11 9 2 
6 12 7 -13 4 5 4 6 2 10 -1 12 9 5 -13 -7 4 7 10 12 
5 0 12 -1 13 2 -3 -9 2 7 4 -12 12 8 11 2 0 2 -2 10 
-2 7 2 6 10 -12 0 10 3 -2 12 7 9 12 2 0 3 3 10 9 
-9 -9 1 10 8 -6 2 4 12 3 4 -13 12 12 -10 4 3 5 -2 13 
-6 8 4 2 6 -11 7 12 8 6 2 3 -6 -10 7 8 12 -8 -3 -11 
-11 13 6 4 7 7 2 11 12 12 -8 5 12 -5 6 5 5 3 13 -3 
-4 0 8 6 7 -6 2 7 2 -6 -1 4 1 13 6 -4 10 8 8 4 
9 -12 3 8 12 4 2 13 5 6 5 6 0 -5 6 12 8 13 6 11 
-11 4 1 13 12 11 7 1 3 6 11 9 1 2 4 1 3 8 10 -8 
-8 10 8 3 1 4 2 1 9 11 6 3 1 7 11 12 13 1 4 -11 
11 6 13 8 12 6 -5 0 6 5 6 5 13 2 4 12 8 3 -12 9 
4 8 8 10 -4 6 13 1 4 -1 -6 2 7 2 -6 7 6 8 0 -4 
-3 13 3 5 5 6 -5 12 5 -8 12 12 11 2 7 7 4 6 13 -11 
-11 -3 -8 12 8 7 -10 -6 3 2 6 8 12 7 -11 6 2 4 8 -6 
13 -2 5 3 4 -10 12 12 -13 4 3 12 4 2 -6 8 10 1 -9 -9 
9 10 3 3 0 2 12 9 7 12 -2 3 10 0 -12 10 6 2 7 -2 
10 -2 2 0 2 11 8 12 -12 4 7 2 -9 -3 2 13 -1 12 0 5 
12 10 7 4 -7 -13 5 9 12 -1 10 2 6 4 5 4 -13 7 12 6 
2 9 11 2 5 5 3 -12 -4 7 7 2 6 6 -2 7 7 -11 12 6 
96
1
8 16
11 3
0
0
