20 20
19 24 13 13 10 24 19 14 2 -16 1 17 2 12 12 3 23 23 14 19 
3 17 25 25 16 -1 15 19 25 14 17 19 10 5 -19 -20 15 4 -25 18 
-18 26 4 -2 8 7 1 23 12 3 3 8 7 17 10 3 21 3 7 4 
-19 21 -15 25 -7 11 8 3 18 -16 -11 26 7 8 18 -3 -8 21 -22 -1 
22 24 -6 17 7 22 20 17 12 10 25 10 5 10 7 21 26 -19 26 11 
8 23 -20 5 19 25 -2 25 -8 -4 -21 -11 19 16 8 -11 25 -1 4 -2 
-21 -7 12 22 -25 22 1 8 12 16 1 -3 12 -21 19 4 10 -12 2 -14 
-26 2 2 16 2 4 5 25 -25 -22 6 -11 15 -23 -26 -14 17 18 25 8 
26 -19 0 19 8 24 7 9 8 20 19 22 2 19 8 6 -9 -1 7 -20 
18 1 -3 -3 4 14 13 25 15 -16 -5 13 16 15 -14 -22 9 23 16 23 
23 16 23 9 -22 -14 15 16 13 -5 -16 15 25 13 14 4 -3 -3 1 18 
-20 7 -1 -9 6 8 19 2 22 19 20 8 9 7 24 8 19 0 -19 26 
8 25 18 17 -14 -26 -23 15 -11 6 -22 -25 25 5 4 2 16 2 2 -26 
-14 2 -12 10 4 19 -21 12 -3 1 16 12 8 1 22 -25 22 12 -7 -21 
-2 4 -1 25 -11 8 16 19 -11 -21 -4 -8 25 -2 25 19 5 -20 23 8 
11 26 -19 26 21 7 10 5 10 25 10 12 17 20 22 7 17 -6 24 22 
-1 -22 21 -8 -3 18 8 7 26 -11 -16 18 3 8 11 -7 25 -15 21 -19 
4 7 3 21 3 10 17 7 8 3 3 12 23 1 7 8 -2 4 26 -18 
18 -25 4 15 -20 -19 5 10 19 17 14 25 19 15 -1 16 25 25 17 3 
19 14 23 23 3 12 12 2 17 1 -16 2 14 19 24 10 13 13 24 19 
74
1
5 6
14 13
0
0
