20 20
17 3 -9 5 1 17 12 8 -3 17 16 5 4 12 13 -20 15 13 7 -10 
-2 17 16 0 20 17 11 2 1 20 15 3 14 16 -9 20 -7 -3 6 2 
-7 15 9 -15 -2 4 4 -20 2 11 5 10 6 4 9 4 11 18 19 12 
10 2 9 1 -7 6 16 13 -14 7 5 14 1 16 6 20 10 9 8 18 
19 15 5 -16 1 13 16 10 2 12 -19 5 0 17 15 4 16 5 -19 13 
11 -3 11 9 14 19 -2 4 15 -5 -8 -7 6 11 4 2 7 15 20 16 
14 7 -17 2 7 11 19 6 14 17 15 4 7 -18 6 -13 11 20 14 8 
-20 17 0 2 2 13 20 18 15 -9 -12 16 -17 1 16 14 -10 12 0 17 
11 16 3 16 2 19 8 -3 2 11 18 6 -14 -17 11 13 0 19 -11 -12 
2 13 1 17 2 8 5 -17 14 16 17 -1 3 12 16 -5 4 17 8 12 
12 8 17 4 -5 16 12 3 -1 17 16 14 -17 5 8 2 17 1 13 2 
-12 -11 19 0 13 11 -17 -14 6 18 11 2 -3 8 19 2 16 3 16 11 
17 0 12 -10 14 16 1 -17 16 -12 -9 15 18 20 13 2 2 0 17 -20 
8 14 20 11 -13 6 -18 7 4 15 17 14 6 19 11 7 2 -17 7 14 
16 20 15 7 2 4 11 6 -7 -8 -5 15 4 -2 19 14 9 11 -3 11 
13 -19 5 16 4 15 17 0 5 -19 12 2 10 16 13 1 -16 5 15 19 
18 8 9 10 20 6 16 1 14 5 7 -14 13 16 6 -7 1 9 2 10 
12 19 18 11 4 9 4 6 10 5 11 2 -20 4 4 -2 -15 9 15 -7 
2 6 -3 -7 20 -9 16 14 3 15 20 1 2 11 17 20 0 16 17 -2 
-10 7 13 15 -20 13 12 4 5 16 17 -3 8 12 17 1 5 -9 3 17 
95
1
13 12
6 7
0
0
