20 20
2 9 13 -8 9 -20 13 16 4 16 15 -20 5 3 20 14 -10 -4 12 12 
18 -17 8 -11 16 9 0 18 2 2 19 4 6 -7 2 17 1 19 18 -10 
14 9 10 8 8 19 -2 4 19 18 -13 -9 16 -10 1 11 1 9 -16 14 
-19 9 15 3 15 3 8 -9 17 -1 7 15 -6 15 9 18 1 14 -20 -6 
1 -17 12 8 -4 10 17 0 5 7 8 12 12 -3 8 15 17 19 17 -12 
0 15 20 -4 -16 1 -6 14 -13 19 -19 -9 1 4 1 5 11 -9 11 -15 
-8 7 2 18 3 2 18 19 3 -3 -4 -17 9 17 3 -6 5 6 18 6 
20 1 15 1 15 15 13 2 -19 17 6 10 18 20 17 10 -17 3 20 11 
2 9 -5 -11 12 17 15 8 0 4 0 1 -5 4 15 12 -13 19 11 7 
9 1 -1 2 11 3 18 17 -20 0 9 15 0 19 6 12 5 11 14 -2 
-2 14 11 5 12 6 19 0 15 9 0 -20 17 18 3 11 2 -1 1 9 
7 11 19 -13 12 15 4 -5 1 0 4 0 8 15 17 12 -11 -5 9 2 
11 20 3 -17 10 17 20 18 10 6 17 -19 2 13 15 15 1 15 1 20 
6 18 6 5 -6 3 17 9 -17 -4 -3 3 19 18 2 3 18 2 7 -8 
-15 11 -9 11 5 1 4 1 -9 -19 19 -13 14 -6 1 -16 -4 20 15 0 
-12 17 19 17 15 8 -3 12 12 8 7 5 0 17 10 -4 8 12 -17 1 
-6 -20 14 1 18 9 15 -6 15 7 -1 17 -9 8 3 15 3 15 9 -19 
14 -16 9 1 11 1 -10 16 -9 -13 18 19 4 -2 19 8 8 10 9 14 
-10 18 19 1 17 2 -7 6 4 19 2 2 18 0 9 16 -11 8 -17 18 
12 12 -4 -10 14 20 3 5 -20 15 16 4 16 13 -20 9 -8 13 9 2 
37
1
15 14
4 5
0
0
