20 20
14 -2 -18 4 2 -9 13 -5 9 -1 4 7 -18 6 -15 13 5 10 19 9 
9 15 -2 9 4 15 -3 2 17 8 19 14 16 13 -4 -13 -5 -5 11 20 
10 -8 5 11 -20 18 15 18 -19 7 14 -20 -8 -19 16 12 6 1 16 -11 
17 5 11 16 -17 -17 1 13 3 -5 -17 3 18 -2 2 11 5 18 -5 12 
-20 3 7 16 -7 12 8 17 17 2 2 2 10 18 13 13 9 10 0 15 
7 0 2 1 1 12 20 20 10 3 13 4 20 -3 2 3 -11 -19 19 18 
6 10 14 16 0 12 7 20 18 5 18 -14 8 13 5 10 16 15 5 -4 
7 19 15 9 13 15 1 13 -19 11 -4 8 14 -14 20 13 14 10 9 12 
-9 -11 6 -4 7 -2 16 2 17 12 6 16 8 -20 14 19 -15 20 15 9 
19 -15 1 -7 -16 13 6 12 7 15 20 12 19 8 5 1 13 8 14 14 
14 14 8 13 1 5 8 19 12 20 15 7 12 6 13 -16 -7 1 -15 19 
9 15 20 -15 19 14 -20 8 16 6 12 17 2 16 -2 7 -4 6 -11 -9 
12 9 10 14 13 20 -14 14 8 -4 11 -19 13 1 15 13 9 15 19 7 
-4 5 15 16 10 5 13 8 -14 18 5 18 20 7 12 0 16 14 10 6 
18 19 -19 -11 3 2 -3 20 4 13 3 10 20 20 12 1 1 2 0 7 
15 0 10 9 13 13 18 10 2 2 2 17 17 8 12 -7 16 7 3 -20 
12 -5 18 5 11 2 -2 18 3 -17 -5 3 13 1 -17 -17 16 11 5 17 
-11 16 1 6 12 16 -19 -8 -20 14 7 -19 18 15 18 -20 11 5 -8 10 
20 11 -5 -5 -13 -4 13 16 14 19 8 17 2 -3 15 4 9 -2 15 9 
9 19 10 5 13 -15 6 -18 7 4 -1 9 -5 13 -9 2 4 -18 -2 14 
66
1
5 1
14 18
0
0
