20 20
1 16 -4 13 3 -17 -4 7 -14 0 -18 18 5 0 7 14 4 3 2 17 
-5 -2 11 -16 8 18 12 16 -2 9 0 10 10 -10 1 -18 8 -10 -6 5 
2 -6 -15 16 1 14 14 2 7 4 -18 9 10 11 3 16 -4 11 6 -2 
13 -5 10 -2 18 15 15 15 15 4 18 5 18 -13 13 15 6 10 0 -1 
18 -11 16 14 -4 -6 13 13 5 13 13 5 4 -5 18 16 12 18 11 2 
11 1 16 13 14 14 3 12 9 10 -9 -8 5 16 2 1 15 9 5 12 
16 8 18 0 6 3 5 -5 9 7 5 -12 0 -8 -1 2 9 16 8 -9 
6 -18 3 8 -5 -12 -18 11 -5 -4 13 16 7 15 1 -14 7 6 9 11 
9 16 13 7 8 2 9 -12 12 -18 7 11 9 -15 18 4 15 18 4 0 
2 -8 5 16 6 13 13 5 12 -5 1 0 -17 14 -14 -13 -10 9 12 11 
11 12 9 -10 -13 -14 14 -17 0 1 -5 12 5 13 13 6 16 5 -8 2 
0 4 18 15 4 18 -15 9 11 7 -18 12 -12 9 2 8 7 13 16 9 
11 9 6 7 -14 1 15 7 16 13 -4 -5 11 -18 -12 -5 8 3 -18 6 
-9 8 16 9 2 -1 -8 0 -12 5 7 9 -5 5 3 6 0 18 8 16 
12 5 9 15 1 2 16 5 -8 -9 10 9 12 3 14 14 13 16 1 11 
2 11 18 12 16 18 -5 4 5 13 13 5 13 13 -6 -4 14 16 -11 18 
-1 0 10 6 15 13 -13 18 5 18 4 15 15 15 15 18 -2 10 -5 13 
-2 6 11 -4 16 3 11 10 9 -18 4 7 2 14 14 1 16 -15 -6 2 
5 -6 -10 8 -18 1 -10 10 10 0 9 -2 16 12 18 8 -16 11 -2 -5 
17 2 3 4 14 7 0 5 18 -18 0 -14 7 -4 -17 3 13 -4 16 1 
46
1
17 12
2 7
0
0
