20 20
20 20 -3 16 15 22 19 17 0 9 9 -15 5 16 19 17 16 12 20 -18 
7 21 -8 22 16 19 15 20 15 3 2 10 7 14 -4 8 12 12 18 -8 
2 9 5 23 18 14 11 3 -18 16 10 -5 11 9 8 16 -19 2 1 9 
18 -16 12 5 8 8 -20 4 2 6 12 16 12 4 8 17 20 -6 6 -14 
-16 2 22 13 4 1 13 16 13 6 15 3 -13 17 10 17 14 -7 8 17 
13 12 17 -22 7 -2 16 21 -20 -20 -6 20 14 6 6 -8 14 -5 -16 10 
23 6 8 -19 23 4 21 7 4 7 6 21 -14 5 10 22 3 15 -9 8 
-4 7 -15 3 7 19 -7 -7 2 1 4 20 6 23 8 4 0 10 3 9 
20 14 4 10 13 0 18 4 1 -15 -9 12 12 12 1 -15 -6 13 -9 11 
18 7 14 15 1 5 12 -2 11 10 14 19 4 20 5 -23 13 3 20 21 
21 20 3 13 -23 5 20 4 19 14 10 11 -2 12 5 1 15 14 7 18 
11 -9 13 -6 -15 1 12 12 12 -9 -15 1 4 18 0 13 10 4 14 20 
9 3 10 0 4 8 23 6 20 4 1 2 -7 -7 19 7 3 -15 7 -4 
8 -9 15 3 22 10 5 -14 21 6 7 4 7 21 4 23 -19 8 6 23 
10 -16 -5 14 -8 6 6 14 20 -6 -20 -20 21 16 -2 7 -22 17 12 13 
17 8 -7 14 17 10 17 -13 3 15 6 13 16 13 1 4 13 22 2 -16 
-14 6 -6 20 17 8 4 12 16 12 6 2 4 -20 8 8 5 12 -16 18 
9 1 2 -19 16 8 9 11 -5 10 16 -18 3 11 14 18 23 5 9 2 
-8 18 12 12 8 -4 14 7 10 2 3 15 20 15 19 16 22 -8 21 7 
-18 20 12 16 17 19 16 5 -15 9 9 0 17 19 22 15 16 -3 20 20 
32
1
9 12
10 7
0
0
