20 20
7 5 0 28 2 2 20 19 1 5 21 10 17 -8 3 17 24 -13 -5 3 
29 -17 12 8 22 24 11 10 -11 30 26 9 4 10 21 25 7 -28 27 -14 
-24 16 -11 27 24 -15 -26 14 -5 24 23 8 -2 20 -12 -6 24 -8 14 -1 
6 2 29 14 5 28 15 16 7 2 2 16 30 -29 9 2 26 11 -24 22 
19 3 -4 12 26 -6 8 14 27 -7 17 -3 9 -24 -1 13 21 -7 30 29 
11 22 -12 8 -12 -24 22 -20 8 18 5 3 -1 1 18 9 25 25 -16 15 
23 11 12 25 9 -10 23 19 5 17 9 -24 0 9 17 -6 26 4 30 -19 
-28 20 24 -26 19 25 24 6 26 21 -14 30 6 26 -1 17 -18 9 6 30 
-18 6 9 10 8 5 22 15 27 6 14 1 20 10 17 -26 10 3 9 20 
30 -19 6 26 29 19 26 24 6 20 22 -29 10 4 22 25 6 -9 9 14 
14 9 -9 6 25 22 4 10 -29 22 20 6 24 26 19 29 26 6 -19 30 
20 9 3 10 -26 17 10 20 1 14 6 27 15 22 5 8 10 9 6 -18 
30 6 9 -18 17 -1 26 6 30 -14 21 26 6 24 25 19 -26 24 20 -28 
-19 30 4 26 -6 17 9 0 -24 9 17 5 19 23 -10 9 25 12 11 23 
15 -16 25 25 9 18 1 -1 3 5 18 8 -20 22 -24 -12 8 -12 22 11 
29 30 -7 21 13 -1 -24 9 -3 17 -7 27 14 8 -6 26 12 -4 3 19 
22 -24 11 26 2 9 -29 30 16 2 2 7 16 15 28 5 14 29 2 6 
-1 14 -8 24 -6 -12 20 -2 8 23 24 -5 14 -26 -15 24 27 -11 16 -24 
-14 27 -28 7 25 21 10 4 9 26 30 -11 10 11 24 22 8 12 -17 29 
3 -5 -13 24 17 3 -8 17 10 21 5 1 19 20 2 2 28 0 5 7 
37
1
5 16
14 3
0
0
