20 20
16 -13 1 1 -5 15 17 11 5 10 7 5 16 -7 11 14 1 -14 3 0 
18 12 9 -15 20 -1 -19 14 1 18 20 -4 7 4 12 -16 -2 14 -17 1 
14 1 7 16 13 5 16 4 16 -1 0 4 0 -17 8 12 7 14 8 2 
17 15 7 7 15 6 1 17 15 19 20 2 -5 -17 -3 2 13 12 17 9 
2 2 -14 10 20 5 16 4 7 -12 17 -17 -18 -16 19 -16 15 20 8 20 
9 1 13 13 8 6 5 1 0 18 12 0 11 -6 1 14 8 20 14 -18 
15 -2 4 16 12 3 -11 19 -6 -5 19 14 0 -9 -20 -20 13 15 20 -10 
-19 5 -14 12 -11 4 9 19 18 -9 3 11 19 11 -18 6 -4 13 -16 4 
9 -13 13 19 15 9 1 7 14 3 -13 11 -5 20 19 17 10 5 18 5 
0 3 20 6 -7 18 15 -10 19 2 7 17 -16 1 5 3 8 3 5 20 
20 5 3 8 3 5 1 -16 17 7 2 19 -10 15 18 -7 6 20 3 0 
5 18 5 10 17 19 20 -5 11 -13 3 14 7 1 9 15 19 13 -13 9 
4 -16 13 -4 6 -18 11 19 11 3 -9 18 19 9 4 -11 12 -14 5 -19 
-10 20 15 13 -20 -20 -9 0 14 19 -5 -6 19 -11 3 12 16 4 -2 15 
-18 14 20 8 14 1 -6 11 0 12 18 0 1 5 6 8 13 13 1 9 
20 8 20 15 -16 19 -16 -18 -17 17 -12 7 4 16 5 20 10 -14 2 2 
9 17 12 13 2 -3 -17 -5 2 20 19 15 17 1 6 15 7 7 15 17 
2 8 14 7 12 8 -17 0 4 0 -1 16 4 16 5 13 16 7 1 14 
1 -17 14 -2 -16 12 4 7 -4 20 18 1 14 -19 -1 20 -15 9 12 18 
0 3 -14 1 14 11 -7 16 5 7 10 5 11 17 15 -5 1 1 -13 16 
33
1
8 5
11 14
0
0
