20 20
15 6 17 12 -18 -6 -11 14 -7 0 5 17 11 5 4 8 5 10 2 16 
1 14 18 15 14 5 17 15 15 12 15 16 -12 -15 6 9 -7 6 15 18 
17 4 -15 0 -17 -17 11 -11 -3 -4 -11 6 10 -13 11 16 10 15 -15 -18 
14 17 18 10 -12 9 1 1 1 5 5 7 4 2 -9 -14 9 9 1 9 
17 7 -12 7 -5 2 11 7 -10 5 -1 3 3 -8 7 5 -18 8 3 1 
1 2 17 0 -12 8 12 4 10 9 17 15 12 9 18 -16 6 6 14 14 
6 6 4 8 9 3 16 -15 9 11 13 -16 6 -5 18 1 16 15 -18 5 
5 -10 18 -4 -14 -5 8 -1 1 1 17 -2 17 18 -14 8 8 14 -16 3 
3 14 16 6 11 18 18 -8 3 14 10 -10 16 8 4 -10 18 1 14 -8 
5 0 1 9 7 10 3 18 12 7 17 2 12 -15 -2 7 5 3 -14 13 
13 -14 3 5 7 -2 -15 12 2 17 7 12 18 3 10 7 9 1 0 5 
-8 14 1 18 -10 4 8 16 -10 10 14 3 -8 18 18 11 6 16 14 3 
3 -16 14 8 8 -14 18 17 -2 17 1 1 -1 8 -5 -14 -4 18 -10 5 
5 -18 15 16 1 18 -5 6 -16 13 11 9 -15 16 3 9 8 4 6 6 
14 14 6 6 -16 18 9 12 15 17 9 10 4 12 8 -12 0 17 2 1 
1 3 8 -18 5 7 -8 3 3 -1 5 -10 7 11 2 -5 7 -12 7 17 
9 1 9 9 -14 -9 2 4 7 5 5 1 1 1 9 -12 10 18 17 14 
-18 -15 15 10 16 11 -13 10 6 -11 -4 -3 -11 11 -17 -17 0 -15 4 17 
18 15 6 -7 9 6 -15 -12 16 15 12 15 15 17 5 14 15 18 14 1 
16 2 10 5 8 4 5 11 17 5 0 -7 14 -11 -6 -18 12 17 6 15 
32
1
4 10
15 9
0
0
