20 20
0 -3 1 11 2 1 9 2 -14 18 6 9 19 -7 9 3 16 18 2 16 
13 13 16 -14 18 15 -1 -8 10 8 10 5 -16 13 -18 -17 3 18 2 6 
1 16 -3 6 2 -3 9 0 13 10 5 8 16 15 5 4 5 15 9 1 
-12 11 19 18 17 10 14 18 14 4 12 4 -1 14 1 -8 -8 7 -14 14 
8 -11 5 12 6 1 17 4 -19 18 -10 17 0 9 5 5 10 -2 1 4 
-17 7 15 3 10 -13 18 11 -16 9 13 6 5 9 14 4 12 5 -4 13 
5 8 -1 10 13 19 -17 11 -9 13 19 -4 2 17 19 9 -17 18 11 6 
13 4 0 18 18 19 13 -19 0 -5 5 -16 -8 12 -8 11 -2 4 -2 -6 
-14 14 16 -2 -12 0 9 1 18 8 19 11 4 10 10 -11 12 11 7 19 
-4 18 12 -17 -2 17 3 6 -11 12 5 3 8 12 -5 -8 3 2 1 2 
2 1 2 3 -8 -5 12 8 3 5 12 -11 6 3 17 -2 -17 12 18 -4 
19 7 11 12 -11 10 10 4 11 19 8 18 1 9 0 -12 -2 16 14 -14 
-6 -2 4 -2 11 -8 12 -8 -16 5 -5 0 -19 13 19 18 18 0 4 13 
6 11 18 -17 9 19 17 2 -4 19 13 -9 11 -17 19 13 10 -1 8 5 
13 -4 5 12 4 14 9 5 6 13 9 -16 11 18 -13 10 3 15 7 -17 
4 1 -2 10 5 5 9 0 17 -10 18 -19 4 17 1 6 12 5 -11 8 
14 -14 7 -8 -8 1 14 -1 4 12 4 14 18 14 10 17 18 19 11 -12 
1 9 15 5 4 5 15 16 8 5 10 13 0 9 -3 2 6 -3 16 1 
6 2 18 3 -17 -18 13 -16 5 10 8 10 -8 -1 15 18 -14 16 13 13 
16 2 18 16 3 9 -7 19 9 6 18 -14 2 9 1 2 11 1 -3 0 
63
1
13 19
6 0
0
0
