20 20
-2 13 2 5 -19 16 16 -22 -22 -10 25 21 -4 -20 10 17 0 11 -18 10 
13 -10 13 6 12 -18 -22 13 19 10 14 7 1 0 11 10 25 15 2 -19 
22 24 1 1 19 20 -21 -19 -1 18 6 21 6 2 16 17 13 5 -15 23 
5 -4 20 15 14 16 3 1 25 1 23 19 -9 11 -2 16 -15 23 13 15 
3 4 25 4 9 14 18 18 12 15 -4 -7 4 3 -4 6 13 12 20 5 
25 8 9 -13 20 -16 4 -14 9 0 -18 2 -14 20 11 22 19 -4 20 18 
7 23 -22 -16 -13 -15 -17 20 -11 12 13 14 14 -14 5 12 -1 11 21 -2 
8 22 15 22 -1 8 1 21 11 -12 6 22 15 14 -22 21 5 9 25 12 
1 22 -16 21 7 -20 3 20 -22 17 -19 6 6 3 21 -18 21 5 8 12 
16 1 18 5 14 14 -2 1 21 20 4 17 20 16 21 -23 25 11 19 2 
2 19 11 25 -23 21 16 20 17 4 20 21 1 -2 14 14 5 18 1 16 
12 8 5 21 -18 21 3 6 6 -19 17 -22 20 3 -20 7 21 -16 22 1 
12 25 9 5 21 -22 14 15 22 6 -12 11 21 1 8 -1 22 15 22 8 
-2 21 11 -1 12 5 -14 14 14 13 12 -11 20 -17 -15 -13 -16 -22 23 7 
18 20 -4 19 22 11 20 -14 2 -18 0 9 -14 4 -16 20 -13 9 8 25 
5 20 12 13 6 -4 3 4 -7 -4 15 12 18 18 14 9 4 25 4 3 
15 13 23 -15 16 -2 11 -9 19 23 1 25 1 3 16 14 15 20 -4 5 
23 -15 5 13 17 16 2 6 21 6 18 -1 -19 -21 20 19 1 1 24 22 
-19 2 15 25 10 11 0 1 7 14 10 19 13 -22 -18 12 6 13 -10 13 
10 -18 11 0 17 10 -20 -4 21 25 -10 -22 -22 16 16 -19 5 2 13 -2 
78
1
4 17
15 2
0
0
