20 20
11 10 3 17 17 -9 1 11 -15 6 2 9 10 -17 11 18 16 9 8 19 
15 -12 13 3 15 -18 9 14 0 6 19 4 19 -6 14 -15 17 18 -9 10 
13 1 6 15 -11 1 4 14 14 10 1 18 4 1 10 13 4 -18 -10 6 
-17 -4 -4 13 12 8 15 11 10 3 11 0 -6 0 9 18 12 6 5 4 
2 19 2 -17 2 -7 -14 17 0 14 -11 13 1 -18 17 5 11 5 19 -19 
-11 12 7 14 4 1 6 18 13 4 14 1 8 10 7 15 13 5 -6 -13 
10 13 14 -6 -7 13 1 7 -8 -7 14 16 6 14 -11 11 16 -7 -13 18 
-5 -12 5 19 17 9 -12 17 19 11 -17 -14 8 5 1 18 3 1 14 -12 
6 9 8 -15 -17 -18 8 1 0 16 1 -12 -17 -9 2 18 6 16 1 3 
18 10 7 -9 15 12 9 17 14 6 4 -7 -8 5 -10 16 -14 0 3 11 
11 3 0 -14 16 -10 5 -8 -7 4 6 14 17 9 12 15 -9 7 10 18 
3 1 16 6 18 2 -9 -17 -12 1 16 0 1 8 -18 -17 -15 8 9 6 
-12 14 1 3 18 1 5 8 -14 -17 11 19 17 -12 9 17 19 5 -12 -5 
18 -13 -7 16 11 -11 14 6 16 14 -7 -8 7 1 13 -7 -6 14 13 10 
-13 -6 5 13 15 7 10 8 1 14 4 13 18 6 1 4 14 7 12 -11 
-19 19 5 11 5 17 -18 1 13 -11 14 0 17 -14 -7 2 -17 2 19 2 
4 5 6 12 18 9 0 -6 0 11 3 10 11 15 8 12 13 -4 -4 -17 
6 -10 -18 4 13 10 1 4 18 1 10 14 14 4 1 -11 15 6 1 13 
10 -9 18 17 -15 14 -6 19 4 19 6 0 14 9 -18 15 3 13 -12 15 
19 8 9 16 18 11 -17 10 9 2 6 -15 11 1 -9 17 17 3 10 11 
144
1
14 15
5 4
0
0
