20 20
-7 16 0 -11 11 9 12 18 2 10 8 11 3 11 10 1 -8 14 10 0 
1 0 14 15 -7 0 3 -6 1 -5 16 -9 15 13 -10 -1 1 11 7 -1 
6 7 6 2 4 15 14 -10 6 9 3 -12 16 -16 5 7 18 7 3 16 
-13 3 -13 15 3 16 5 1 12 0 4 0 -9 -12 -1 -15 6 -1 3 3 
11 0 -1 -17 15 18 1 12 -12 2 3 6 8 18 11 4 1 11 8 7 
2 12 5 7 17 -1 4 15 1 2 -12 -12 15 15 16 18 6 7 -18 18 
16 4 9 -3 18 17 -10 12 8 3 -7 18 0 5 13 15 5 4 2 3 
1 -16 6 -3 16 -1 9 9 2 13 4 1 14 17 15 -13 15 14 -3 1 
8 4 8 13 -8 -12 -11 9 4 18 16 -9 15 5 5 2 14 1 -16 3 
6 -17 -7 18 -3 -15 7 12 16 -17 -13 15 -6 18 15 6 12 2 9 -1 
-1 9 2 12 6 15 18 -6 15 -13 -17 16 12 7 -15 -3 18 -7 -17 6 
3 -16 1 14 2 5 5 15 -9 16 18 4 9 -11 -12 -8 13 8 4 8 
1 -3 14 15 -13 15 17 14 1 4 13 2 9 9 -1 16 -3 6 -16 1 
3 2 4 5 15 13 5 0 18 -7 3 8 12 -10 17 18 -3 9 4 16 
18 -18 7 6 18 16 15 15 -12 -12 2 1 15 4 -1 17 7 5 12 2 
7 8 11 1 4 11 18 8 6 3 2 -12 12 1 18 15 -17 -1 0 11 
3 3 -1 6 -15 -1 -12 -9 0 4 0 12 1 5 16 3 15 -13 3 -13 
16 3 7 18 7 5 -16 16 -12 3 9 6 -10 14 15 4 2 6 7 6 
-1 7 11 1 -1 -10 13 15 -9 16 -5 1 -6 3 0 -7 15 14 0 1 
0 10 14 -8 1 10 11 3 11 8 10 2 18 12 9 11 -11 0 16 -7 
85
1
19 2
0 17
0
0
