20 20
1 13 -5 -28 24 -8 28 16 -20 1 -1 16 24 20 -16 -3 23 -17 14 11 
8 22 26 28 14 4 21 -13 -5 10 16 24 18 22 8 -9 22 26 -28 20 
12 -26 24 26 -10 12 12 9 11 4 25 -14 -8 23 5 19 12 27 -8 19 
14 8 28 -13 28 4 -20 10 -10 -21 27 16 1 15 16 23 -25 -6 -8 -4 
-10 -9 6 12 21 -23 20 22 11 23 16 6 27 1 9 -2 2 1 12 19 
20 14 -24 15 25 -25 18 -28 -3 19 -14 -27 20 -21 16 -23 -14 -24 14 7 
-15 25 24 27 -9 26 28 -1 -16 10 28 26 15 26 20 -19 8 13 12 9 
-4 16 12 3 21 -6 14 18 21 4 28 21 -3 23 27 2 -19 -14 11 -26 
0 12 13 -23 -24 15 19 22 19 -25 -13 4 12 -26 19 -1 12 27 3 -2 
18 17 -17 -10 5 7 12 9 11 18 27 24 25 18 7 -25 -13 3 -8 4 
4 -8 3 -13 -25 7 18 25 24 27 18 11 9 12 7 5 -10 -17 17 18 
-2 3 27 12 -1 19 -26 12 4 -13 -25 19 22 19 15 -24 -23 13 12 0 
-26 11 -14 -19 2 27 23 -3 21 28 4 21 18 14 -6 21 3 12 16 -4 
9 12 13 8 -19 20 26 15 26 28 10 -16 -1 28 26 -9 27 24 25 -15 
7 14 -24 -14 -23 16 -21 20 -27 -14 19 -3 -28 18 -25 25 15 -24 14 20 
19 12 1 2 -2 9 1 27 6 16 23 11 22 20 -23 21 12 6 -9 -10 
-4 -8 -6 -25 23 16 15 1 16 27 -21 -10 10 -20 4 28 -13 28 8 14 
19 -8 27 12 19 5 23 -8 -14 25 4 11 9 12 12 -10 26 24 -26 12 
20 -28 26 22 -9 8 22 18 24 16 10 -5 -13 21 4 14 28 26 22 8 
11 14 -17 23 -3 -16 20 24 16 -1 1 -20 16 28 -8 24 -28 -5 13 1 
65
1
11 8
8 11
0
0
