20 20
16 -24 25 14 15 2 0 22 -11 -28 8 2 4 7 -16 -2 10 6 29 29 
-16 30 -13 3 3 26 18 26 -6 26 25 6 11 5 11 16 16 12 -10 13 
26 12 5 -5 -17 -18 -5 -11 3 -24 20 27 22 10 20 26 20 -3 9 30 
27 30 11 21 2 18 15 12 6 0 12 -14 18 18 21 17 8 29 19 19 
0 15 18 -2 26 7 21 -1 22 5 -27 9 28 23 18 23 17 16 3 21 
8 15 21 4 7 -11 15 -12 10 -11 14 15 16 25 28 4 25 -29 28 19 
1 20 15 0 5 23 13 1 28 -7 24 9 6 2 6 -3 11 24 -19 16 
6 23 17 23 7 5 30 -16 5 16 1 -9 -5 3 -11 1 -8 10 23 26 
-22 24 27 9 20 20 3 -11 24 -12 28 25 25 2 -10 18 11 18 -5 29 
9 3 25 28 27 -10 7 20 25 20 18 15 -15 9 15 11 16 24 1 2 
2 1 24 16 11 15 9 -15 15 18 20 25 20 7 -10 27 28 25 3 9 
29 -5 18 11 18 -10 2 25 25 28 -12 24 -11 3 20 20 9 27 24 -22 
26 23 10 -8 1 -11 3 -5 -9 1 16 5 -16 30 5 7 23 17 23 6 
16 -19 24 11 -3 6 2 6 9 24 -7 28 1 13 23 5 0 15 20 1 
19 28 -29 25 4 28 25 16 15 14 -11 10 -12 15 -11 7 4 21 15 8 
21 3 16 17 23 18 23 28 9 -27 5 22 -1 21 7 26 -2 18 15 0 
19 19 29 8 17 21 18 18 -14 12 0 6 12 15 18 2 21 11 30 27 
30 9 -3 20 26 20 10 22 27 20 -24 3 -11 -5 -18 -17 -5 5 12 26 
13 -10 12 16 16 11 5 11 6 25 26 -6 26 18 26 3 3 -13 30 -16 
29 29 6 10 -2 -16 7 4 2 8 -28 -11 22 0 2 15 14 25 -24 16 
40
1
19 3
0 16
0
0
