20 20
29 17 17 10 13 3 7 20 21 -20 -29 -7 19 -12 18 20 -13 12 19 17 
23 23 3 -28 2 11 23 2 26 12 23 27 -13 -7 -7 27 24 9 2 -22 
-6 29 17 7 11 12 9 -10 -27 -23 17 6 -23 -4 1 15 -9 11 3 -18 
9 1 2 -29 17 18 3 25 24 17 2 -26 -21 -8 10 -21 20 -2 -12 11 
29 2 -2 2 -12 3 -25 -14 6 0 0 6 13 24 12 15 -23 -7 21 3 
25 -19 4 4 -9 -17 19 26 27 5 5 7 21 2 -2 -1 25 4 22 12 
0 13 29 15 3 19 29 -6 27 25 25 4 12 -27 24 1 -28 22 26 -20 
-10 -4 14 12 -23 15 0 -5 3 6 21 22 -26 21 22 3 22 24 12 17 
25 -7 2 -8 29 28 7 -29 20 11 3 25 5 -1 -16 20 5 14 -27 -14 
9 7 7 25 9 16 19 -13 27 19 4 8 11 25 -19 4 16 13 2 22 
22 2 13 16 4 -19 25 11 8 4 19 27 -13 19 16 9 25 7 7 9 
-14 -27 14 5 20 -16 -1 5 25 3 11 20 -29 7 28 29 -8 2 -7 25 
17 12 24 22 3 22 21 -26 22 21 6 3 -5 0 15 -23 12 14 -4 -10 
-20 26 22 -28 1 24 -27 12 4 25 25 27 -6 29 19 3 15 29 13 0 
12 22 4 25 -1 -2 2 21 7 5 5 27 26 19 -17 -9 4 4 -19 25 
3 21 -7 -23 15 12 24 13 6 0 0 6 -14 -25 3 -12 2 -2 2 29 
11 -12 -2 20 -21 10 -8 -21 -26 2 17 24 25 3 18 17 -29 2 1 9 
-18 3 11 -9 15 1 -4 -23 6 17 -23 -27 -10 9 12 11 7 17 29 -6 
-22 2 9 24 27 -7 -7 -13 27 23 12 26 2 23 11 2 -28 3 23 23 
17 19 12 -13 20 18 -12 19 -7 -29 -20 21 20 7 3 13 10 17 17 29 
154
1
7 1
12 18
0
0
