20 20
17 8 16 -15 17 -5 11 9 9 5 14 18 -16 -16 -6 3 3 13 8 0 
9 4 16 17 -2 10 16 11 -10 10 16 16 5 3 -14 6 3 18 4 3 
1 1 12 -5 10 -2 17 12 -10 15 16 7 11 6 3 9 -10 -6 13 -14 
16 14 11 12 6 4 0 6 0 -6 3 3 9 -17 16 8 16 15 2 -14 
9 5 10 -12 8 16 1 18 2 1 -17 14 2 -1 12 -6 14 8 15 -2 
1 -12 10 -2 -6 12 -17 5 15 1 18 11 4 5 10 -10 -7 -12 1 16 
-14 0 13 0 7 -18 0 10 7 2 12 -1 -7 16 2 13 -18 14 -18 15 
5 -3 -18 7 3 -2 17 4 17 -7 11 -7 18 7 17 8 7 14 14 8 
12 17 9 -15 16 -17 -18 -2 3 4 7 -7 4 -3 0 -13 2 11 8 5 
17 8 -6 -5 7 12 -1 7 -3 16 17 18 0 1 -8 9 11 17 16 3 
3 16 17 11 9 -8 1 0 18 17 16 -3 7 -1 12 7 -5 -6 8 17 
5 8 11 2 -13 0 -3 4 -7 7 4 3 -2 -18 -17 16 -15 9 17 12 
8 14 14 7 8 17 7 18 -7 11 -7 17 4 17 -2 3 7 -18 -3 5 
15 -18 14 -18 13 2 16 -7 -1 12 2 7 10 0 -18 7 0 13 0 -14 
16 1 -12 -7 -10 10 5 4 11 18 1 15 5 -17 12 -6 -2 10 -12 1 
-2 15 8 14 -6 12 -1 2 14 -17 1 2 18 1 16 8 -12 10 5 9 
-14 2 15 16 8 16 -17 9 3 3 -6 0 6 0 4 6 12 11 14 16 
-14 13 -6 -10 9 3 6 11 7 16 15 -10 12 17 -2 10 -5 12 1 1 
3 4 18 3 6 -14 3 5 16 16 10 -10 11 16 10 -2 17 16 4 9 
0 8 13 3 3 -6 -16 -16 18 14 5 9 9 11 -5 17 -15 16 8 17 
78
1
13 1
6 18
0
0
