20 20
-1 0 11 -16 9 8 11 21 14 -25 21 25 20 21 1 12 11 16 9 21 
5 20 1 5 6 6 2 -27 10 -18 24 25 7 4 17 14 0 14 19 4 
10 9 10 25 6 -9 -1 26 2 16 27 14 2 25 20 -23 -9 -11 -13 17 
8 1 6 13 28 22 -8 -9 -23 24 -26 3 27 20 25 11 -25 10 15 11 
-14 24 3 -8 -23 -27 21 10 5 28 18 5 7 17 4 -22 6 7 4 17 
-19 10 17 16 1 -5 6 1 3 28 7 -26 16 -5 7 12 -16 10 2 11 
0 18 17 -2 15 2 20 -23 24 23 -14 -16 2 27 7 20 15 25 15 -7 
24 23 27 18 19 17 -19 17 13 6 28 11 11 20 2 -12 -8 11 12 14 
26 16 4 16 -5 -1 14 0 21 28 10 -4 7 7 19 25 3 21 10 -26 
6 -21 27 15 -17 -20 13 -25 5 6 -6 18 -10 18 6 6 -9 9 16 8 
8 16 9 -9 6 6 18 -10 18 -6 6 5 -25 13 -20 -17 15 27 -21 6 
-26 10 21 3 25 19 7 7 -4 10 28 21 0 14 -1 -5 16 4 16 26 
14 12 11 -8 -12 2 20 11 11 28 6 13 17 -19 17 19 18 27 23 24 
-7 15 25 15 20 7 27 2 -16 -14 23 24 -23 20 2 15 -2 17 18 0 
11 2 10 -16 12 7 -5 16 -26 7 28 3 1 6 -5 1 16 17 10 -19 
17 4 7 6 -22 4 17 7 5 18 28 5 10 21 -27 -23 -8 3 24 -14 
11 15 10 -25 11 25 20 27 3 -26 24 -23 -9 -8 22 28 13 6 1 8 
17 -13 -11 -9 -23 20 25 2 14 27 16 2 26 -1 -9 6 25 10 9 10 
4 19 14 0 14 17 4 7 25 24 -18 10 -27 2 6 6 5 1 20 5 
21 9 16 11 12 1 21 20 25 21 -25 14 21 11 8 9 -16 11 0 -1 
88
1
13 11
6 8
0
0
