20 20
7 9 5 10 10 -12 13 11 -10 -7 2 2 15 -4 4 9 8 -16 8 16 
7 -2 6 -6 5 2 9 15 -7 10 7 16 2 -3 12 4 -2 15 15 3 
14 -13 4 -7 15 16 0 11 -3 13 13 1 11 7 -8 15 12 -16 5 -12 
7 -2 -2 2 10 -9 -9 3 8 15 13 5 1 10 12 6 5 16 16 8 
6 4 3 1 8 9 -4 17 9 12 12 7 -12 10 16 9 11 -6 9 -11 
5 14 10 3 5 11 -10 17 9 12 -3 11 -16 11 -6 8 15 8 17 5 
6 4 2 -2 -16 2 2 -17 -13 11 1 -13 15 14 -12 -6 -15 -14 -1 14 
8 8 16 12 7 3 -6 9 14 3 16 1 -13 2 13 4 12 -16 11 13 
12 0 5 6 10 14 9 16 15 15 -3 11 16 4 1 0 -1 -16 12 14 
13 2 14 10 -17 17 1 -1 4 -10 11 1 -13 -9 2 4 14 16 -9 10 
10 -9 16 14 4 2 -9 -13 1 11 -10 4 -1 1 17 -17 10 14 2 13 
14 12 -16 -1 0 1 4 16 11 -3 15 15 16 9 14 10 6 5 0 12 
13 11 -16 12 4 13 2 -13 1 16 3 14 9 -6 3 7 12 16 8 8 
14 -1 -14 -15 -6 -12 14 15 -13 1 11 -13 -17 2 2 -16 -2 2 4 6 
5 17 8 15 8 -6 11 -16 11 -3 12 9 17 -10 11 5 3 10 14 5 
-11 9 -6 11 9 16 10 -12 7 12 12 9 17 -4 9 8 1 3 4 6 
8 16 16 5 6 12 10 1 5 13 15 8 3 -9 -9 10 2 -2 -2 7 
-12 5 -16 12 15 -8 7 11 1 13 13 -3 11 0 16 15 -7 4 -13 14 
3 15 15 -2 4 12 -3 2 16 7 10 -7 15 9 2 5 -6 6 -2 7 
16 8 -16 8 9 4 -4 15 2 2 -7 -10 11 13 -12 10 10 5 9 7 
71
1
7 3
12 16
0
0
