20 20
5 -15 -19 -24 20 8 -12 10 5 14 25 3 -18 4 13 2 21 6 6 23 
21 11 -20 4 19 -27 8 2 24 -21 8 20 2 1 -2 -16 6 -22 12 13 
-2 14 8 2 12 15 -11 11 24 26 19 3 10 24 8 22 -4 -19 9 23 
19 -12 6 27 17 -3 26 -15 -15 15 7 5 10 13 16 16 14 -14 21 24 
19 5 -1 5 10 8 -6 6 24 23 20 16 0 27 26 1 -3 11 15 -20 
-8 0 15 7 6 -13 25 27 1 21 3 -18 2 10 20 -4 13 -16 0 -20 
6 -22 -24 4 -17 23 11 17 20 0 18 9 14 12 14 15 19 -9 -1 -6 
14 -3 -12 -10 8 9 15 3 18 7 3 7 5 6 3 14 15 19 18 23 
16 18 12 19 -1 -27 -5 18 10 10 19 -25 26 2 -15 9 7 6 25 6 
-22 -27 6 1 11 21 -12 3 1 0 14 20 26 10 24 3 -7 -21 5 15 
15 5 -21 -7 3 24 10 26 20 14 0 1 3 -12 21 11 1 6 -27 -22 
6 25 6 7 9 -15 2 26 -25 19 10 10 18 -5 -27 -1 19 12 18 16 
23 18 19 15 14 3 6 5 7 3 7 18 3 15 9 8 -10 -12 -3 14 
-6 -1 -9 19 15 14 12 14 9 18 0 20 17 11 23 -17 4 -24 -22 6 
-20 0 -16 13 -4 20 10 2 -18 3 21 1 27 25 -13 6 7 15 0 -8 
-20 15 11 -3 1 26 27 0 16 20 23 24 6 -6 8 10 5 -1 5 19 
24 21 -14 14 16 16 13 10 5 7 15 -15 -15 26 -3 17 27 6 -12 19 
23 9 -19 -4 22 8 24 10 3 19 26 24 11 -11 15 12 2 8 14 -2 
13 12 -22 6 -16 -2 1 2 20 8 -21 24 2 8 -27 19 4 -20 11 21 
23 6 6 21 2 13 4 -18 3 25 14 5 10 -12 8 20 -24 -19 -15 5 
71
1
8 3
11 16
0
0
